1 121 215 67 67 
1 385 286 65 65 
1 546 167 48 48 
1 540 49 34 34 
1 493 353 31 31 
1 231 364 33 33 
1 0 53 21 26 
1 324 232 29 30 
1 330 69 38 38 
1 120 206 77 79 
1 323 229 31 33 
1 388 288 63 61 
1 540 159 43 52 
1 541 44 38 41 
1 515 118 29 28 
1 141 319 26 23 
1 63 189 28 28 
1 332 69 37 36 
1 168 41 27 28 
1 242 15 23 22 
1 0 41 28 41 
1 4 257 13 19 
1 53 258 23 16 
1 3 205 22 25 
1 440 162 25 27 
1 525 230 20 23 
1 423 7 37 38 
1 425 101 18 20 
1 391 257 18 20 
1 373 251 15 20 
1 303 332 21 21 
1 138 101 18 19 
1 195 120 15 14 
1 64 155 19 20 
1 5 148 23 25 
1 224 265 22 23 
1 530 268 16 17 
1 489 275 14 14 
1 369 167 13 12 
1 321 152 10 10 
1 340 130 11 17 
1 314 200 20 15 
1 278 214 12 17 
1 301 11 14 20 
1 358 35 13 16 
1 500 50 28 23 
1 198 342 18 17 
1 98 67 15 14 
1 3 334 22 16 
