1 461 244 31 31 
1 553 366 28 28 
1 35 235 26 26 
1 508 295 30 25 
1 459 247 34 27 
1 244 326 28 26 
1 162 62 19 22 
1 230 59 17 18 
1 262 89 34 34 
1 264 52 11 10 
1 364 111 20 20 
1 423 96 17 19 
1 5 163 34 27 
1 34 232 30 33 
1 61 278 16 20 
1 96 250 21 23 
1 86 189 18 17 
1 86 218 20 19 
1 317 294 27 26 
1 280 275 20 24 
1 206 289 19 19 
1 253 237 20 18 
1 549 364 34 31 
1 479 226 20 17 
1 563 208 23 20 
1 585 244 15 21 
1 417 5 18 15 
1 372 69 16 16 
1 321 175 15 19 
1 384 205 25 23 
1 392 168 15 15 
1 185 185 16 19 
1 282 124 14 14 
1 73 57 16 22 
1 18 88 20 19 
1 4 65 14 12 
1 54 184 17 17 
1 4 310 17 17 
1 102 378 17 14 
1 197 373 19 16 
1 91 336 12 12 
1 171 199 20 21 
1 82 103 11 13 
1 124 118 9 10 
1 131 106 10 12 
1 132 64 21 20 
1 184 58 15 17 
1 207 47 13 12 
1 238 47 13 14 
1 208 113 13 15 
1 176 153 13 15 
1 282 162 16 12 
1 263 142 16 13 
1 305 124 19 17 
1 327 127 17 16 
1 295 148 11 15 
1 279 230 15 14 
1 256 214 11 13 
1 160 311 13 12 
1 181 305 16 15 
1 469 21 16 17 
1 279 10 14 13 
1 302 18 12 12 
1 303 39 14 14 
1 480 130 15 13 
1 468 139 16 16 
1 531 132 19 14 
1 184 266 18 15 
1 344 282 18 19 
1 351 262 18 16 
1 255 354 18 15 
1 390 360 16 14 
1 314 315 24 18 
