1 174 308 30 31 
1 35 120 28 28 
1 180 213 22 23 
1 176 310 27 27 
1 208 351 24 21 
1 85 384 17 15 
1 65 374 17 17 
1 116 365 13 12 
1 88 355 13 13 
1 6 293 11 12 
1 6 234 13 12 
1 32 118 35 36 
1 402 342 21 19 
1 464 324 20 20 
1 364 383 19 17 
1 393 389 22 11 
1 132 374 16 16 
1 10 273 15 16 
1 69 244 15 16 
1 129 149 17 18 
1 294 55 19 20 
1 159 26 17 19 
1 216 28 12 15 
1 231 27 13 16 
1 495 15 23 25 
1 579 35 17 19 
1 574 72 26 21 
1 414 173 20 24 
1 519 149 14 18 
1 520 205 13 18 
1 553 162 22 29 
1 546 314 20 21 
1 459 357 13 14 
1 279 149 13 17 
1 347 83 17 21 
1 416 43 18 22 
1 421 234 20 21 
1 329 199 14 20 
1 355 206 13 16 
1 154 250 16 15 
1 12 182 16 14 
1 19 197 16 12 
1 2 200 12 13 
1 263 106 19 19 
1 300 90 14 14 
1 247 341 12 14 
1 226 328 14 15 
1 245 189 15 22 
1 153 106 16 18 
1 101 186 15 17 
1 117 190 16 15 
1 527 127 17 23 
1 509 55 17 20 
1 532 15 10 14 
1 298 342 16 15 
1 216 222 18 19 
1 202 204 13 13 
1 59 271 16 15 
1 110 108 19 19 
1 512 109 16 15 
1 557 141 12 12 
1 237 0 56 71 
1 149 180 15 17 
1 585 165 13 17 
1 455 53 15 17 
1 465 22 12 18 
1 336 113 18 18 
1 277 227 15 13 
1 313 255 10 11 
1 334 262 13 12 
1 474 240 10 13 
1 568 257 13 15 
1 453 180 12 13 
1 59 307 13 15 
1 171 149 12 14 
1 190 60 14 16 
1 508 342 15 16 
1 65 0 19 17 
1 133 21 15 16 
