1 391 16 30 30 
1 272 264 29 29 
1 461 295 28 27 
1 204 320 29 29 
1 229 363 26 27 
1 460 294 30 28 
1 556 247 22 21 
1 268 260 32 33 
1 256 202 24 23 
1 263 133 21 18 
1 317 109 19 18 
1 364 153 19 19 
1 355 211 19 18 
1 207 323 25 26 
1 227 364 25 22 
1 281 362 12 11 
1 399 364 14 14 
1 493 370 17 18 
1 519 307 22 24 
1 422 276 20 20 
1 390 234 16 16 
1 366 307 12 13 
1 241 338 14 11 
1 265 322 10 12 
1 228 232 14 16 
1 448 76 27 29 
1 386 18 35 30 
1 464 47 20 23 
1 561 137 16 13 
1 419 235 23 18 
1 436 322 14 16 
1 264 96 14 19 
1 272 74 13 12 
1 289 87 15 13 
1 366 192 17 14 
1 380 291 17 12 
1 379 281 10 10 
1 449 202 13 13 
1 339 99 15 17 
1 369 100 11 11 
1 375 121 11 14 
1 519 280 10 12 
1 519 104 11 15 
1 587 184 13 15 
1 307 1 21 18 
1 531 387 14 13 
1 440 40 15 17 
1 302 55 16 13 
1 228 40 10 12 
1 237 49 10 11 
1 253 64 12 13 
1 315 108 24 23 
1 341 101 12 13 
1 369 100 11 10 
1 362 71 13 13 
1 348 77 14 12 
1 378 4 25 18 
1 392 18 33 30 
1 363 153 22 21 
1 347 151 9 10 
1 366 190 20 18 
1 355 210 22 21 
1 391 234 14 15 
1 379 223 11 12 
1 377 251 12 14 
1 370 274 9 9 
1 378 281 12 10 
1 382 289 13 14 
1 366 307 11 13 
1 398 362 19 18 
1 437 322 14 17 
1 461 293 30 29 
1 424 277 17 18 
1 492 370 19 19 
1 504 349 11 13 
1 519 308 24 22 
1 520 281 9 11 
1 540 280 14 13 
1 557 247 21 21 
1 530 208 14 12 
1 588 184 13 16 
1 562 135 15 16 
1 559 107 16 18 
1 538 87 15 17 
1 554 86 16 19 
1 518 105 14 12 
1 498 79 14 13 
1 482 45 13 12 
1 450 75 28 28 
1 461 48 31 27 
1 440 41 13 15 
1 178 1 16 18 
1 177 44 14 16 
1 180 74 19 20 
1 201 122 12 13 
1 205 111 9 10 
1 193 163 10 12 
1 206 154 8 9 
1 207 179 11 11 
1 214 189 9 11 
1 209 207 12 13 
1 210 234 8 9 
1 213 227 8 9 
1 221 226 9 11 
1 229 232 12 14 
1 246 238 13 13 
1 235 257 11 11 
1 219 270 12 12 
1 230 277 8 10 
1 243 289 12 11 
1 201 291 11 11 
1 197 305 9 10 
1 205 321 30 32 
1 241 338 11 13 
1 226 362 28 25 
1 250 377 12 13 
1 281 362 15 14 
1 266 322 12 14 
1 280 321 11 12 
1 268 259 37 34 
1 255 203 26 28 
1 258 129 10 10 
1 264 135 19 18 
1 283 127 11 10 
1 263 98 15 15 
1 288 87 14 12 
1 279 95 12 11 
1 271 73 13 12 
1 303 55 13 14 
1 290 12 14 13 
1 306 3 21 17 
1 420 234 20 21 
1 450 203 13 12 
1 449 193 10 11 
1 478 199 12 13 
1 437 162 15 13 
1 451 175 13 11 
1 450 126 13 14 
1 467 119 10 11 
1 479 122 8 9 
1 488 105 13 11 
1 399 156 12 13 
1 532 385 15 15 
1 583 291 11 13 
1 326 268 10 11 
1 313 255 12 12 
1 327 256 11 11 
1 338 248 12 11 
1 460 384 9 9 
1 466 390 18 12 
1 272 390 11 12 
1 453 223 11 14 
1 415 204 14 15 
1 269 374 12 12 
1 375 120 13 14 
1 401 81 10 12 
1 404 48 9 9 
1 343 61 13 11 
1 317 60 9 10 
1 317 46 10 11 
1 543 226 18 19 
1 282 304 11 13 
1 270 72 17 15 
1 304 3 25 21 
1 291 8 16 19 
1 380 5 18 19 
1 391 18 31 30 
1 300 53 18 19 
1 237 49 10 11 
1 256 25 14 17 
1 344 71 21 20 
1 262 98 19 16 
1 276 90 17 18 
1 289 83 20 19 
1 315 106 27 25 
1 447 75 31 29 
1 461 46 29 28 
1 437 42 16 17 
1 367 97 16 15 
1 340 101 15 17 
1 262 133 23 21 
1 280 125 16 8 
1 372 120 13 16 
1 482 43 15 16 
1 517 104 17 15 
1 497 79 14 16 
1 559 134 18 17 
1 536 83 24 26 
1 362 152 26 25 
1 399 155 14 14 
1 437 160 15 18 
1 253 204 30 24 
1 268 260 38 36 
1 204 320 31 32 
1 238 333 16 21 
1 265 320 13 15 
1 280 319 15 15 
1 422 277 21 19 
1 418 235 24 21 
1 368 190 18 17 
1 353 210 26 21 
1 391 233 17 21 
1 376 250 16 17 
1 381 286 15 10 
1 364 305 16 16 
1 459 291 35 35 
1 515 306 31 26 
1 516 277 19 18 
1 554 245 24 25 
1 538 277 20 18 
1 433 321 22 22 
1 446 302 14 16 
1 313 252 16 20 
1 226 229 20 17 
1 244 234 15 15 
1 243 287 15 15 
1 278 160 15 16 
1 450 127 16 17 
1 477 194 20 23 
1 451 218 17 18 
1 445 230 11 12 
1 400 80 12 13 
1 362 67 13 12 
1 331 4 15 14 
1 488 105 13 11 
1 465 116 13 16 
1 477 119 13 15 
1 364 188 21 19 
1 354 207 23 26 
1 457 291 39 33 
1 518 304 29 29 
1 554 241 27 30 
1 418 234 23 22 
1 253 203 30 28 
1 262 243 16 16 
1 442 72 35 34 
1 558 107 14 18 
1 560 133 20 20 
1 515 279 17 14 
1 263 321 15 15 
1 238 337 15 14 
1 280 305 15 13 
1 278 322 15 12 
1 364 308 14 12 
1 419 275 24 21 
1 433 319 19 21 
1 554 170 11 12 
1 517 105 14 13 
1 299 51 18 20 
1 266 72 19 16 
1 263 98 11 15 
1 316 107 21 22 
1 361 151 24 23 
1 367 98 14 14 
1 372 119 14 19 
1 360 70 13 13 
1 436 41 16 16 
1 303 5 20 14 
1 288 85 16 14 
1 436 161 15 14 
1 390 232 18 20 
1 264 134 20 19 
1 379 285 15 18 
1 536 280 15 12 
1 446 194 20 22 
1 201 122 11 13 
1 282 125 13 13 
1 342 98 10 17 
1 399 79 13 14 
1 387 11 38 35 
1 326 267 12 12 
1 369 273 11 10 
1 396 362 20 18 
1 491 368 22 22 
1 580 289 14 14 
1 585 182 13 16 
1 480 44 16 14 
1 238 47 10 12 
1 208 204 13 16 
1 226 229 16 17 
1 266 262 32 29 
1 203 320 29 28 
1 224 359 30 29 
1 281 356 17 20 
1 371 251 18 13 
1 560 73 13 11 
1 292 12 11 10 
1 307 5 10 14 
1 238 50 10 8 
1 302 56 10 12 
1 273 76 10 11 
1 290 87 15 13 
1 265 99 8 11 
1 277 92 13 14 
1 264 136 14 14 
1 206 178 9 12 
1 210 207 6 11 
1 210 207 6 11 
1 210 207 6 11 
1 210 207 6 11 
1 210 207 6 11 
1 210 207 6 11 
1 210 207 6 11 
1 210 207 6 11 
1 210 207 6 11 
1 210 207 6 11 
1 210 207 6 11 
1 210 207 6 11 
1 210 207 6 11 
1 210 207 6 11 
1 260 204 14 22 
1 229 233 7 11 
1 267 249 8 6 
1 272 267 19 22 
1 243 290 7 9 
1 282 307 9 10 
1 265 323 9 8 
1 281 323 12 10 
1 208 327 17 19 
1 239 338 13 10 
1 230 365 18 23 
1 251 381 6 8 
1 273 391 7 12 
1 282 363 12 12 
1 241 339 10 11 
1 267 323 8 9 
1 283 323 8 8 
1 298 350 6 9 
1 308 8 6 9 
1 293 16 7 5 
1 305 55 7 12 
1 319 47 6 9 
1 317 62 8 7 
1 291 85 9 13 
1 318 90 9 11 
1 348 79 10 9 
1 362 72 9 11 
1 368 101 10 10 
1 341 102 7 10 
1 332 100 7 8 
1 318 108 11 19 
1 318 108 11 19 
1 345 152 9 8 
1 367 98 12 13 
1 373 120 10 14 
1 364 156 14 17 
1 366 191 14 15 
1 355 213 12 13 
1 326 270 6 9 
1 365 310 9 10 
1 283 363 8 13 
1 381 8 10 13 
1 390 22 15 22 
1 439 42 12 11 
1 404 48 10 8 
1 364 71 5 11 
1 403 82 7 10 
1 441 43 8 12 
1 448 82 16 16 
1 375 121 8 14 
1 364 154 14 18 
1 440 163 8 9 
1 453 177 6 8 
1 366 190 18 15 
1 417 204 5 10 
1 451 194 5 10 
1 448 204 10 9 
1 355 213 15 15 
1 391 237 10 11 
1 417 237 17 16 
1 370 276 8 5 
1 378 281 10 10 
1 381 290 10 12 
1 425 278 10 15 
1 399 363 12 17 
1 438 322 11 14 
1 450 77 19 23 
1 463 51 14 15 
1 486 47 8 7 
1 460 297 18 20 
1 494 372 12 14 
1 499 349 10 11 
1 519 311 12 15 
1 557 250 13 14 
1 585 293 6 9 
1 521 281 8 9 
1 540 282 7 9 
1 587 186 8 10 
1 557 172 9 9 
1 531 210 10 9 
1 563 137 14 13 
1 556 170 8 9 
1 519 105 9 12 
1 559 107 11 15 
1 539 90 11 13 
1 520 107 6 9 
1 478 121 7 10 
1 453 130 8 11 
1 483 46 10 11 
1 463 49 15 25 
1 444 74 28 29 
1 451 203 8 11 
1 518 306 27 26 
1 461 292 29 30 
1 462 46 26 23 
1 447 74 31 30 
1 388 20 37 25 
1 267 259 37 36 
1 255 205 25 22 
1 361 152 25 24 
1 354 207 23 24 
1 419 234 35 34 
1 417 233 24 23 
1 434 319 23 18 
1 424 276 18 20 
1 555 247 24 17 
1 229 363 24 28 
1 206 323 29 28 
1 263 134 20 18 
1 317 106 20 25 
1 342 99 11 15 
1 375 120 11 16 
1 289 85 14 14 
1 271 73 12 12 
1 265 98 13 13 
1 439 160 10 13 
1 563 135 14 16 
1 494 370 14 16 
1 401 359 12 21 
1 281 361 14 15 
1 392 235 15 14 
1 537 83 22 22 
1 588 184 10 13 
1 207 179 14 14 
1 306 5 22 16 
1 293 11 10 14 
1 348 73 12 15 
1 231 231 14 13 
1 537 277 14 16 
1 380 290 12 12 
1 379 279 11 11 
1 369 272 13 13 
1 265 321 16 13 
1 241 336 10 13 
1 378 1 30 26 
1 317 110 20 16 
1 365 154 22 20 
1 389 19 33 27 
1 445 77 31 26 
1 463 48 28 23 
1 459 294 32 28 
1 268 258 37 35 
1 257 205 23 21 
1 206 321 30 28 
1 241 339 10 10 
1 267 324 10 12 
1 419 237 23 20 
1 355 211 20 19 
1 519 308 26 22 
1 557 248 21 19 
1 563 136 14 15 
1 291 86 14 13 
1 271 73 15 14 
1 265 98 12 16 
1 264 136 19 17 
1 425 278 15 16 
1 437 323 14 15 
1 440 40 14 15 
1 367 189 19 17 
1 380 291 15 13 
1 377 280 13 12 
1 389 236 17 15 
1 449 200 17 14 
1 339 101 14 13 
1 365 307 15 14 
1 228 231 14 15 
1 368 101 14 12 
1 302 54 14 16 
1 308 7 16 14 
1 290 12 15 12 
1 560 109 13 15 
1 518 107 12 10 
1 520 281 9 10 
1 376 5 30 19 
1 537 84 32 25 
1 207 179 11 12 
1 374 121 12 15 
1 435 162 19 15 
1 281 321 12 14 
1 347 151 10 11 
1 361 71 13 11 
