1 284 98 43 43 
1 410 0 52 50 
1 268 189 36 36 
1 92 112 27 26 
1 364 205 28 28 
1 88 109 39 36 
1 148 49 20 16 
1 264 6 29 27 
1 376 72 21 19 
1 29 7 16 13 
1 220 73 16 16 
1 178 99 19 20 
1 212 109 14 11 
1 72 9 12 12 
1 81 11 15 13 
1 1 62 23 30 
1 69 53 15 12 
1 251 75 14 13 
1 222 41 14 12 
1 42 227 24 17 
1 52 250 20 18 
1 20 103 23 20 
1 124 191 16 14 
1 21 273 21 16 
1 59 96 22 19 
1 72 87 23 26 
1 63 74 15 17 
1 140 79 21 18 
1 274 87 62 60 
1 30 69 13 12 
1 38 324 14 13 
1 496 17 16 16 
1 560 36 16 21 
1 500 119 32 30 
1 494 135 17 18 
1 510 153 24 21 
1 228 148 23 19 
1 388 0 87 63 
1 253 181 71 53 
1 353 188 15 16 
1 354 195 38 45 
1 424 107 24 27 
1 414 161 22 19 
1 364 263 30 30 
1 481 335 24 23 
1 524 323 20 18 
1 536 297 28 32 
1 533 167 26 30 
1 362 336 20 17 
1 395 321 19 16 
1 236 261 15 12 
1 272 342 20 15 
1 90 373 20 21 
1 217 368 19 17 
1 168 369 20 21 
1 363 357 18 13 
1 459 184 21 21 
