1 45 93 32 32 
1 93 192 43 44 
1 222 177 36 36 
1 309 171 35 35 
1 388 199 29 30 
1 9 159 94 95 
1 577 68 12 15 
1 575 30 12 11 
1 564 125 13 11 
1 540 183 16 13 
1 509 251 18 16 
1 493 293 15 16 
1 486 332 19 23 
1 578 347 20 20 
1 409 365 23 24 
1 435 379 21 20 
1 370 8 16 15 
1 315 21 21 17 
1 443 72 12 13 
1 475 205 14 15 
1 397 244 12 13 
1 466 246 11 14 
1 419 230 13 16 
1 89 192 48 43 
1 218 175 45 45 
1 233 206 16 16 
1 308 166 45 44 
1 387 200 34 29 
1 43 91 42 37 
1 66 42 24 22 
1 278 71 26 20 
1 376 56 27 25 
1 377 86 14 14 
1 490 15 21 19 
1 544 367 29 28 
1 182 382 20 18 
1 332 373 27 24 
1 92 266 23 22 
1 200 253 24 21 
1 351 294 16 17 
1 510 227 17 15 
1 452 236 13 15 
1 181 100 16 14 
1 40 279 16 17 
1 4 291 16 18 
1 175 200 16 14 
1 157 20 19 16 
1 174 55 18 16 
1 305 7 14 14 
1 582 175 15 18 
1 5 378 15 14 
1 202 310 16 17 
1 310 150 16 14 
1 370 237 17 15 
1 432 231 14 14 
1 372 382 14 13 
1 524 359 15 15 
1 140 120 13 13 
1 440 17 14 13 
1 87 148 16 15 
1 431 315 16 14 
1 476 352 14 12 
1 86 333 11 12 
1 502 110 13 12 
1 512 122 12 12 
1 473 170 15 13 
1 341 253 14 15 
1 38 146 12 13 
1 28 1 12 9 
1 19 28 13 14 
1 149 268 13 13 
1 251 133 16 15 
1 460 98 13 15 
1 202 228 14 13 
1 44 353 21 17 
1 43 202 15 12 
1 510 0 13 13 
1 539 1 9 11 
1 143 230 14 12 
1 275 37 15 15 
1 525 218 15 16 
1 347 134 11 8 
1 151 380 11 13 
