1 134 73 33 33 
1 444 279 53 53 
1 447 77 38 39 
1 265 267 32 32 
1 95 177 9 9 
1 55 213 8 10 
1 33 275 7 8 
1 37 49 9 10 
1 31 209 9 10 
1 24 343 6 7 
1 43 343 8 10 
1 52 345 8 9 
1 37 126 8 8 
1 35 114 7 8 
1 59 116 4 6 
1 117 358 7 7 
1 99 262 7 9 
1 84 265 7 8 
1 116 254 8 7 
1 117 244 9 10 
1 129 257 17 17 
1 133 291 10 10 
1 139 298 11 13 
1 166 105 9 10 
1 150 116 8 8 
1 150 45 7 8 
1 0 0 0 0 
1 195 5 11 11 
1 234 125 6 8 
1 226 129 7 8 
1 222 134 7 8 
1 216 110 8 8 
1 194 190 8 8 
1 290 267 11 10 
1 452 1 22 12 
1 463 31 9 9 
1 352 6 11 10 
1 405 13 9 9 
1 411 1 7 8 
1 484 30 8 8 
1 534 301 7 8 
1 404 101 8 10 
1 51 15 6 10 
1 21 24 5 7 
1 47 43 11 16 
1 37 50 10 9 
1 50 62 10 9 
1 53 81 6 6 
1 35 87 12 16 
1 2 137 7 12 
1 56 145 10 14 
1 25 187 13 18 
1 10 214 15 16 
1 5 246 9 9 
1 51 230 12 18 
1 45 253 10 12 
1 19 300 6 7 
1 27 322 8 9 
1 59 306 7 11 
1 48 363 11 15 
1 85 6 8 8 
1 92 29 7 13 
1 93 48 13 17 
1 84 136 8 12 
1 70 224 10 11 
1 92 273 6 9 
1 131 57 5 7 
1 132 69 9 14 
1 95 50 17 15 
1 103 65 11 14 
1 115 106 8 7 
1 111 115 12 17 
1 124 326 10 21 
1 128 177 7 14 
1 179 15 8 5 
1 185 21 8 9 
1 190 40 5 8 
1 184 42 7 10 
1 210 57 6 6 
1 196 62 8 7 
1 224 71 12 9 
1 138 29 8 11 
1 128 55 10 9 
1 132 70 10 9 
1 136 77 24 25 
1 117 97 7 7 
1 116 107 6 8 
1 113 117 11 12 
1 161 120 9 10 
1 145 134 6 11 
1 144 147 9 11 
1 186 147 11 14 
1 147 165 10 12 
1 128 176 10 13 
1 177 191 8 12 
1 198 192 16 20 
1 186 151 9 13 
1 186 151 9 13 
1 186 151 9 13 
1 186 151 9 13 
1 186 151 9 13 
1 186 151 9 13 
1 186 151 9 13 
1 186 151 9 13 
1 186 151 9 13 
1 186 151 9 13 
1 186 151 9 13 
1 186 151 9 13 
1 186 151 9 13 
1 186 151 9 13 
1 186 151 9 13 
1 186 151 9 13 
1 186 151 9 13 
1 186 151 9 13 
1 195 144 6 7 
1 209 207 18 22 
1 167 278 11 9 
1 186 288 9 9 
1 166 320 7 13 
1 127 331 6 17 
1 144 334 14 13 
1 161 366 11 11 
1 177 381 9 12 
1 243 6 12 13 
1 227 68 7 12 
1 291 79 12 10 
1 261 79 14 11 
1 279 118 8 13 
1 277 130 13 19 
1 258 151 8 6 
1 267 151 6 10 
1 275 158 8 11 
1 287 194 24 24 
1 266 270 21 23 
1 240 325 11 13 
1 257 373 12 14 
1 234 382 11 13 
1 281 383 10 13 
1 385 12 9 9 
1 386 31 6 9 
1 392 33 12 16 
1 341 33 14 13 
1 366 31 9 10 
1 374 43 8 11 
1 345 59 11 11 
1 317 71 11 13 
1 364 73 13 16 
1 322 132 7 9 
1 359 139 18 29 
1 391 139 7 14 
1 381 113 20 22 
1 346 169 12 13 
1 382 180 18 23 
1 329 216 11 11 
1 347 173 10 9 
1 340 250 14 19 
1 360 248 9 14 
1 392 237 7 14 
1 384 268 8 13 
1 381 287 22 22 
1 381 311 7 6 
1 365 305 7 8 
1 337 251 18 18 
1 360 247 12 16 
1 356 266 9 19 
1 326 351 9 9 
1 368 353 11 14 
1 395 33 14 15 
1 410 42 15 37 
1 417 7 8 11 
1 448 46 34 68 
1 440 103 8 8 
1 403 119 6 10 
1 389 137 11 15 
1 433 169 17 20 
1 461 183 12 14 
1 426 221 10 15 
1 411 237 9 13 
1 393 235 10 15 
1 428 265 8 17 
1 399 317 10 15 
1 417 344 15 10 
1 411 371 6 12 
1 404 384 13 12 
1 396 375 10 12 
1 429 387 17 15 
1 460 383 15 15 
1 466 357 6 9 
1 436 246 10 9 
1 428 220 10 16 
1 411 238 8 13 
1 426 265 12 14 
1 455 261 31 63 
1 460 181 13 16 
1 456 128 11 17 
1 432 173 16 15 
1 505 26 44 52 
1 482 77 44 50 
1 563 40 23 21 
1 546 86 11 15 
1 583 81 13 19 
1 551 113 20 25 
1 571 139 10 9 
1 512 130 8 7 
1 459 182 14 14 
1 475 172 12 15 
1 498 172 16 16 
1 489 226 15 20 
1 537 205 12 12 
1 570 194 10 15 
1 591 262 7 10 
1 447 276 41 52 
1 491 229 12 14 
1 546 314 15 16 
1 568 338 20 21 
1 465 355 7 10 
1 457 385 18 13 
1 518 372 17 16 
1 589 263 8 10 
1 568 195 13 16 
1 95 177 9 9 
1 55 213 8 10 
1 33 275 7 8 
1 37 49 9 10 
1 31 209 9 10 
1 24 343 6 7 
1 43 343 8 10 
1 52 345 8 9 
1 37 126 8 8 
1 35 114 7 8 
1 59 116 4 6 
1 117 358 7 7 
1 99 262 7 9 
1 84 265 7 8 
1 116 254 8 7 
1 117 244 9 10 
1 129 257 17 17 
1 133 291 10 10 
1 139 298 11 13 
1 166 105 9 10 
1 150 116 8 8 
1 150 45 7 8 
1 0 0 0 0 
1 195 5 11 11 
1 234 125 6 8 
1 226 129 7 8 
1 222 134 7 8 
1 216 110 8 8 
1 194 190 8 8 
1 290 267 11 10 
1 452 1 22 12 
1 463 31 9 9 
1 352 6 11 10 
1 405 13 9 9 
1 411 1 7 8 
1 484 30 8 8 
1 534 301 7 8 
