1 340 158 30 29 
1 312 241 29 29 
1 34 195 39 38 
1 420 121 27 27 
1 3 297 29 29 
1 82 238 77 77 
1 146 346 84 54 
1 566 379 23 21 
1 565 369 16 15 
1 39 386 13 14 
1 1 352 11 12 
1 317 361 24 24 
1 266 351 14 14 
1 298 351 10 13 
1 432 211 17 19 
1 223 267 12 13 
1 402 127 12 14 
1 355 385 17 15 
1 479 247 12 13 
1 544 302 12 12 
1 250 276 16 15 
1 112 116 15 17 
1 336 152 43 37 
1 363 177 22 19 
1 416 120 33 29 
1 139 20 32 26 
1 102 7 22 23 
1 0 27 21 26 
1 29 188 50 49 
1 7 294 29 28 
1 96 298 24 21 
1 310 239 34 31 
1 265 212 21 19 
1 506 196 28 26 
1 527 153 19 19 
1 523 227 22 19 
1 493 250 22 16 
1 430 233 19 19 
1 451 202 16 15 
1 134 99 23 23 
1 110 75 23 24 
1 125 65 20 16 
1 152 84 21 23 
1 200 319 27 21 
1 151 339 19 23 
1 0 268 22 23 
1 64 32 20 18 
1 33 27 22 19 
1 61 0 22 13 
1 502 73 23 20 
1 379 94 22 21 
1 480 340 19 20 
1 319 328 20 17 
1 376 277 22 19 
1 358 246 30 29 
1 239 262 17 16 
1 390 50 19 16 
1 418 52 21 18 
1 249 4 19 16 
1 320 128 18 16 
1 136 150 18 16 
1 12 129 18 15 
1 35 144 18 18 
1 18 163 13 16 
1 211 159 13 14 
1 59 83 16 13 
1 379 16 18 19 
1 538 82 19 19 
1 565 295 12 17 
1 87 217 17 17 
1 94 321 15 17 
1 112 320 21 17 
1 70 343 17 13 
1 242 75 15 15 
1 192 145 12 14 
1 474 93 21 17 
1 134 0 23 13 
1 295 1 17 12 
1 573 123 18 20 
1 508 346 22 22 
1 382 40 15 15 
1 282 209 23 19 
1 232 226 17 14 
1 380 212 16 13 
1 550 174 15 13 
1 541 185 16 13 
1 560 240 15 14 
1 252 185 18 19 
1 222 207 13 11 
1 221 147 13 15 
1 63 134 14 15 
1 53 293 15 17 
1 192 177 12 11 
1 209 173 18 16 
1 351 46 13 11 
1 554 103 16 13 
1 556 128 13 13 
1 471 137 13 12 
1 469 208 16 17 
1 456 310 15 14 
1 403 349 14 16 
