1 44 51 37 37 
1 233 286 31 31 
1 40 51 44 38 
1 157 86 17 18 
1 151 121 20 24 
1 171 99 17 21 
1 138 305 19 22 
1 67 214 17 21 
1 82 233 20 17 
1 12 353 22 22 
1 170 296 27 26 
1 201 315 25 26 
1 228 285 40 35 
1 191 246 19 16 
1 3 218 19 19 
1 13 158 12 13 
1 21 100 12 16 
1 16 10 18 18 
1 23 54 0 0 
1 9 38 11 14 
1 220 8 14 16 
1 373 46 14 14 
1 417 220 26 22 
1 101 207 13 15 
1 141 380 28 20 
1 79 286 18 19 
1 16 350 0 0 
1 127 158 12 15 
1 62 155 14 14 
1 83 145 13 11 
1 280 96 15 13 
1 466 10 25 23 
1 403 118 22 30 
1 260 55 13 14 
1 63 29 17 14 
1 66 17 12 15 
1 1 118 12 20 
1 3 324 15 29 
