1 321 69 34 34 
1 461 32 41 42 
1 324 256 48 48 
1 345 299 31 32 
1 371 175 37 37 
1 106 301 31 31 
1 289 246 33 33 
1 235 207 33 32 
1 0 13 28 31 
1 455 24 53 57 
1 312 55 46 51 
1 295 67 16 17 
1 155 150 21 27 
1 204 182 22 26 
1 231 206 35 34 
1 103 301 34 32 
1 75 251 20 23 
1 86 192 26 27 
1 129 125 14 19 
1 159 83 17 21 
1 103 125 13 15 
1 118 164 10 10 
1 56 58 10 15 
1 102 52 13 17 
1 72 62 15 15 
1 1 10 31 38 
1 218 343 23 28 
1 135 344 21 19 
1 37 352 17 14 
1 283 242 33 40 
1 320 252 56 53 
1 344 297 35 34 
1 371 171 40 48 
1 315 138 28 30 
1 521 189 22 21 
1 571 255 14 16 
1 582 289 12 13 
1 107 368 10 12 
1 215 129 22 27 
1 176 152 12 17 
1 540 72 35 43 
1 564 30 15 18 
1 577 22 15 22 
1 424 252 15 20 
1 310 222 18 20 
1 337 219 16 22 
1 305 180 14 17 
1 265 183 15 17 
1 249 184 17 14 
1 290 121 14 21 
1 212 31 39 43 
1 137 197 10 13 
1 166 242 15 14 
1 120 217 14 17 
1 121 281 16 18 
1 365 374 15 17 
1 310 388 17 12 
1 263 247 14 14 
1 433 131 18 13 
1 347 193 19 19 
1 358 217 17 18 
1 376 134 21 16 
1 409 31 22 25 
1 394 0 54 32 
1 508 53 25 28 
1 104 13 22 19 
1 248 371 22 21 
1 200 297 14 16 
1 246 337 15 21 
1 300 351 13 14 
1 318 240 17 18 
1 452 213 12 13 
1 451 254 12 15 
1 427 220 10 13 
1 482 185 17 20 
1 549 135 16 14 
1 192 142 11 10 
1 138 228 9 14 
1 166 391 9 8 
1 396 381 11 9 
1 377 390 10 10 
1 461 133 24 24 
1 512 388 15 12 
1 324 174 14 15 
1 288 41 10 10 
1 268 36 11 12 
