1 508 261 35 35 
1 33 258 64 63 
1 123 106 31 32 
1 484 182 37 37 
1 272 0 31 23 
1 37 131 69 68 
1 146 279 27 27 
1 537 71 25 25 
1 504 260 38 35 
1 423 330 28 28 
1 32 265 50 46 
1 121 108 34 29 
1 36 135 65 62 
1 536 67 27 29 
1 451 99 17 20 
1 488 139 23 24 
1 509 135 13 18 
1 521 143 16 17 
1 519 170 13 16 
1 416 234 21 26 
1 459 186 15 19 
1 482 180 37 39 
1 95 73 22 23 
1 130 28 17 16 
1 173 35 28 25 
1 205 68 16 13 
1 238 160 23 25 
1 237 220 18 20 
1 285 281 26 22 
1 337 267 18 17 
1 31 223 20 20 
1 143 281 30 25 
1 165 249 18 16 
1 113 192 23 19 
1 143 172 15 18 
1 160 111 17 19 
1 163 87 16 18 
1 151 59 12 18 
1 381 24 18 20 
1 555 9 21 20 
1 475 7 18 16 
1 459 19 15 11 
1 403 19 13 14 
1 412 7 12 13 
1 417 25 12 10 
1 316 125 14 17 
1 288 164 20 23 
1 290 187 19 19 
1 345 199 16 13 
1 345 222 10 12 
1 361 222 10 11 
1 213 334 14 13 
1 218 267 15 16 
1 200 201 20 19 
1 169 197 16 14 
1 167 216 13 11 
1 185 222 12 12 
1 240 125 14 16 
1 199 112 14 12 
1 288 68 24 27 
1 333 2 14 17 
1 273 1 30 18 
1 147 1 77 21 
1 12 208 19 15 
1 19 305 20 18 
1 169 290 14 19 
1 389 295 10 12 
1 403 286 13 13 
1 461 280 19 19 
1 481 242 13 20 
1 545 229 12 16 
1 516 307 20 26 
1 537 338 14 17 
1 256 335 11 11 
1 289 347 10 12 
1 215 161 8 14 
1 102 341 20 20 
1 106 311 11 12 
1 117 301 14 17 
1 119 283 12 13 
1 109 270 10 13 
1 115 247 14 16 
1 107 157 30 32 
1 387 79 17 18 
1 430 59 9 13 
1 406 51 13 12 
1 417 42 5 11 
1 493 13 15 17 
1 520 22 10 13 
1 527 6 9 9 
1 554 34 15 18 
1 533 115 14 13 
1 446 306 31 32 
1 5 67 18 21 
1 323 91 28 24 
1 333 111 24 22 
1 327 127 26 23 
1 394 124 27 26 
1 12 1 10 13 
1 13 23 10 9 
1 28 40 9 9 
1 15 99 10 13 
1 11 144 16 15 
1 91 94 11 13 
1 372 93 11 11 
1 374 101 9 12 
1 155 163 9 13 
1 131 12 11 9 
1 104 119 9 9 
1 288 126 9 9 
