1 27 79 83 84 
1 455 59 35 35 
1 493 183 26 27 
1 392 208 49 49 
1 4 0 46 25 
1 549 13 41 42 
1 563 302 31 32 
1 12 305 32 32 
1 516 317 39 38 
1 218 74 70 70 
1 8 0 53 23 
1 17 80 19 18 
1 35 85 81 76 
1 116 116 17 18 
1 129 99 16 17 
1 115 76 17 17 
1 109 60 13 13 
1 112 45 11 11 
1 3 177 27 29 
1 15 305 33 32 
1 33 298 18 17 
1 2 379 30 23 
1 102 378 20 22 
1 125 352 26 26 
1 106 354 13 16 
1 131 259 132 124 
1 385 338 84 62 
1 392 207 53 48 
1 490 181 34 34 
1 453 56 40 43 
1 544 9 54 51 
1 563 301 36 36 
1 553 223 23 24 
1 564 283 20 22 
1 259 34 23 23 
1 277 80 21 23 
1 377 15 33 36 
1 376 63 21 18 
1 405 64 29 27 
1 396 71 14 15 
1 419 82 28 27 
1 429 69 12 14 
1 477 25 14 16 
1 393 209 49 46 
1 79 230 22 24 
1 103 219 13 15 
1 109 279 14 16 
1 122 270 11 12 
1 99 293 10 12 
1 67 367 12 13 
1 41 332 13 14 
1 56 295 14 17 
1 80 230 20 23 
1 103 219 13 15 
1 129 200 10 10 
1 139 208 14 16 
1 151 196 18 19 
1 175 227 14 17 
1 194 248 12 13 
1 154 267 15 17 
1 142 263 13 15 
1 244 366 24 24 
1 254 296 18 19 
1 264 267 17 18 
1 263 265 21 22 
1 269 253 14 14 
1 288 249 11 15 
1 298 230 13 15 
1 315 228 14 15 
1 319 200 17 17 
1 291 185 11 13 
1 302 168 11 13 
1 289 139 11 14 
1 289 114 11 11 
1 287 101 11 11 
1 307 106 13 14 
1 222 56 14 16 
1 236 66 15 16 
1 205 82 17 17 
1 186 93 13 13 
1 197 100 12 11 
1 156 19 10 10 
1 162 33 10 11 
1 105 39 10 11 
1 295 22 15 16 
1 300 8 15 17 
1 376 1 16 18 
1 396 10 12 11 
1 394 1 14 11 
1 448 9 12 12 
1 451 18 10 11 
1 421 29 10 12 
1 531 11 12 12 
1 540 11 15 14 
1 580 34 12 13 
1 587 37 11 13 
1 560 56 12 12 
1 554 69 14 15 
1 550 102 16 15 
1 585 93 11 12 
1 551 128 20 19 
1 550 173 17 16 
1 531 193 16 16 
1 484 225 16 18 
1 498 232 13 13 
1 513 236 17 17 
1 513 252 12 13 
1 525 249 11 12 
1 543 254 11 15 
1 557 250 14 14 
1 454 255 26 24 
1 476 279 16 15 
1 510 323 13 14 
1 530 346 11 11 
1 575 360 13 14 
1 582 369 18 20 
1 578 390 18 14 
1 85 1 10 10 
1 87 13 10 10 
1 78 40 13 14 
1 57 217 14 15 
1 2 272 13 11 
1 228 330 11 14 
1 301 366 15 13 
1 280 346 15 12 
1 280 334 12 13 
1 272 357 14 16 
1 320 343 13 14 
1 340 332 10 11 
1 339 389 13 11 
1 351 302 40 39 
1 360 246 18 19 
1 343 245 22 22 
1 377 203 20 18 
1 391 185 14 14 
1 396 194 14 13 
1 385 193 11 12 
1 332 158 16 16 
1 345 172 11 13 
1 392 136 18 18 
1 441 123 15 14 
1 462 103 39 39 
1 497 97 11 13 
1 517 92 10 10 
1 529 86 11 12 
1 309 59 18 18 
1 322 75 18 19 
1 429 286 28 26 
1 439 175 12 13 
1 454 168 17 17 
1 423 131 18 17 
1 434 146 12 12 
1 419 164 15 15 
1 416 159 10 10 
1 409 167 11 11 
1 411 188 12 12 
1 508 126 11 11 
1 471 362 16 16 
1 440 381 12 13 
1 456 378 11 11 
1 424 390 13 12 
1 556 347 13 15 
1 524 149 25 26 
1 132 18 9 10 
1 133 32 10 10 
1 139 81 11 11 
1 159 94 13 15 
1 95 193 10 11 
1 88 205 11 12 
1 339 3 12 13 
1 283 8 16 15 
1 508 126 9 11 
1 482 131 13 14 
1 496 134 10 11 
