1 120 137 51 51 
1 429 167 29 28 
1 245 115 40 40 
1 55 287 32 32 
1 330 233 35 34 
1 113 134 65 58 
1 154 85 31 25 
1 341 259 24 25 
1 390 303 22 19 
1 407 332 27 27 
1 357 338 29 26 
1 513 291 25 21 
1 555 341 20 15 
1 525 227 20 18 
1 422 162 40 35 
1 485 153 20 19 
1 480 164 19 21 
1 518 102 28 29 
1 442 16 30 23 
1 395 121 19 22 
1 292 92 23 23 
1 329 76 22 20 
1 73 128 27 23 
1 44 278 48 46 
1 89 318 21 19 
1 183 280 20 17 
1 187 297 25 21 
1 339 293 14 16 
1 550 149 17 16 
1 533 161 20 18 
1 548 163 19 14 
1 143 52 18 17 
1 389 23 26 19 
1 340 0 23 20 
1 367 0 26 16 
1 366 15 22 18 
1 243 176 21 18 
1 193 244 18 14 
1 186 224 15 16 
1 297 286 15 14 
1 436 232 18 18 
1 83 10 26 20 
1 -3 19 22 18 
1 11 67 18 13 
1 96 296 16 14 
1 108 282 21 20 
1 73 324 17 14 
1 564 294 15 16 
1 242 16 13 11 
1 367 176 12 12 
1 400 58 13 13 
1 429 87 19 14 
1 441 76 15 12 
1 497 133 15 16 
1 399 222 12 11 
1 403 261 13 8 
1 395 282 10 9 
1 509 328 11 11 
1 34 191 10 12 
1 8 292 7 9 
1 83 176 15 16 
1 197 57 17 18 
1 199 39 14 14 
1 361 45 9 12 
1 235 225 16 11 
1 194 129 16 17 
1 199 78 12 11 
1 378 107 20 14 
1 488 190 14 14 
1 476 225 11 9 
1 315 30 14 12 
1 575 79 10 11 
1 573 178 8 15 
1 315 45 9 13 
1 491 63 14 17 
1 560 92 14 14 
1 32 343 16 18 
1 204 313 8 9 
1 240 247 9 12 
1 410 145 11 12 
1 411 134 10 9 
1 540 135 12 10 
1 471 192 13 12 
1 136 285 12 10 
1 9 52 9 11 
1 394 247 11 11 
1 325 310 8 11 
1 323 329 13 12 
1 175 212 12 10 
1 135 203 16 12 
1 194 9 12 11 
1 568 263 11 12 
1 508 272 11 8 
1 517 217 14 13 
