1 332 237 41 40 
1 293 244 80 81 
1 470 250 32 32 
1 549 60 45 46 
1 18 66 5 6 
1 47 172 8 8 
1 56 210 9 7 
1 55 222 9 9 
1 90 205 6 7 
1 82 218 7 9 
1 113 249 8 9 
1 164 264 10 11 
1 113 266 17 16 
1 222 357 10 10 
1 270 383 9 8 
1 265 378 10 10 
1 318 370 26 29 
1 461 6 16 15 
1 456 17 13 13 
1 407 36 18 17 
1 393 106 11 11 
1 280 117 8 9 
1 216 113 6 8 
1 200 24 10 10 
1 329 225 9 9 
1 23 21 8 8 
1 33 2 8 9 
1 34 32 15 17 
1 57 30 11 14 
1 67 64 12 11 
1 23 130 10 12 
1 60 128 13 21 
1 7 153 6 8 
1 14 160 5 10 
1 23 199 6 9 
1 34 222 7 10 
1 6 233 7 7 
1 49 259 7 10 
1 6 232 7 7 
1 63 282 8 9 
1 18 320 7 9 
1 8 345 8 7 
1 24 348 10 11 
1 3 362 9 10 
1 76 80 7 7 
1 99 42 5 9 
1 123 25 7 6 
1 128 66 6 7 
1 131 119 6 6 
1 120 132 6 9 
1 103 137 14 11 
1 98 213 7 12 
1 96 227 7 8 
1 117 215 6 7 
1 93 255 11 16 
1 129 297 8 9 
1 124 378 9 14 
1 169 23 11 10 
1 155 56 3 7 
1 130 66 6 6 
1 166 78 10 10 
1 154 55 6 8 
1 210 65 7 9 
1 146 169 9 14 
1 200 205 8 12 
1 226 186 7 11 
1 219 103 8 7 
1 212 65 8 11 
1 238 119 10 12 
1 235 210 8 11 
1 184 242 10 14 
1 210 258 10 10 
1 215 240 7 7 
1 137 253 9 8 
1 127 298 11 9 
1 139 321 4 5 
1 146 316 8 14 
1 124 377 10 15 
1 228 323 11 13 
1 233 377 6 7 
1 204 386 7 8 
1 215 391 11 8 
1 284 5 6 10 
1 311 1 22 27 
1 243 95 5 8 
1 273 102 7 9 
1 266 109 7 18 
1 242 120 7 8 
1 258 128 8 13 
1 314 124 11 10 
1 297 154 10 13 
1 305 164 9 15 
1 310 160 8 6 
1 278 179 12 14 
1 255 212 6 7 
1 266 223 8 7 
1 301 220 5 9 
1 296 236 8 10 
1 290 243 7 8 
1 236 213 7 7 
1 249 247 7 8 
1 276 244 4 5 
1 275 275 10 7 
1 275 311 8 8 
1 255 311 8 11 
1 258 365 5 8 
1 303 361 7 8 
1 259 365 9 8 
1 312 5 21 22 
1 388 6 6 8 
1 342 26 8 11 
1 351 46 7 10 
1 358 61 10 10 
1 352 69 7 9 
1 381 73 10 15 
1 398 68 8 14 
1 356 99 4 7 
1 362 110 10 9 
1 315 124 8 10 
1 305 165 9 12 
1 300 153 6 12 
1 349 154 17 16 
1 349 154 17 16 
1 381 138 7 7 
1 393 133 20 21 
1 378 196 12 16 
1 358 194 6 8 
1 341 184 6 9 
1 359 216 9 9 
1 351 225 6 9 
1 369 224 9 11 
1 383 227 8 10 
1 396 230 13 11 
1 381 285 9 10 
1 394 274 14 13 
1 401 292 8 10 
1 329 233 30 41 
1 294 254 49 58 
1 321 370 10 22 
1 304 360 8 7 
1 373 341 19 31 
1 379 381 11 12 
1 411 14 9 12 
1 397 69 9 14 
1 435 48 16 13 
1 474 41 6 9 
1 479 47 7 7 
1 437 49 13 13 
1 398 72 9 9 
1 421 77 10 8 
1 414 89 9 17 
1 477 98 17 15 
1 394 135 17 19 
1 434 143 12 23 
1 466 199 12 10 
1 445 197 11 11 
1 435 199 9 8 
1 439 212 13 12 
1 398 232 12 10 
1 424 230 9 10 
1 421 243 7 11 
1 411 230 10 13 
1 439 246 9 10 
1 436 261 11 14 
1 395 273 12 13 
1 401 289 10 14 
1 413 330 20 16 
1 429 372 17 17 
1 414 369 7 7 
1 412 390 8 6 
1 476 364 11 9 
1 463 349 10 11 
1 439 304 19 20 
1 471 288 8 17 
1 441 247 8 12 
1 463 199 14 12 
1 445 197 10 14 
1 438 213 15 12 
1 434 196 8 10 
1 426 231 9 9 
1 441 245 7 10 
1 466 225 33 57 
1 477 99 16 16 
1 527 13 10 10 
1 497 78 9 9 
1 489 85 7 13 
1 495 88 14 12 
1 477 97 16 16 
1 473 131 15 12 
1 501 211 12 12 
1 527 15 11 8 
1 514 94 13 12 
1 546 128 40 76 
1 547 50 41 67 
1 511 142 34 87 
1 469 226 31 56 
1 499 334 16 18 
1 517 344 12 13 
1 505 355 20 16 
1 487 360 92 44 
1 546 303 28 34 
1 527 303 18 15 
1 518 292 15 17 
1 18 66 5 6 
1 47 172 8 8 
1 56 210 9 7 
1 55 222 9 9 
1 90 205 6 7 
1 82 218 7 9 
1 113 249 8 9 
1 164 264 10 11 
1 113 266 17 16 
1 222 357 10 10 
1 270 383 9 8 
1 265 378 10 10 
1 318 370 26 29 
1 461 6 16 15 
1 456 17 13 13 
1 407 36 18 17 
1 393 106 11 11 
1 280 117 8 9 
1 216 113 6 8 
1 200 24 10 10 
