1 33 122 86 86 
1 105 56 28 29 
1 168 91 31 25 
1 54 71 24 18 
1 402 1 31 28 
1 91 96 18 19 
1 104 117 17 14 
1 73 261 35 26 
1 2 279 44 55 
1 200 45 26 22 
1 194 4 20 19 
1 540 23 17 14 
1 489 145 31 25 
1 474 159 31 26 
1 334 261 32 30 
1 112 191 23 21 
1 43 53 17 14 
1 68 221 26 21 
1 80 203 16 13 
1 274 122 19 17 
1 257 22 21 17 
1 226 1 22 20 
1 320 93 20 14 
1 241 165 23 18 
1 287 322 23 17 
1 64 13 18 14 
1 374 255 24 22 
1 24 106 104 114 
1 46 274 20 18 
1 52 308 24 17 
1 68 337 20 16 
1 219 287 17 18 
1 232 261 18 16 
1 231 274 18 15 
1 205 147 21 16 
1 190 179 22 18 
1 496 101 18 22 
1 425 102 18 21 
1 186 311 16 18 
1 134 5 14 14 
1 184 249 14 12 
1 184 259 18 14 
1 227 33 17 16 
1 477 194 21 17 
1 506 344 27 16 
1 417 269 21 22 
