1 486 232 67 66 
1 148 282 48 48 
1 0 222 54 63 
1 324 36 25 25 
1 84 44 34 34 
1 579 234 21 32 
1 353 368 23 21 
1 207 353 16 14 
1 33 384 16 15 
1 107 371 17 16 
1 159 382 19 18 
1 298 364 20 22 
1 386 363 15 15 
1 290 373 13 15 
1 583 8 16 16 
1 544 170 16 16 
1 452 185 11 12 
1 437 277 13 12 
1 81 343 14 10 
1 538 377 14 12 
1 495 387 11 13 
1 552 200 16 16 
1 481 229 78 74 
1 145 279 55 52 
1 0 219 62 65 
1 55 209 29 24 
1 98 204 27 27 
1 98 250 26 29 
1 320 34 32 29 
1 404 159 30 29 
1 186 66 25 24 
1 246 91 22 18 
1 263 45 24 23 
1 111 324 23 21 
1 363 198 21 18 
1 500 174 22 18 
1 570 172 17 21 
1 500 23 18 15 
1 77 46 39 32 
1 111 41 18 14 
1 133 136 21 17 
1 57 134 20 15 
1 227 286 23 17 
1 172 232 26 23 
1 215 255 18 16 
1 194 266 21 15 
1 161 188 18 17 
1 182 205 18 15 
1 314 344 19 18 
1 436 102 19 14 
1 300 44 13 16 
1 278 27 18 15 
1 261 19 14 15 
1 235 64 14 14 
1 317 200 17 15 
1 305 171 14 12 
1 291 179 14 12 
1 208 227 14 16 
1 95 160 17 16 
1 118 102 16 15 
1 13 195 15 14 
1 522 320 15 14 
1 533 347 13 11 
1 496 0 16 11 
1 340 22 19 17 
1 136 326 13 14 
1 163 342 20 14 
1 347 126 14 14 
1 357 145 14 12 
1 544 97 22 22 
1 523 10 13 12 
1 491 339 14 14 
1 482 348 19 13 
1 262 335 12 12 
1 492 56 13 16 
1 478 9 13 13 
1 150 224 14 15 
1 146 208 14 14 
1 283 207 17 13 
1 91 280 16 14 
1 518 132 15 14 
1 509 282 19 16 
