1 338 0 64 57 
1 113 251 78 78 
1 0 67 37 61 
1 220 377 15 15 
1 345 192 14 15 
1 322 193 14 15 
1 335 0 71 63 
1 113 249 86 87 
1 439 307 25 24 
1 0 44 42 89 
1 78 145 21 17 
1 85 308 21 23 
1 54 307 18 14 
1 415 275 18 21 
1 385 165 16 17 
1 394 185 17 16 
1 417 211 18 17 
1 332 215 21 22 
1 359 243 18 18 
1 339 249 17 17 
1 153 51 20 16 
1 345 65 18 17 
1 478 222 14 16 
1 454 282 16 15 
1 269 171 23 21 
1 227 231 16 16 
1 295 60 13 15 
1 34 174 21 16 
1 434 343 18 18 
1 421 345 17 16 
1 33 338 10 12 
1 165 107 17 17 
