1 254 241 35 35 
1 529 112 29 30 
1 0 218 33 55 
1 487 287 26 27 
1 257 241 33 33 
1 331 185 22 21 
1 488 289 26 28 
1 557 188 13 15 
1 496 214 8 8 
1 69 119 4 1 
1 27 99 11 11 
1 23 106 7 8 
1 37 101 14 19 
1 41 122 13 14 
1 15 134 18 10 
1 9 144 11 12 
1 79 146 12 11 
1 37 178 21 18 
1 23 189 12 15 
1 14 203 10 11 
1 36 223 6 5 
1 40 288 13 14 
1 60 291 5 5 
1 65 304 11 11 
1 68 296 5 7 
1 68 297 8 8 
1 35 304 8 7 
1 31 309 9 6 
1 29 321 7 7 
1 12 345 9 12 
1 22 352 20 21 
1 117 163 17 19 
1 50 328 18 20 
1 65 326 7 10 
1 78 168 7 10 
1 138 194 8 9 
1 131 181 8 8 
1 151 209 12 13 
1 142 231 13 14 
1 102 251 6 7 
1 55 355 8 9 
1 86 339 17 18 
1 76 350 15 20 
1 90 368 6 6 
1 85 377 7 10 
1 71 375 11 12 
1 52 380 7 7 
1 119 249 9 11 
1 126 285 6 7 
1 129 302 9 9 
1 131 326 9 10 
1 144 317 8 9 
1 150 343 9 7 
1 116 375 11 11 
1 128 392 10 8 
1 86 305 8 7 
1 136 151 9 10 
1 149 164 9 9 
1 151 152 13 10 
1 171 163 11 10 
1 190 179 13 12 
1 180 249 10 8 
1 214 259 8 7 
1 192 275 15 17 
1 211 209 8 9 
1 234 212 7 9 
1 332 188 20 16 
1 373 154 9 10 
1 384 171 7 8 
1 396 183 6 8 
1 402 172 8 7 
1 418 165 16 14 
1 377 206 11 10 
1 395 217 8 8 
1 170 238 8 7 
1 242 284 7 9 
1 273 274 9 13 
1 258 245 26 26 
1 294 187 8 12 
1 292 197 5 8 
1 285 194 8 8 
1 278 199 6 7 
1 266 197 5 8 
1 266 208 7 6 
1 295 233 13 11 
1 309 234 8 8 
1 314 280 9 9 
1 264 329 12 11 
1 240 335 9 8 
1 227 357 7 6 
1 234 350 7 7 
1 240 371 8 9 
1 262 359 17 15 
1 281 367 8 8 
1 297 340 6 8 
1 295 318 14 14 
1 328 299 10 12 
1 314 344 9 10 
1 361 350 7 9 
1 400 358 9 12 
1 403 255 12 11 
1 364 219 12 12 
1 340 219 8 10 
1 346 217 9 10 
1 358 237 13 14 
1 363 256 9 11 
1 381 272 8 7 
1 334 269 8 8 
1 325 263 8 10 
1 495 143 10 12 
1 529 114 31 30 
1 570 56 11 13 
1 568 86 8 8 
1 409 133 11 9 
1 475 162 12 15 
1 494 160 9 9 
1 506 161 10 11 
1 526 149 9 10 
1 544 148 11 10 
1 556 146 10 11 
1 552 167 11 11 
1 587 168 8 9 
1 572 178 16 15 
1 585 117 9 9 
1 579 219 9 10 
1 590 216 8 11 
1 462 201 11 9 
1 456 218 14 17 
1 441 260 8 9 
1 445 280 9 9 
1 487 232 10 12 
1 330 286 7 8 
1 354 281 6 7 
1 337 289 8 7 
1 346 294 8 9 
1 392 331 10 10 
1 383 107 11 12 
1 409 341 11 12 
1 440 336 15 13 
1 440 353 10 9 
1 456 361 12 14 
1 446 376 8 9 
1 463 308 9 10 
1 471 289 12 11 
1 483 276 15 12 
1 489 291 21 23 
1 475 316 10 10 
1 497 327 8 8 
1 500 335 11 11 
1 517 327 7 8 
1 525 330 8 9 
1 534 324 10 12 
1 593 312 7 21 
1 583 255 11 12 
1 517 245 12 12 
1 0 0 466 174 
1 257 241 33 33 
1 331 185 22 21 
1 488 289 26 28 
1 557 188 13 15 
