1 482 0 111 104 
1 70 301 62 62 
1 282 129 69 69 
1 449 225 32 32 
1 249 379 43 21 
1 348 367 30 33 
1 582 244 18 23 
1 487 367 24 23 
1 16 386 21 14 
1 302 347 17 16 
1 462 203 15 17 
1 494 204 14 17 
1 456 374 18 16 
1 485 283 15 16 
1 476 2 109 108 
1 66 292 82 80 
1 95 285 30 25 
1 14 313 32 33 
1 160 23 31 29 
1 197 226 26 29 
1 213 217 27 23 
1 186 248 20 22 
1 446 224 33 35 
1 117 67 25 24 
1 6 190 27 25 
1 437 312 23 21 
1 509 301 21 17 
1 427 5 21 17 
1 376 9 18 19 
1 428 41 27 25 
1 143 102 16 16 
1 139 111 15 15 
1 103 143 16 18 
1 231 129 15 16 
1 236 125 16 13 
1 195 104 23 18 
1 272 269 19 22 
1 381 318 21 20 
1 404 280 17 16 
1 422 264 15 13 
1 449 272 17 17 
1 480 238 20 17 
1 502 243 20 18 
1 552 299 16 12 
1 551 311 16 13 
1 331 69 12 13 
1 338 99 16 17 
1 357 114 13 13 
1 121 10 23 18 
1 45 174 15 16 
1 42 196 19 16 
1 134 245 14 14 
1 38 240 17 13 
1 0 272 13 16 
1 319 332 21 20 
1 314 314 13 12 
1 323 213 17 15 
1 300 223 18 14 
1 264 90 13 15 
1 215 20 17 17 
1 111 52 16 17 
1 117 39 17 14 
1 149 57 15 12 
1 142 42 17 13 
1 79 140 13 13 
1 106 79 18 17 
1 275 297 13 15 
1 491 123 15 14 
1 520 162 11 15 
1 355 149 12 12 
1 5 135 16 16 
1 9 142 17 14 
1 30 147 15 11 
1 226 174 13 17 
1 140 216 18 16 
1 521 229 15 12 
1 531 228 15 14 
1 551 252 13 13 
1 506 323 11 13 
1 323 134 25 26 
1 8 90 17 17 
