1 275 3 45 44 
1 169 134 33 33 
1 275 83 32 32 
1 236 275 29 29 
1 359 316 29 29 
1 385 305 13 13 
1 21 385 9 11 
1 35 377 9 10 
1 27 351 13 11 
1 63 292 9 10 
1 64 300 9 11 
1 68 380 9 8 
1 0 0 0 0 
1 69 388 9 11 
1 69 95 10 9 
1 38 73 10 10 
1 34 86 11 11 
1 33 36 8 9 
1 20 37 9 9 
1 158 3 8 9 
1 256 16 8 7 
1 257 0 7 6 
1 104 66 12 12 
1 322 262 12 12 
1 327 258 14 15 
1 352 286 8 10 
1 366 280 11 10 
1 301 317 15 16 
1 314 311 11 13 
1 345 159 12 12 
1 370 392 9 7 
1 502 279 10 10 
1 451 297 10 10 
1 447 232 12 11 
1 408 14 10 11 
1 414 24 11 11 
1 524 51 11 12 
1 90 3 11 12 
1 69 3 12 13 
1 45 24 14 15 
1 26 18 17 16 
1 3 23 10 14 
1 83 81 12 14 
1 14 62 10 9 
1 41 50 11 9 
1 3 80 86 190 
1 3 324 17 18 
1 25 329 11 9 
1 99 270 8 13 
1 90 5 9 10 
1 119 7 9 12 
1 131 25 11 13 
1 166 55 12 15 
1 82 79 11 18 
1 146 149 9 11 
1 100 272 8 10 
1 89 293 10 10 
1 100 332 9 11 
1 89 347 9 9 
1 102 377 8 9 
1 99 387 8 9 
1 150 375 19 23 
1 163 344 5 7 
1 147 317 22 21 
1 123 311 9 8 
1 126 328 7 9 
1 159 273 9 10 
1 146 147 12 14 
1 167 55 12 17 
1 130 26 11 12 
1 201 7 7 7 
1 178 13 9 14 
1 178 42 8 8 
1 170 56 7 14 
1 170 135 26 32 
1 237 155 12 9 
1 217 161 11 11 
1 206 174 8 9 
1 259 181 12 14 
1 259 165 8 8 
1 269 162 10 18 
1 213 207 12 16 
1 268 215 13 15 
1 239 236 16 15 
1 206 243 11 11 
1 185 259 9 8 
1 177 289 18 21 
1 204 311 7 7 
1 199 323 11 12 
1 191 362 12 14 
1 217 319 13 11 
1 200 325 12 10 
1 230 356 11 12 
1 232 372 18 18 
1 248 307 12 12 
1 235 274 41 38 
1 239 235 14 13 
1 257 181 13 14 
1 236 154 12 10 
1 244 80 9 11 
1 274 3 31 42 
1 275 84 31 30 
1 288 137 16 17 
1 265 163 18 17 
1 258 182 13 13 
1 314 186 18 15 
1 355 313 30 34 
1 361 147 8 8 
1 350 71 12 17 
1 440 1 19 16 
1 431 76 12 13 
1 403 214 10 13 
1 434 216 11 14 
1 432 233 11 10 
1 402 281 7 14 
1 390 377 11 14 
1 398 374 8 6 
1 399 282 10 12 
1 406 214 8 8 
1 429 161 10 10 
1 485 385 8 10 
1 426 48 8 11 
1 431 75 14 16 
1 442 2 21 16 
1 495 68 15 20 
1 527 0 15 8 
1 571 14 7 10 
1 584 2 19 32 
1 583 39 8 10 
1 561 43 15 25 
1 555 107 10 11 
1 533 130 7 8 
1 467 207 10 13 
1 476 224 6 12 
1 507 230 11 11 
1 495 220 9 14 
1 466 253 12 13 
1 492 246 14 15 
1 528 252 14 14 
1 538 217 10 15 
1 558 176 18 18 
1 581 173 9 10 
1 578 260 7 15 
1 560 289 8 10 
1 523 305 7 9 
1 574 314 14 16 
1 502 363 12 11 
1 482 383 12 14 
1 580 384 14 15 
1 471 341 15 11 
1 385 305 13 13 
1 21 385 9 11 
1 35 377 9 10 
1 27 351 13 11 
1 63 292 9 10 
1 64 300 9 11 
1 68 380 9 8 
1 0 0 0 0 
1 69 388 9 11 
1 69 95 10 9 
1 38 73 10 10 
1 34 86 11 11 
1 33 36 8 9 
1 20 37 9 9 
1 158 3 8 9 
1 256 16 8 7 
1 257 0 7 6 
1 104 66 12 12 
1 322 262 12 12 
1 327 258 14 15 
1 352 286 8 10 
1 366 280 11 10 
1 301 317 15 16 
1 314 311 11 13 
1 345 159 12 12 
1 370 392 9 7 
1 502 279 10 10 
1 451 297 10 10 
1 447 232 12 11 
1 408 14 10 11 
1 414 24 11 11 
