1 65 94 96 96 
1 238 192 72 73 
1 470 56 108 109 
1 403 45 27 27 
1 89 47 9 10 
1 213 65 21 20 
1 196 149 14 15 
1 211 153 10 11 
1 221 147 21 24 
1 158 343 9 11 
1 262 265 12 11 
1 417 10 10 9 
1 28 1 6 6 
1 46 4 11 13 
1 8 25 11 11 
1 31 25 9 8 
1 54 20 6 12 
1 48 39 8 8 
1 18 41 8 13 
1 18 95 9 7 
1 43 126 9 10 
1 26 144 8 11 
1 26 147 9 9 
1 43 127 8 9 
1 58 146 7 6 
1 24 171 5 8 
1 21 192 6 5 
1 13 180 8 14 
1 50 226 9 10 
1 45 238 13 11 
1 18 239 8 34 
1 62 336 10 9 
1 12 338 7 13 
1 19 354 9 12 
1 17 366 7 8 
1 57 371 11 8 
1 8 387 13 10 
1 69 158 7 8 
1 45 128 6 10 
1 49 39 6 8 
1 47 3 11 13 
1 68 4 12 10 
1 103 3 9 10 
1 128 2 10 10 
1 120 14 15 13 
1 110 20 14 15 
1 89 25 9 15 
1 148 35 7 8 
1 154 40 9 12 
1 172 26 7 10 
1 175 73 7 10 
1 175 73 7 10 
1 131 94 8 13 
1 113 99 14 16 
1 98 114 11 14 
1 80 154 18 16 
1 168 138 12 13 
1 122 156 9 10 
1 113 162 12 9 
1 74 181 10 9 
1 90 191 10 9 
1 138 192 8 10 
1 152 177 7 11 
1 162 215 10 8 
1 114 217 9 17 
1 94 217 12 14 
1 91 191 9 9 
1 77 236 21 19 
1 164 216 8 7 
1 121 263 8 12 
1 86 274 11 12 
1 71 299 10 10 
1 90 323 8 10 
1 83 331 7 9 
1 56 367 14 17 
1 67 364 14 14 
1 114 383 10 10 
1 90 324 7 10 
1 76 385 7 10 
1 151 329 7 8 
1 174 289 8 12 
1 153 327 5 11 
1 140 381 5 5 
1 164 214 8 10 
1 138 192 10 10 
1 121 157 10 10 
1 114 161 10 11 
1 130 95 9 11 
1 114 99 15 15 
1 99 113 10 14 
1 80 153 16 16 
1 207 3 12 13 
1 202 1 8 8 
1 194 10 7 11 
1 171 26 7 7 
1 210 27 8 10 
1 189 37 6 7 
1 186 46 5 11 
1 195 51 8 7 
1 204 38 8 17 
1 224 47 7 12 
1 221 55 9 10 
1 212 91 17 21 
1 186 93 6 7 
1 199 106 8 9 
1 199 114 12 10 
1 237 118 9 12 
1 212 127 10 9 
1 173 138 6 10 
1 197 107 11 7 
1 201 113 9 10 
1 216 172 10 15 
1 210 191 11 12 
1 192 190 6 8 
1 192 215 9 12 
1 188 235 12 13 
1 210 245 7 11 
1 175 288 7 10 
1 194 305 12 14 
1 218 319 13 14 
1 203 338 7 8 
1 192 341 11 17 
1 215 354 17 18 
1 197 369 9 10 
1 249 6 8 11 
1 261 19 7 9 
1 296 22 9 9 
1 259 49 2 2 
1 258 38 7 5 
1 256 29 5 6 
1 266 36 6 12 
1 265 54 8 10 
1 241 76 9 8 
1 247 89 10 10 
1 274 93 6 10 
1 263 102 11 17 
1 240 119 8 9 
1 262 128 9 8 
1 245 181 11 12 
1 272 189 12 12 
1 300 178 9 13 
1 291 194 7 7 
1 259 194 4 6 
1 242 209 7 7 
1 261 201 6 5 
1 262 238 10 8 
1 262 238 10 8 
1 244 244 12 12 
1 266 250 17 14 
1 276 300 13 15 
1 248 324 7 11 
1 246 358 9 8 
1 265 373 9 11 
1 305 2 8 12 
1 345 8 8 14 
1 330 20 6 9 
1 307 28 5 8 
1 334 72 10 10 
1 323 61 7 9 
1 336 100 10 16 
1 348 117 10 16 
1 354 141 16 16 
1 304 111 9 8 
1 322 120 6 9 
1 305 121 5 8 
1 301 176 10 15 
1 306 199 6 9 
1 365 198 9 10 
1 326 203 9 12 
1 346 227 10 15 
1 319 270 9 14 
1 365 248 6 10 
1 313 297 9 10 
1 300 324 10 11 
1 315 352 10 11 
1 307 368 7 12 
1 329 349 11 11 
1 349 369 8 16 
1 357 348 6 10 
1 362 360 6 9 
1 357 290 13 14 
1 366 243 8 13 
1 346 228 10 14 
1 367 198 7 10 
1 325 204 8 13 
1 356 137 11 21 
1 402 46 20 24 
1 400 82 15 24 
1 371 88 8 12 
1 355 135 13 24 
1 388 136 17 19 
1 366 198 8 9 
1 382 187 9 10 
1 405 197 10 10 
1 414 204 11 12 
1 375 231 6 12 
1 386 229 9 20 
1 396 233 9 24 
1 419 243 8 13 
1 422 261 7 12 
1 359 291 13 13 
1 420 284 8 9 
1 418 294 11 8 
1 422 346 7 13 
1 406 331 8 8 
1 397 345 8 9 
1 373 339 7 9 
1 373 354 10 13 
1 359 347 6 9 
1 363 362 7 9 
1 375 368 8 14 
1 395 383 6 15 
1 401 44 21 27 
1 401 85 13 20 
1 417 205 7 12 
1 463 12 8 9 
1 439 39 9 11 
1 437 56 11 16 
1 424 72 7 9 
1 446 72 7 7 
1 450 78 5 12 
1 482 90 9 11 
1 474 99 11 10 
1 485 108 8 11 
1 456 110 11 13 
1 467 136 14 23 
1 467 166 8 11 
1 417 201 10 15 
1 420 242 9 14 
1 466 213 8 11 
1 463 229 6 9 
1 442 236 7 11 
1 482 252 13 17 
1 436 288 13 12 
1 421 286 8 10 
1 421 294 6 9 
1 445 322 7 8 
1 421 343 9 15 
1 444 321 7 9 
1 459 344 5 10 
1 473 358 10 10 
1 431 377 6 10 
1 432 388 11 11 
1 482 90 9 12 
1 476 98 10 12 
1 484 108 10 10 
1 467 137 14 22 
1 468 165 6 12 
1 476 174 6 7 
1 540 1 9 7 
1 554 0 11 7 
1 565 7 10 16 
1 551 10 6 8 
1 552 36 6 10 
1 563 32 6 6 
1 494 15 12 14 
1 485 38 9 12 
1 506 44 8 10 
1 584 44 12 16 
1 581 65 10 13 
1 548 37 11 9 
1 506 60 9 14 
1 509 85 10 12 
1 482 92 9 9 
1 477 98 8 12 
1 493 95 14 13 
1 480 105 16 12 
1 468 134 14 25 
1 574 174 8 11 
1 587 169 11 12 
1 544 198 7 10 
1 490 211 11 15 
1 463 214 9 10 
1 461 228 7 9 
1 481 256 14 14 
1 497 244 8 12 
1 531 224 10 12 
1 467 301 11 12 
1 462 278 16 16 
1 473 357 9 11 
1 523 346 9 14 
1 492 306 28 47 
1 582 363 12 20 
1 592 241 8 9 
1 587 165 11 17 
1 575 172 9 14 
1 541 199 12 9 
1 563 189 6 10 
1 527 222 13 11 
1 543 197 7 12 
1 537 181 7 8 
1 562 190 7 10 
1 574 172 7 14 
1 594 142 8 11 
1 581 64 8 16 
1 583 46 13 14 
1 565 8 13 14 
1 89 47 9 10 
1 213 65 21 20 
1 196 149 14 15 
1 211 153 10 11 
1 221 147 21 24 
1 158 343 9 11 
1 262 265 12 11 
