1 304 167 64 64 
1 367 64 29 30 
1 324 292 30 30 
1 292 245 55 54 
1 227 114 87 87 
1 98 13 28 28 
1 28 40 27 29 
1 29 92 28 29 
1 376 4 22 24 
1 571 124 22 27 
1 523 98 19 22 
1 480 55 15 16 
1 487 83 11 12 
1 314 177 46 40 
1 325 293 33 29 
1 462 355 21 22 
1 364 318 22 19 
1 265 291 22 24 
1 174 190 25 23 
1 105 123 17 21 
1 475 332 17 16 
1 462 310 16 17 
1 515 264 15 19 
1 439 264 16 18 
1 533 220 16 19 
1 243 218 19 17 
1 77 248 20 20 
1 164 265 22 20 
1 188 300 18 18 
1 559 249 40 64 
1 457 149 15 14 
1 440 192 15 15 
1 366 63 38 37 
1 291 103 21 22 
1 175 339 16 16 
1 99 380 17 13 
1 234 389 17 11 
1 374 188 14 18 
1 497 225 13 13 
1 510 223 15 11 
1 562 229 11 13 
1 471 255 16 14 
1 453 259 13 13 
1 474 300 13 10 
1 524 286 14 13 
1 514 303 11 9 
1 47 292 11 14 
1 286 219 14 14 
1 300 246 54 47 
1 260 55 18 20 
1 298 51 21 20 
1 211 86 16 16 
1 131 227 17 17 
1 143 134 15 16 
1 386 143 12 12 
1 418 128 12 13 
1 430 108 13 14 
1 493 240 15 17 
1 301 331 16 16 
1 83 351 16 16 
1 107 91 15 15 
1 134 111 11 15 
1 161 131 17 19 
1 276 368 12 12 
1 3 333 11 12 
1 46 343 13 18 
