1 308 211 40 40 
1 378 118 47 47 
1 274 167 32 32 
1 223 121 26 26 
1 51 157 25 25 
1 73 24 48 48 
1 249 0 86 51 
1 98 127 134 133 
1 495 305 32 32 
1 398 192 155 155 
1 416 379 94 21 
1 383 379 27 21 
1 352 386 19 14 
1 327 326 28 28 
1 306 205 47 48 
1 273 163 36 36 
1 221 119 33 32 
1 242 73 29 25 
1 121 149 23 27 
1 50 154 29 28 
1 0 181 24 29 
1 141 117 17 21 
1 123 112 18 17 
1 42 113 24 22 
1 353 109 22 23 
1 357 261 19 22 
1 326 255 24 20 
1 468 156 23 21 
1 374 188 14 13 
1 389 170 15 14 
1 335 156 15 17 
1 341 172 18 15 
1 556 123 29 30 
1 540 0 22 17 
1 541 27 15 15 
1 480 30 21 14 
1 410 71 18 15 
1 417 112 17 19 
1 465 227 14 18 
1 539 292 15 17 
1 508 209 26 21 
1 421 214 19 18 
1 439 205 12 18 
1 452 203 17 18 
1 376 116 55 56 
1 248 301 23 24 
1 241 337 15 16 
1 278 362 13 19 
1 252 348 16 16 
1 202 377 17 14 
1 58 369 13 17 
1 102 227 18 17 
1 195 186 20 22 
1 199 87 15 18 
1 68 95 15 11 
1 154 25 24 19 
1 154 74 21 19 
1 515 143 17 19 
1 450 321 16 21 
1 424 310 16 17 
1 474 295 18 24 
1 219 66 15 17 
1 203 298 18 20 
1 146 264 19 21 
1 503 55 10 12 
1 458 0 15 17 
1 474 17 11 12 
1 489 16 7 10 
1 496 12 8 12 
1 551 49 14 14 
1 532 66 11 13 
1 414 39 10 11 
1 431 41 10 12 
1 440 36 10 13 
1 430 60 20 26 
1 102 335 10 12 
1 92 378 14 14 
1 174 313 14 14 
1 125 370 13 18 
1 134 224 15 12 
1 111 180 14 15 
1 279 329 15 14 
1 480 121 17 19 
1 96 67 22 16 
1 329 24 12 15 
1 197 22 15 13 
1 414 6 11 11 
1 390 239 12 15 
1 401 230 12 13 
1 10 354 12 16 
1 221 226 11 11 
1 295 283 9 14 
1 168 379 10 12 
1 33 251 10 14 
1 534 119 12 11 
1 160 114 13 13 
1 577 315 13 14 
1 571 335 14 15 
1 331 277 11 11 
1 75 139 12 13 
1 539 92 13 14 
1 141 92 9 11 
1 95 160 13 13 
1 93 213 13 14 
1 163 203 13 13 
