1 235 57 111 111 
1 158 259 71 71 
1 115 32 98 98 
1 166 208 28 28 
1 151 250 103 92 
1 235 41 117 124 
1 2 27 11 21 
1 81 0 20 9 
1 69 9 12 10 
1 62 25 13 16 
1 10 67 18 16 
1 89 57 20 19 
1 71 97 26 28 
1 25 217 20 18 
1 36 261 23 24 
1 57 273 13 18 
1 112 338 28 26 
1 76 265 16 14 
1 86 171 14 16 
1 105 162 15 17 
1 177 125 25 19 
1 281 226 25 26 
1 329 266 25 23 
1 329 232 23 20 
1 26 324 14 15 
1 18 287 9 11 
1 23 274 10 13 
1 42 100 11 10 
1 51 160 12 13 
1 461 333 23 23 
1 493 299 16 18 
1 506 253 17 17 
1 516 221 21 20 
1 561 182 14 17 
1 410 265 16 14 
1 399 326 18 23 
1 365 339 16 14 
1 411 11 18 20 
1 223 343 19 20 
1 203 334 18 17 
1 211 308 10 15 
1 140 15 15 17 
1 387 2 15 18 
1 400 39 15 18 
1 452 14 19 19 
1 167 207 34 34 
1 33 293 22 30 
1 168 47 23 22 
1 552 3 13 13 
1 353 173 18 23 
1 11 178 8 11 
1 39 189 16 12 
1 45 199 14 21 
1 458 134 11 13 
1 459 176 13 13 
1 438 208 15 16 
1 457 211 16 23 
1 477 209 10 14 
1 502 183 8 12 
1 502 210 15 15 
1 537 142 17 19 
1 269 285 20 20 
1 155 13 11 14 
1 98 123 21 15 
1 199 179 9 15 
1 211 190 13 10 
1 67 148 16 16 
1 19 112 10 13 
1 507 17 14 14 
1 394 213 13 14 
1 429 264 13 15 
1 380 303 9 12 
1 404 111 11 13 
