1 64 29 31 32 
1 254 15 33 33 
1 341 303 32 32 
1 522 261 30 31 
1 157 265 58 58 
1 209 315 31 30 
1 277 337 31 31 
1 60 25 41 39 
1 246 11 49 37 
1 116 235 28 28 
1 169 184 0 0 
1 148 159 22 24 
1 2 92 22 29 
1 155 303 24 25 
1 322 274 21 24 
1 204 309 42 39 
1 217 287 23 19 
1 451 92 29 30 
1 481 176 28 28 
1 517 256 41 43 
1 337 299 42 44 
1 106 326 21 23 
1 101 341 29 23 
1 278 340 36 25 
1 411 275 22 21 
1 298 222 15 16 
1 362 232 16 20 
1 352 201 15 15 
1 395 228 20 19 
1 451 253 17 18 
1 537 139 16 19 
1 525 99 23 21 
1 33 204 22 21 
1 40 316 15 13 
1 9 314 13 16 
1 46 324 15 17 
1 346 1 36 35 
1 443 180 0 0 
1 405 141 39 40 
1 354 128 14 19 
1 400 116 13 20 
1 258 221 20 24 
1 488 1 28 22 
1 156 43 18 20 
1 167 76 11 12 
1 152 77 16 15 
1 157 65 17 13 
1 108 278 17 18 
1 257 105 20 20 
1 458 336 14 15 
1 407 306 14 13 
1 536 210 14 16 
1 563 104 12 19 
1 553 51 13 14 
1 502 25 16 18 
1 481 45 16 15 
1 460 8 0 0 
1 460 6 15 19 
1 80 165 16 19 
