1 299 31 29 28 
1 141 132 34 35 
1 547 176 32 31 
1 564 101 32 31 
1 411 0 40 35 
1 244 20 25 25 
1 546 174 33 34 
1 578 178 17 19 
1 564 140 16 17 
1 547 142 13 13 
1 555 103 18 17 
1 566 97 31 34 
1 575 127 10 10 
1 582 72 17 16 
1 558 57 14 13 
1 482 34 18 17 
1 493 49 9 9 
1 496 52 17 19 
1 515 60 10 11 
1 460 20 13 13 
1 435 48 22 23 
1 405 1 50 37 
1 335 37 15 15 
1 338 17 10 11 
1 295 28 36 34 
1 261 9 13 13 
1 242 17 31 34 
1 264 44 31 37 
1 201 27 16 16 
1 210 70 21 20 
1 235 72 15 13 
1 234 116 28 32 
1 224 141 15 13 
1 153 85 17 16 
1 145 66 11 12 
1 142 81 9 10 
1 131 51 12 11 
1 127 63 10 10 
1 99 93 24 24 
1 91 87 11 11 
1 56 56 24 21 
1 67 33 14 13 
1 58 26 12 12 
1 51 19 11 10 
1 26 187 28 31 
1 60 212 28 24 
1 26 246 18 20 
1 35 271 22 21 
1 16 308 23 15 
1 19 320 22 20 
1 1 350 11 18 
1 334 277 23 21 
1 324 231 18 16 
1 259 204 13 13 
1 273 206 12 12 
1 283 206 13 14 
1 277 185 14 14 
1 153 335 18 16 
1 72 246 187 154 
1 352 171 13 12 
1 348 182 24 24 
1 294 180 19 23 
1 354 126 30 28 
1 388 96 13 14 
1 378 107 22 21 
1 365 110 12 14 
1 516 108 25 24 
1 506 75 15 13 
1 517 85 11 11 
1 554 28 13 14 
1 581 228 11 12 
1 576 237 11 13 
1 567 308 14 15 
1 582 289 10 11 
1 548 283 13 14 
1 534 322 11 11 
1 471 338 12 11 
1 476 381 7 9 
1 406 360 15 13 
1 378 361 13 12 
1 305 358 10 9 
1 260 270 10 11 
1 272 268 10 10 
1 67 293 10 9 
1 66 242 10 9 
1 50 242 11 13 
1 14 229 16 15 
1 28 150 14 13 
1 33 161 16 16 
1 2 146 10 11 
1 16 126 12 13 
1 166 33 22 21 
1 171 25 12 12 
1 290 6 14 15 
1 336 1 19 16 
1 357 3 17 16 
1 507 8 10 10 
1 118 120 18 19 
1 144 117 13 12 
1 139 129 52 49 
1 187 150 15 12 
1 169 173 24 22 
1 130 176 20 21 
1 145 163 17 18 
1 140 202 20 21 
1 164 191 11 13 
1 184 228 11 14 
1 199 242 12 13 
1 210 232 13 14 
1 349 189 90 80 
1 101 197 14 13 
1 506 176 14 13 
1 516 241 12 13 
1 460 81 23 20 
1 425 79 25 22 
1 419 74 11 12 
1 460 65 12 13 
1 303 76 15 14 
1 297 122 17 16 
