1 288 96 31 30 
1 160 64 36 36 
1 303 23 165 164 
1 0 146 13 23 
1 21 156 18 26 
1 3 174 15 16 
1 65 192 19 19 
1 32 199 11 11 
1 49 174 16 16 
1 55 147 11 12 
1 48 100 10 11 
1 56 112 10 12 
1 101 102 17 21 
1 142 101 26 26 
1 169 113 11 12 
1 178 150 11 13 
1 192 158 12 13 
1 194 140 12 12 
1 199 130 12 14 
1 202 151 11 12 
1 225 179 16 17 
1 112 233 20 20 
1 65 359 17 17 
1 55 372 17 18 
1 56 392 13 11 
1 18 370 12 13 
1 12 344 12 12 
1 168 334 13 15 
1 221 358 12 14 
1 242 364 27 25 
1 284 366 14 15 
1 249 337 14 14 
1 292 350 18 17 
1 410 251 19 21 
1 446 229 24 25 
1 478 215 15 16 
1 459 198 15 16 
1 585 165 10 12 
1 582 332 11 12 
1 525 358 11 12 
1 9 16 9 8 
1 26 12 21 19 
1 40 2 17 13 
1 66 22 23 19 
1 47 73 16 15 
1 6 78 15 13 
1 22 66 9 10 
1 19 101 9 11 
1 28 94 14 15 
1 56 95 11 10 
1 98 68 12 12 
1 94 84 16 17 
1 108 29 15 14 
1 101 7 9 10 
1 133 14 15 15 
1 171 0 15 14 
1 134 35 27 24 
1 163 33 13 15 
1 153 51 21 21 
1 160 64 41 40 
1 184 22 16 18 
1 206 41 21 20 
1 188 40 13 13 
1 193 1 10 11 
1 223 7 11 13 
1 236 4 16 16 
1 225 28 13 14 
1 307 6 20 21 
1 274 81 14 12 
1 286 95 35 35 
1 323 1 178 216 
1 430 47 23 28 
1 471 16 25 21 
1 361 13 28 29 
1 278 143 14 15 
1 274 156 11 11 
1 272 167 16 14 
1 314 151 11 14 
1 306 156 11 11 
1 203 161 18 19 
1 203 372 51 30 
1 203 333 12 12 
1 198 313 17 15 
1 205 299 14 15 
1 201 262 23 19 
1 245 270 21 21 
1 290 249 27 26 
1 222 230 24 22 
1 261 216 15 16 
1 185 211 20 20 
1 137 278 30 31 
1 99 271 27 29 
1 153 270 20 17 
1 72 304 16 16 
1 87 314 15 19 
1 100 300 12 16 
1 111 312 12 12 
1 128 327 17 15 
1 97 373 18 16 
1 345 381 21 16 
1 575 383 25 17 
1 518 386 31 16 
1 563 368 15 19 
1 540 362 19 18 
1 517 332 26 20 
1 558 308 16 16 
1 554 338 10 13 
1 537 245 37 35 
1 552 185 22 21 
1 560 166 18 20 
1 538 163 19 23 
1 561 204 13 13 
1 587 230 12 12 
1 587 124 12 18 
1 582 91 14 16 
1 111 209 12 14 
1 119 175 22 21 
1 132 188 14 15 
1 140 174 11 11 
1 161 219 17 15 
1 40 242 15 14 
1 38 231 12 13 
1 222 210 16 18 
1 363 263 16 19 
1 360 227 18 19 
1 391 215 13 12 
1 453 312 20 19 
1 465 290 23 23 
1 481 276 13 14 
1 519 246 10 12 
1 525 257 11 12 
1 454 384 13 14 
1 460 365 16 15 
1 455 361 11 11 
1 321 374 21 20 
1 288 43 19 20 
1 522 38 24 23 
1 527 82 15 18 
1 548 43 13 15 
1 325 226 17 18 
1 342 239 13 14 
1 342 251 12 13 
