1 164 129 35 36 
1 330 215 34 33 
1 390 29 26 27 
1 304 307 75 75 
1 143 0 155 145 
1 151 119 56 50 
1 222 144 23 25 
1 323 212 45 39 
1 391 258 17 17 
1 367 293 39 33 
1 451 282 17 17 
1 489 294 19 17 
1 493 269 17 15 
1 528 327 14 14 
1 539 336 15 13 
1 517 215 31 28 
1 403 94 29 28 
1 392 77 18 18 
1 364 62 17 13 
1 382 24 39 34 
1 364 42 20 16 
1 333 52 19 22 
1 117 172 27 22 
1 138 167 18 18 
1 69 298 25 25 
1 86 280 16 17 
1 118 297 14 14 
1 170 285 26 20 
1 287 249 20 21 
1 21 225 13 15 
1 29 239 17 15 
1 30 223 18 15 
1 89 45 24 28 
1 142 92 19 19 
1 176 95 20 20 
1 446 197 15 15 
1 433 204 14 14 
1 224 57 19 23 
1 266 121 20 23 
1 168 212 18 21 
1 392 157 18 25 
1 245 282 22 19 
1 98 4 18 17 
1 108 29 17 15 
1 73 21 23 24 
1 46 7 21 17 
1 504 78 21 23 
1 572 52 13 10 
1 436 26 20 18 
1 310 126 10 11 
1 254 97 10 9 
1 171 49 17 17 
1 217 213 14 10 
1 406 242 10 13 
1 457 232 11 15 
1 466 240 11 13 
1 386 343 11 10 
1 228 267 19 15 
1 154 247 16 17 
1 90 259 19 20 
1 4 162 13 13 
1 89 125 7 12 
1 463 54 15 14 
1 484 95 15 14 
1 512 152 13 15 
1 539 163 13 15 
1 529 140 10 12 
1 509 126 11 12 
1 494 146 10 10 
1 566 342 11 10 
1 438 273 8 9 
1 266 327 12 13 
1 97 332 18 17 
1 5 248 12 16 
1 215 25 12 16 
1 253 333 8 10 
1 215 242 19 22 
1 304 181 15 19 
1 330 197 13 12 
1 559 304 10 12 
1 516 263 16 17 
1 497 249 12 11 
1 475 77 13 14 
1 545 92 12 12 
1 389 1 14 12 
1 287 167 12 14 
1 418 141 14 16 
1 568 207 9 9 
1 205 302 14 12 
1 262 207 13 12 
1 199 218 15 13 
1 169 239 14 15 
1 30 130 16 15 
1 14 75 9 10 
1 67 0 12 13 
1 519 103 12 14 
1 413 310 17 16 
1 91 210 12 10 
1 160 19 13 12 
1 210 1 20 19 
1 559 254 11 11 
1 76 83 13 11 
1 76 142 9 8 
1 38 115 10 9 
1 115 129 10 10 
1 245 19 11 12 
1 518 308 12 10 
1 438 313 11 11 
1 254 239 13 12 
1 126 100 15 13 
