1 149 336 40 41 
1 163 0 51 44 
1 187 177 25 25 
1 461 0 69 45 
1 192 93 28 28 
1 426 309 25 26 
1 182 172 35 32 
1 157 3 67 45 
1 191 93 33 27 
1 191 135 21 18 
1 144 333 51 30 
1 63 331 36 31 
1 36 195 24 24 
1 30 63 29 33 
1 40 16 14 14 
1 83 126 18 16 
1 48 166 14 15 
1 91 178 13 15 
1 98 170 14 11 
1 77 178 16 18 
1 92 248 27 26 
1 31 289 20 18 
1 34 302 14 15 
1 77 307 13 13 
1 167 217 15 17 
1 175 210 21 20 
1 147 93 14 16 
1 147 78 16 14 
1 121 77 22 21 
1 173 161 15 17 
1 154 292 18 17 
1 139 317 17 17 
1 207 325 21 22 
1 223 308 16 15 
1 179 269 12 17 
1 157 260 15 17 
1 130 111 18 14 
1 294 20 23 24 
1 302 166 27 29 
1 279 163 26 25 
1 288 218 20 20 
1 300 201 18 20 
1 252 280 16 14 
1 280 296 12 11 
1 298 301 21 21 
1 293 328 20 19 
1 357 338 17 18 
1 427 302 26 36 
1 385 223 51 71 
1 535 167 23 26 
1 434 156 14 15 
1 456 166 15 15 
1 342 141 25 25 
1 366 129 29 32 
1 383 69 23 24 
1 337 79 19 18 
1 318 78 15 17 
1 258 104 28 29 
1 297 92 27 27 
1 233 69 17 17 
1 239 33 16 18 
1 260 23 16 18 
1 442 63 25 19 
1 502 48 16 19 
1 491 138 18 23 
1 473 174 22 20 
1 438 243 17 17 
1 451 250 15 14 
1 495 285 16 16 
1 550 300 21 20 
1 404 167 21 27 
1 330 173 20 21 
1 560 149 17 17 
1 565 11 20 20 
1 461 127 11 14 
1 498 115 14 16 
1 534 46 23 24 
1 322 0 19 17 
1 353 16 24 20 
1 439 99 15 18 
1 450 100 19 17 
1 530 215 15 19 
1 471 217 19 16 
1 382 326 20 22 
1 357 251 18 19 
