1 536 263 26 25 
1 242 332 28 27 
1 113 217 30 30 
1 49 248 33 33 
1 229 19 49 49 
1 175 234 51 51 
1 21 0 30 24 
1 111 213 38 40 
1 210 20 20 18 
1 96 119 19 19 
1 270 1 22 11 
1 375 52 18 17 
1 177 234 46 47 
1 13 238 18 20 
1 51 321 17 18 
1 108 331 15 20 
1 0 42 17 18 
1 24 77 9 11 
1 375 112 22 22 
1 404 170 14 12 
1 180 61 15 13 
1 100 23 14 12 
1 57 64 8 11 
1 26 31 17 16 
1 34 228 11 13 
1 65 214 15 17 
1 45 247 38 35 
1 45 276 12 12 
1 68 304 17 16 
1 117 275 12 15 
1 91 285 13 14 
1 98 279 8 8 
1 97 207 8 7 
1 106 198 6 9 
1 123 187 12 10 
1 173 101 13 11 
1 149 210 24 26 
1 187 204 20 18 
1 193 199 8 8 
1 209 182 32 33 
1 188 20 11 12 
1 280 112 19 19 
1 287 98 19 18 
1 307 38 13 13 
1 199 154 15 14 
1 242 328 30 27 
1 305 315 24 19 
1 391 298 26 24 
1 532 261 31 31 
1 421 83 17 15 
1 461 137 13 12 
1 483 172 11 11 
1 544 116 17 16 
1 495 207 17 17 
1 525 196 21 17 
1 432 231 16 15 
1 398 221 14 15 
1 382 244 17 17 
1 454 206 14 14 
1 440 219 13 15 
1 455 238 13 15 
1 486 260 18 20 
1 503 155 10 11 
1 526 148 13 13 
1 576 210 10 18 
1 222 332 16 17 
1 168 285 14 15 
1 186 286 13 14 
1 278 216 12 13 
1 341 242 15 15 
1 343 22 14 13 
1 355 21 15 17 
1 559 186 11 11 
1 422 164 26 24 
1 335 316 14 15 
1 322 344 10 11 
1 322 289 10 13 
