1 471 295 29 29 
1 160 108 27 26 
1 40 180 30 30 
1 348 203 31 31 
1 159 105 29 30 
1 210 126 33 35 
1 233 162 20 21 
1 38 176 34 33 
1 12 110 19 14 
1 21 70 20 14 
1 33 13 28 26 
1 456 37 34 26 
1 568 44 18 22 
1 547 98 14 11 
1 360 58 26 23 
1 391 94 19 20 
1 393 137 13 16 
1 415 147 16 13 
1 408 158 13 13 
1 348 196 34 38 
1 280 243 22 20 
1 286 275 17 13 
1 414 255 16 15 
1 416 287 21 24 
1 455 106 9 12 
1 453 124 17 14 
1 11 219 10 13 
1 123 38 14 13 
1 135 48 18 15 
1 167 17 10 13 
1 312 121 16 13 
1 307 175 14 14 
1 437 1 23 15 
1 401 0 10 9 
1 513 102 15 12 
1 497 203 10 9 
1 232 56 10 10 
1 237 27 9 10 
