1 245 0 170 142 
1 380 164 38 38 
1 536 20 27 27 
1 556 114 35 35 
1 41 163 51 50 
1 204 92 35 35 
1 495 52 49 49 
1 0 0 18 21 
1 1 49 10 13 
1 20 63 15 14 
1 33 70 8 10 
1 6 74 5 7 
1 15 91 8 10 
1 37 89 7 6 
1 9 125 18 22 
1 0 169 10 12 
1 39 169 14 15 
1 43 168 36 36 
1 80 211 8 10 
1 76 235 8 10 
1 61 242 7 7 
1 20 244 12 12 
1 62 275 12 12 
1 42 291 9 8 
1 71 313 10 13 
1 83 275 17 22 
1 96 303 15 15 
1 104 323 11 12 
1 118 336 7 7 
1 111 243 19 19 
1 128 276 14 14 
1 143 272 10 11 
1 219 330 8 9 
1 179 285 10 8 
1 175 255 10 10 
1 87 161 8 10 
1 28 37 12 14 
1 40 12 16 16 
1 73 48 11 10 
1 75 26 17 17 
1 64 65 12 13 
1 58 44 6 9 
1 101 85 9 9 
1 103 72 6 7 
1 92 51 6 8 
1 110 75 19 18 
1 105 23 12 14 
1 122 0 16 10 
1 104 1 10 7 
1 143 37 9 10 
1 157 22 10 8 
1 162 2 9 9 
1 163 9 8 8 
1 160 44 16 13 
1 164 70 10 12 
1 142 74 8 8 
1 149 78 10 11 
1 133 97 7 6 
1 138 101 12 16 
1 109 130 7 7 
1 109 145 8 11 
1 104 166 9 9 
1 108 190 10 9 
1 194 170 6 8 
1 202 253 9 9 
1 159 243 7 9 
1 147 232 7 8 
1 228 220 9 8 
1 216 135 8 9 
1 222 175 9 9 
1 227 292 9 8 
1 190 291 8 8 
1 241 303 7 8 
1 180 89 11 12 
1 185 76 9 10 
1 221 64 14 17 
1 245 50 9 12 
1 198 24 8 12 
1 199 12 7 8 
1 227 24 8 8 
1 237 6 6 6 
1 233 14 7 7 
1 245 20 10 11 
1 256 33 9 8 
1 255 43 10 11 
1 252 75 10 12 
1 258 94 7 9 
1 208 92 25 30 
1 186 118 24 25 
1 179 105 12 13 
1 172 159 5 6 
1 225 190 9 11 
1 245 182 7 11 
1 276 168 13 11 
1 255 122 7 6 
1 373 105 7 8 
1 258 0 128 135 
1 341 133 7 8 
1 396 138 10 12 
1 366 136 7 8 
1 370 158 8 10 
1 348 172 11 12 
1 261 204 22 22 
1 260 244 8 9 
1 266 255 8 8 
1 276 246 8 7 
1 283 238 6 10 
1 289 233 6 6 
1 294 239 8 12 
1 298 266 18 18 
1 323 253 8 10 
1 323 201 14 13 
1 307 184 8 8 
1 284 189 8 10 
1 346 213 11 9 
1 350 247 11 12 
1 361 257 9 9 
1 373 260 11 11 
1 402 287 10 8 
1 330 290 9 10 
1 328 325 18 16 
1 352 347 11 13 
1 402 326 8 9 
1 426 124 7 9 
1 462 115 13 14 
1 455 130 10 12 
1 478 26 13 12 
1 481 49 7 10 
1 499 55 9 9 
1 464 78 10 9 
1 360 211 6 8 
1 410 220 8 10 
1 411 205 9 10 
1 425 228 10 11 
1 435 215 6 7 
1 448 222 10 10 
1 446 274 14 14 
1 457 285 14 14 
1 434 300 9 10 
1 457 339 7 9 
1 467 334 7 9 
1 523 328 20 23 
1 497 309 8 10 
1 500 322 8 10 
1 480 297 12 15 
1 506 305 9 11 
1 491 143 11 12 
1 481 160 9 11 
1 497 188 11 13 
1 477 193 13 18 
1 467 215 10 12 
1 464 239 8 9 
1 478 250 9 10 
1 444 244 7 9 
1 452 240 9 9 
1 504 216 9 11 
1 535 208 12 12 
1 570 203 7 10 
1 574 196 7 10 
1 561 117 20 26 
1 520 116 10 25 
1 537 131 10 10 
1 563 88 12 12 
1 549 47 16 22 
1 568 47 12 15 
1 538 17 24 29 
1 555 5 9 11 
1 532 80 8 9 
1 504 58 32 41 
1 508 31 10 14 
1 504 100 6 9 
1 442 180 7 8 
1 380 156 41 45 
1 28 382 9 8 
1 45 353 9 9 
1 50 339 7 8 
1 19 339 12 12 
1 68 326 11 11 
1 302 360 14 12 
1 553 368 11 12 
1 560 352 10 12 
1 183 57 11 11 
1 154 137 13 13 
1 216 135 10 10 
1 242 138 9 11 
1 167 350 52 50 
