1 542 312 32 32 
1 15 137 30 30 
1 300 183 57 56 
1 112 1 45 37 
1 153 16 24 23 
1 44 85 18 18 
1 46 104 11 11 
1 29 119 13 12 
1 1 81 8 21 
1 15 137 35 32 
1 42 190 28 28 
1 63 170 19 19 
1 2 209 26 28 
1 57 237 19 18 
1 49 277 18 18 
1 59 301 16 19 
1 3 325 13 13 
1 8 330 28 27 
1 6 350 15 15 
1 52 351 23 21 
1 65 341 13 13 
1 83 367 18 16 
1 124 310 18 18 
1 137 310 33 30 
1 273 171 32 32 
1 352 2 33 30 
1 413 20 16 16 
1 435 2 17 16 
1 499 1 19 16 
1 520 28 18 18 
1 561 35 18 20 
1 498 86 22 22 
1 505 102 13 14 
1 427 159 19 18 
1 492 181 28 26 
1 505 211 17 17 
1 496 222 17 18 
1 480 228 15 17 
1 479 247 13 14 
1 478 263 16 15 
1 525 167 80 95 
1 555 266 23 23 
1 538 308 40 40 
1 527 337 13 16 
1 449 374 72 29 
1 483 342 15 18 
1 281 344 17 17 
1 333 315 18 20 
1 352 271 22 26 
1 408 249 14 16 
1 112 137 24 24 
1 142 107 43 41 
1 104 227 14 14 
1 107 299 19 18 
1 162 185 12 12 
1 172 179 14 15 
1 182 186 12 13 
1 145 191 12 14 
1 214 161 15 16 
1 230 173 17 19 
1 295 176 68 68 
1 359 214 21 21 
1 347 231 17 18 
1 320 245 17 19 
1 295 286 15 16 
1 294 270 19 18 
1 272 311 19 20 
1 195 347 13 15 
1 203 341 14 15 
1 365 175 18 18 
1 309 128 17 19 
1 302 90 21 20 
1 314 75 19 19 
1 377 125 17 18 
1 380 142 17 15 
1 429 79 23 24 
1 454 293 17 20 
1 422 248 31 30 
1 408 248 15 18 
1 507 172 13 15 
1 497 160 16 17 
1 433 387 13 14 
1 195 67 16 17 
1 199 54 14 15 
1 206 4 11 13 
1 252 92 13 14 
1 270 232 19 20 
1 330 373 17 17 
1 302 377 18 17 
1 454 326 24 26 
1 508 252 42 47 
1 537 280 14 16 
1 481 56 28 28 
1 530 2 25 24 
1 279 95 21 20 
1 254 96 10 11 
1 218 253 13 14 
1 270 231 18 19 
1 102 137 13 13 
1 87 124 13 13 
1 415 0 12 13 
1 450 45 12 13 
1 339 33 14 15 
1 308 159 13 13 
1 294 162 9 11 
1 264 152 11 11 
1 240 141 11 12 
1 480 95 14 14 
1 450 134 11 11 
1 438 148 12 14 
1 414 189 15 16 
1 419 310 16 16 
1 413 320 13 13 
1 401 311 12 14 
1 396 336 12 14 
