1 319 240 76 76 
1 448 234 57 57 
1 244 364 35 36 
1 440 90 46 47 
1 129 0 36 20 
1 128 1 42 21 
1 79 58 30 28 
1 196 194 27 29 
1 109 198 20 21 
1 151 323 20 21 
1 23 343 19 18 
1 52 347 15 17 
1 88 301 23 20 
1 55 30 13 16 
1 289 255 27 27 
1 314 306 13 14 
1 330 335 13 17 
1 351 341 12 15 
1 393 338 11 13 
1 409 338 18 15 
1 323 245 76 65 
1 439 226 76 65 
1 450 269 10 14 
1 138 88 31 27 
1 171 194 22 19 
1 95 238 13 13 
1 78 214 11 9 
1 74 6 10 12 
1 186 34 14 14 
1 177 0 18 18 
1 311 36 18 19 
1 251 48 20 14 
1 251 158 24 22 
1 258 185 10 11 
1 312 173 13 15 
1 332 157 24 24 
1 407 28 17 20 
1 423 23 21 22 
1 419 1 22 15 
1 545 16 19 17 
1 537 35 18 18 
1 495 59 12 14 
1 528 77 18 18 
1 551 83 13 15 
1 565 96 15 15 
1 565 107 13 14 
1 564 137 25 27 
1 420 177 16 18 
1 431 160 14 17 
1 439 96 49 36 
1 489 167 35 32 
1 520 195 31 30 
1 514 314 15 16 
1 526 324 23 24 
1 520 281 11 14 
1 550 284 12 14 
1 209 281 15 16 
1 114 183 16 15 
1 194 97 12 11 
1 103 93 10 10 
1 345 20 11 10 
1 351 8 11 14 
1 376 11 9 10 
1 408 49 10 10 
1 395 89 14 15 
1 395 78 8 11 
1 364 123 12 12 
1 360 146 15 15 
1 269 133 19 16 
1 295 150 12 10 
1 296 124 14 14 
1 254 76 20 15 
1 274 90 14 12 
1 235 141 11 11 
1 175 315 10 14 
1 222 204 13 13 
1 293 194 9 12 
1 449 191 12 17 
1 529 171 13 17 
1 528 138 17 18 
1 505 133 12 13 
1 498 154 12 13 
1 514 143 9 12 
1 511 156 12 13 
1 406 253 15 13 
1 404 264 9 9 
1 410 276 13 11 
1 412 289 6 9 
1 447 308 10 11 
1 445 295 8 8 
1 427 284 13 15 
1 562 222 11 12 
1 532 309 13 15 
1 570 327 14 21 
1 550 334 9 9 
1 504 19 11 13 
1 356 65 13 12 
1 143 155 9 11 
1 163 247 10 12 
1 206 264 10 11 
