1 187 292 94 94 
1 317 321 41 42 
1 323 86 139 139 
1 454 108 57 56 
1 203 106 31 32 
1 11 250 46 45 
1 65 213 73 73 
1 101 137 64 64 
1 203 0 58 53 
1 279 0 107 58 
1 347 19 37 38 
1 460 48 27 27 
1 502 169 40 41 
1 509 269 30 30 
1 418 300 82 82 
1 301 101 25 25 
1 545 56 31 31 
1 524 96 25 25 
1 10 245 51 49 
1 99 314 23 22 
1 82 68 21 19 
1 18 0 15 16 
1 131 53 14 14 
1 103 23 27 28 
1 15 122 12 15 
1 20 184 15 14 
1 20 231 18 18 
1 167 131 16 17 
1 188 71 18 15 
1 200 104 32 34 
1 231 134 20 23 
1 253 146 26 26 
1 289 80 21 18 
1 297 99 0 0 
1 296 95 30 36 
1 303 319 16 16 
1 309 317 53 47 
1 156 359 16 16 
1 110 373 15 12 
1 116 333 20 18 
1 176 321 15 17 
1 184 294 83 89 
1 198 374 23 19 
1 168 181 29 28 
1 205 189 20 22 
1 286 195 19 19 
1 271 226 23 21 
1 258 239 13 11 
1 296 158 21 20 
1 304 195 23 19 
1 332 208 14 13 
1 415 196 17 16 
1 369 268 18 17 
1 359 300 23 22 
1 469 23 20 15 
1 569 161 28 29 
1 474 98 28 25 
1 16 361 19 17 
1 374 115 19 23 
1 326 178 17 14 
1 310 174 15 15 
1 18 304 17 18 
1 47 164 19 15 
1 476 381 14 17 
1 439 247 20 21 
1 336 258 23 18 
1 475 305 13 16 
1 431 309 16 15 
1 560 362 20 21 
1 561 301 17 20 
1 494 163 21 22 
1 453 159 0 0 
1 456 120 0 0 
1 458 123 28 28 
1 453 160 23 23 
1 407 135 18 16 
1 509 83 21 18 
1 533 140 30 28 
1 515 109 19 28 
1 176 29 23 19 
1 60 203 16 14 
1 83 346 18 19 
1 273 52 18 20 
1 413 229 0 0 
1 416 231 18 16 
1 366 193 22 16 
1 490 228 0 0 
1 490 228 25 27 
1 553 198 21 20 
1 302 388 16 12 
1 92 224 0 0 
1 92 208 13 17 
1 307 10 15 16 
1 332 88 15 14 
1 351 63 15 13 
1 344 42 10 15 
