1 223 115 39 38 
1 291 249 33 33 
1 14 114 35 35 
1 5 75 32 32 
1 1 278 52 52 
1 331 0 81 65 
1 386 124 53 53 
1 176 0 32 30 
1 145 58 29 29 
1 557 299 26 25 
1 490 0 28 15 
1 285 242 43 43 
1 263 5 23 20 
1 2 70 36 42 
1 6 110 45 42 
1 179 77 26 30 
1 25 12 23 29 
1 11 3 23 14 
1 88 91 26 27 
1 132 199 18 15 
1 182 187 26 24 
1 190 139 23 20 
1 360 225 24 25 
1 300 3 35 32 
1 304 329 20 16 
1 176 289 16 19 
1 134 57 40 32 
1 226 3 25 21 
1 492 115 30 34 
1 472 131 20 19 
1 548 23 23 22 
1 560 124 22 29 
1 154 135 23 20 
1 142 215 19 15 
1 140 231 26 16 
1 264 261 18 16 
1 244 310 21 20 
1 84 195 23 20 
1 0 241 20 23 
1 543 346 18 14 
1 70 3 22 20 
1 108 255 14 17 
1 427 218 18 21 
1 482 318 18 20 
1 245 199 17 17 
1 364 53 16 14 
1 79 287 45 28 
1 148 328 25 15 
1 403 312 26 25 
1 98 147 22 20 
1 96 38 20 21 
1 219 99 17 15 
1 379 249 19 21 
1 393 338 19 21 
1 471 249 15 16 
1 471 183 21 22 
1 288 37 16 15 
1 557 321 15 15 
1 233 279 14 14 
1 341 106 19 17 
1 462 99 15 15 
1 559 88 15 13 
1 519 95 14 14 
1 207 295 16 17 
1 208 347 17 14 
1 566 240 16 20 
