1 484 141 49 49 
1 75 266 32 33 
1 341 94 35 35 
1 196 0 35 22 
1 397 235 32 32 
1 476 134 64 56 
1 484 211 27 27 
1 442 282 25 25 
1 363 281 26 26 
1 244 311 18 17 
1 227 336 28 23 
1 68 265 38 31 
1 127 271 23 21 
1 38 193 23 20 
1 127 92 23 21 
1 338 96 43 33 
1 432 151 26 22 
1 460 17 24 22 
1 439 33 18 18 
1 533 182 23 24 
1 451 303 27 22 
1 485 303 20 14 
1 494 290 16 16 
1 557 341 24 18 
1 373 264 16 20 
1 411 279 21 20 
1 457 213 21 17 
1 328 39 35 33 
1 263 63 28 27 
1 305 69 17 19 
1 318 71 20 16 
1 393 85 17 14 
1 449 78 20 16 
1 558 -11 25 29 
1 477 -2 27 18 
1 192 -3 44 31 
1 -1 20 31 23 
1 2 51 25 23 
1 231 153 28 33 
1 264 181 18 17 
1 361 137 20 18 
1 404 51 14 11 
1 423 14 19 12 
1 415 40 13 14 
1 79 142 19 20 
1 316 246 16 19 
1 268 252 14 15 
1 276 296 20 21 
1 295 153 19 17 
1 321 156 16 16 
1 367 188 18 16 
1 241 32 17 16 
1 351 306 25 22 
1 299 213 17 14 
1 332 167 20 16 
1 372 83 16 17 
1 200 69 16 14 
1 171 72 14 10 
1 181 73 16 13 
1 172 86 17 15 
1 62 249 17 16 
1 169 267 17 15 
1 537 308 15 12 
1 569 239 15 17 
1 -2 279 25 31 
1 115 1 18 16 
1 65 316 17 17 
1 354 225 13 10 
1 296 198 15 12 
1 219 195 11 12 
1 322 205 12 8 
1 477 236 13 13 
1 537 277 12 11 
1 361 20 12 11 
1 85 94 11 10 
1 66 136 10 8 
1 8 170 17 21 
1 28 168 9 10 
1 60 152 10 12 
1 108 189 13 15 
1 166 192 12 12 
1 197 244 11 11 
1 191 287 8 8 
1 211 310 15 15 
1 199 338 15 11 
1 269 331 11 12 
1 282 258 17 18 
1 313 283 12 10 
1 487 330 9 10 
1 461 267 13 12 
1 545 257 10 8 
1 550 229 9 10 
1 540 78 12 11 
1 432 1 7 9 
1 290 124 10 10 
1 165 155 14 12 
1 82 28 13 12 
1 152 35 11 12 
1 195 118 17 14 
1 243 221 14 15 
1 247 259 15 14 
1 438 255 9 10 
1 397 116 10 9 
