1 120 204 42 42 
1 84 125 83 83 
1 113 197 57 57 
1 120 91 28 23 
1 115 34 36 31 
1 26 2 31 35 
1 8 112 22 24 
1 43 111 23 17 
1 29 110 18 18 
1 70 138 19 23 
1 141 112 18 22 
1 138 95 21 29 
1 262 151 0 0 
1 226 118 36 34 
1 2 317 26 22 
1 238 292 21 21 
1 225 231 24 17 
1 173 173 37 26 
1 272 112 34 25 
1 285 0 39 20 
1 291 79 30 30 
1 272 96 19 22 
1 271 190 17 18 
1 64 277 17 22 
1 160 328 0 0 
1 0 0 0 0 
1 17 158 15 22 
1 155 65 15 17 
1 175 72 21 18 
1 325 114 21 18 
1 306 156 18 17 
1 143 310 16 17 
1 47 208 19 19 
1 31 216 22 20 
