1 452 301 58 58 
1 98 65 53 53 
1 373 220 29 29 
1 388 88 17 18 
1 368 92 17 18 
1 395 72 15 16 
1 366 382 13 12 
1 301 162 15 16 
1 240 228 16 17 
1 252 218 14 14 
1 266 178 17 16 
1 261 194 12 11 
1 257 99 22 18 
1 298 106 18 19 
1 243 30 21 20 
1 220 47 29 30 
1 231 87 22 22 
1 193 158 25 21 
1 160 160 15 14 
1 158 209 16 16 
1 231 290 16 15 
1 115 240 16 15 
1 131 249 14 13 
1 89 311 20 20 
1 178 1 13 13 
1 163 1 17 17 
1 0 265 12 14 
1 3 202 13 15 
1 87 11 15 15 
1 67 132 16 15 
1 82 187 16 17 
1 98 182 16 17 
1 93 163 15 16 
1 109 164 16 15 
1 120 132 24 22 
1 111 142 19 18 
1 98 135 17 17 
1 449 298 68 67 
1 458 280 16 18 
1 473 382 19 18 
1 425 251 21 20 
1 421 223 21 20 
1 469 233 25 22 
1 466 254 20 17 
1 415 72 29 32 
1 410 25 14 14 
1 424 9 8 8 
1 362 5 17 17 
1 337 22 19 19 
1 359 26 10 11 
1 345 52 17 18 
1 309 64 21 21 
1 369 220 37 36 
1 305 215 15 17 
1 321 246 22 20 
1 308 268 29 25 
1 341 352 17 19 
1 289 386 15 13 
1 278 387 10 10 
1 236 345 16 17 
1 234 373 13 12 
1 213 389 16 12 
1 175 325 18 22 
1 187 341 12 13 
1 204 345 12 15 
1 111 369 11 13 
1 113 342 15 14 
1 82 374 13 15 
1 80 388 14 12 
1 50 380 16 15 
1 51 359 13 14 
1 9 355 32 35 
1 13 298 19 20 
1 32 310 19 19 
1 46 300 18 18 
1 55 278 25 25 
1 54 245 25 23 
1 25 238 15 17 
1 33 225 12 13 
1 28 201 37 36 
1 10 220 16 17 
1 1 221 8 15 
1 51 179 12 15 
1 9 166 20 18 
1 0 135 26 29 
1 10 120 16 18 
1 37 64 30 30 
1 60 103 13 14 
1 7 69 12 14 
1 8 55 13 14 
1 46 45 17 15 
1 1 21 12 16 
1 25 0 17 14 
1 123 24 18 19 
1 133 43 16 15 
1 133 61 16 16 
1 107 67 35 34 
1 445 125 15 14 
1 483 215 14 14 
1 394 51 13 12 
1 314 313 13 14 
1 220 260 20 20 
1 269 124 21 21 
1 221 126 14 15 
1 203 64 13 16 
1 211 6 11 12 
1 89 63 20 20 
1 84 48 13 12 
1 82 55 11 12 
1 24 31 15 15 
1 38 44 14 13 
1 195 389 13 14 
1 123 217 10 11 
1 126 225 9 9 
1 33 281 12 13 
1 282 41 26 25 
1 353 322 14 14 
1 351 311 12 12 
1 258 72 12 12 
1 266 63 11 12 
1 270 59 11 12 
1 285 63 10 10 
1 110 288 10 10 
