1 481 65 61 61 
1 248 356 29 29 
1 29 390 16 13 
1 124 302 24 25 
1 18 259 20 20 
1 27 232 11 12 
1 15 192 12 12 
1 3 168 14 12 
1 1 95 11 14 
1 17 100 13 11 
1 18 70 11 10 
1 75 68 14 16 
1 97 71 10 12 
1 110 78 18 17 
1 93 91 12 12 
1 104 43 16 15 
1 164 72 13 13 
1 167 45 14 14 
1 234 47 11 12 
1 245 57 10 10 
1 224 132 15 17 
1 202 174 14 15 
1 232 183 17 19 
1 259 227 14 13 
1 272 238 19 20 
1 205 250 21 22 
1 171 305 20 17 
1 182 347 17 17 
1 197 333 38 36 
1 244 353 36 34 
1 265 335 14 16 
1 304 288 23 22 
1 355 341 25 25 
1 339 250 21 21 
1 370 197 18 18 
1 372 166 12 13 
1 438 182 15 15 
1 446 238 21 20 
1 473 240 16 16 
1 437 303 17 18 
1 466 310 20 23 
1 486 325 11 11 
1 496 325 11 12 
1 504 337 13 14 
1 480 342 26 26 
1 560 363 15 17 
1 539 352 10 12 
1 553 318 13 13 
1 572 306 17 20 
1 581 246 19 27 
1 552 224 13 14 
1 574 188 21 24 
1 551 180 14 13 
1 575 146 13 14 
1 585 97 14 18 
1 589 31 15 15 
1 512 41 17 16 
1 505 27 16 15 
1 453 50 102 89 
1 456 30 15 14 
1 454 42 17 14 
1 441 56 14 16 
1 465 60 10 13 
1 443 7 19 18 
1 411 60 17 19 
1 450 96 19 22 
1 414 98 24 22 
1 463 146 20 21 
1 483 147 13 13 
1 486 111 17 18 
1 518 160 19 18 
1 481 197 16 16 
1 463 200 11 10 
1 123 155 14 13 
1 133 153 13 15 
1 266 301 11 12 
1 250 297 12 12 
1 291 132 18 17 
1 234 97 13 13 
1 125 197 16 14 
1 104 234 14 14 
1 119 240 16 16 
1 47 237 11 11 
1 59 208 13 15 
1 372 286 14 15 
1 494 263 14 13 
1 528 287 11 12 
1 536 267 15 14 
1 449 341 13 14 
1 436 355 13 15 
1 460 364 14 13 
1 493 363 18 18 
1 358 81 14 15 
1 382 79 14 15 
1 353 104 14 15 
1 299 324 35 34 
1 369 222 17 16 
1 547 171 14 14 
1 534 139 12 12 
1 416 305 17 17 
1 438 158 18 19 
1 217 292 19 19 
1 143 103 12 13 
1 194 219 13 14 
