1 0 45 25 33 
1 276 221 52 48 
1 329 196 33 33 
1 420 171 24 29 
1 460 171 24 23 
1 506 186 21 27 
1 559 139 17 20 
1 321 122 16 18 
1 83 153 20 23 
1 0 44 25 38 
1 201 304 24 24 
1 222 348 26 26 
1 472 357 23 22 
1 369 383 44 17 
1 414 383 39 17 
1 56 346 22 23 
1 7 265 20 18 
1 125 46 23 27 
1 482 0 29 25 
1 140 174 20 19 
1 3 150 13 11 
1 25 123 19 22 
1 46 139 12 12 
1 139 81 17 16 
1 122 91 15 15 
1 196 8 16 18 
1 267 22 14 13 
1 320 43 15 13 
1 265 71 19 19 
1 198 73 16 16 
1 306 77 9 11 
1 388 86 13 15 
1 365 98 14 11 
1 346 109 13 12 
1 461 150 13 13 
1 502 52 16 14 
1 458 127 17 15 
1 306 272 15 16 
1 313 336 17 19 
1 526 331 15 17 
1 585 329 13 16 
1 553 360 18 18 
1 147 370 22 23 
1 101 350 13 15 
1 113 383 14 14 
1 99 371 11 9 
1 189 162 21 23 
1 166 130 19 17 
1 188 115 21 16 
1 409 252 16 14 
1 422 221 20 20 
1 428 1 20 11 
1 111 222 14 16 
1 81 196 17 16 
1 7 234 14 16 
1 9 198 16 16 
1 11 170 11 13 
1 17 296 19 17 
1 0 305 12 19 
1 153 297 15 11 
1 140 352 13 16 
1 149 199 11 15 
1 284 45 15 12 
1 289 61 16 15 
1 29 367 10 13 
1 134 244 10 11 
1 157 273 13 11 
1 588 54 12 25 
1 561 0 33 26 
1 339 359 14 13 
1 430 280 17 13 
1 423 293 15 12 
1 507 303 17 14 
1 492 197 14 17 
1 394 297 12 14 
1 370 252 13 15 
1 329 259 10 11 
1 329 162 11 12 
1 98 11 12 15 
1 516 169 13 15 
1 549 214 14 18 
1 541 200 13 14 
1 529 214 14 20 
1 535 292 13 15 
1 560 326 14 17 
1 519 148 14 16 
1 496 85 12 11 
1 495 101 12 12 
1 425 92 12 12 
1 413 146 14 15 
1 375 155 13 11 
1 66 120 16 16 
1 499 230 12 15 
1 451 228 15 13 
1 365 295 13 14 
1 296 325 12 11 
1 263 315 14 13 
1 267 334 11 14 
1 292 339 9 12 
1 271 372 18 15 
1 312 370 13 15 
1 424 344 12 12 
1 180 242 14 16 
1 239 73 14 15 
1 363 64 9 11 
1 468 316 10 12 
1 449 313 11 14 
1 531 275 13 13 
1 446 242 13 12 
1 407 125 10 10 
1 204 330 10 11 
1 44 218 11 13 
1 51 3 12 8 
1 507 328 10 8 
1 348 326 21 20 
