1 69 30 43 43 
1 277 159 44 44 
1 311 235 26 25 
1 517 246 34 34 
1 543 356 40 39 
1 13 124 129 128 
1 0 175 30 33 
1 15 100 30 29 
1 512 243 40 36 
1 552 237 19 18 
1 70 30 43 43 
1 5 104 16 16 
1 16 98 32 35 
1 32 73 15 16 
1 8 56 14 14 
1 123 66 25 22 
1 169 64 27 24 
1 272 152 48 48 
1 312 233 27 24 
1 352 45 24 28 
1 371 7 22 20 
1 491 7 13 16 
1 499 2 19 14 
1 513 1 22 19 
1 460 60 13 14 
1 377 70 15 11 
1 428 68 12 11 
1 428 80 11 10 
1 284 315 19 21 
1 328 308 16 19 
1 365 292 20 18 
1 371 305 17 15 
1 433 325 16 14 
1 0 171 33 42 
1 91 185 23 22 
1 141 164 19 20 
1 162 202 15 16 
1 212 210 19 18 
1 215 244 20 19 
1 154 301 20 22 
1 207 301 18 16 
1 128 203 10 11 
1 144 210 10 12 
1 190 138 11 13 
1 216 88 17 17 
1 267 9 15 15 
1 12 139 16 17 
1 50 105 15 16 
1 50 116 13 15 
1 157 330 11 11 
1 170 344 11 12 
1 92 309 18 19 
1 131 345 10 11 
1 293 202 17 17 
1 329 153 13 13 
1 563 196 9 10 
1 569 213 9 9 
1 94 117 12 9 
1 26 239 11 10 
1 222 264 9 9 
1 222 271 11 10 
1 206 318 14 11 
1 369 264 12 13 
1 166 258 8 9 
1 228 284 10 11 
