1 488 23 44 44 
1 566 121 26 26 
1 469 76 35 35 
1 273 18 46 45 
1 271 71 49 49 
1 585 321 16 22 
1 581 313 12 14 
1 569 337 16 16 
1 545 371 15 15 
1 491 342 63 59 
1 472 330 13 12 
1 473 319 11 11 
1 450 330 14 16 
1 428 326 14 15 
1 405 357 28 28 
1 380 318 13 15 
1 307 344 12 13 
1 290 355 14 15 
1 269 361 15 15 
1 210 363 63 44 
1 228 323 26 28 
1 261 316 13 13 
1 185 327 12 12 
1 164 337 15 16 
1 151 346 14 15 
1 128 337 15 15 
1 113 353 18 19 
1 138 370 15 15 
1 58 364 18 18 
1 18 379 22 22 
1 14 367 17 16 
1 13 294 16 17 
1 96 268 24 24 
1 124 253 22 23 
1 106 260 14 13 
1 94 260 12 12 
1 96 251 12 13 
1 103 243 13 13 
1 63 233 20 20 
1 65 253 19 18 
1 166 197 17 19 
1 173 185 19 18 
1 157 154 28 29 
1 144 140 24 24 
1 23 121 22 22 
1 44 115 15 17 
1 23 87 17 17 
1 5 102 14 15 
1 1 76 12 16 
1 50 25 29 30 
1 70 13 15 16 
1 85 12 19 21 
1 478 13 80 76 
1 526 11 20 24 
1 468 49 27 27 
1 463 73 47 43 
1 527 129 19 20 
1 482 147 19 20 
1 453 119 18 20 
1 467 114 19 19 
1 562 118 34 35 
1 583 78 17 16 
1 569 28 18 19 
1 570 99 14 13 
1 518 204 36 36 
1 565 236 19 20 
1 553 252 14 14 
1 579 184 15 15 
1 432 254 28 29 
1 546 281 14 14 
1 526 289 17 18 
1 514 301 18 18 
1 542 318 16 15 
1 543 296 14 14 
1 394 165 23 21 
1 407 154 15 15 
1 405 57 20 19 
1 440 67 20 21 
1 586 7 14 14 
1 436 1 17 14 
1 424 6 13 14 
1 351 43 24 23 
1 365 40 27 25 
1 270 16 24 23 
1 287 62 14 13 
1 272 83 20 18 
1 263 100 24 26 
1 278 100 24 23 
1 318 109 24 22 
1 300 132 14 14 
1 326 144 16 18 
1 285 164 18 18 
1 256 156 18 18 
1 212 82 25 24 
1 205 70 19 19 
1 203 36 18 20 
1 248 8 15 16 
1 176 102 37 35 
1 151 108 24 24 
1 133 60 22 22 
1 89 106 15 16 
1 58 74 16 18 
1 11 238 15 17 
1 16 220 15 15 
1 2 173 14 16 
1 0 192 16 18 
1 0 206 12 13 
1 86 348 15 15 
1 114 317 14 16 
1 340 233 18 17 
1 323 222 15 13 
1 377 138 30 31 
1 351 120 21 20 
1 356 343 14 15 
1 321 318 17 17 
1 316 280 22 21 
1 336 309 11 11 
1 343 322 12 11 
1 364 316 15 17 
1 326 62 36 38 
1 50 152 18 18 
1 84 185 13 15 
1 97 179 12 12 
1 57 195 12 12 
1 50 281 10 11 
1 7 40 14 13 
1 4 54 9 10 
1 248 41 14 15 
1 173 282 13 14 
1 177 299 13 15 
1 152 275 14 17 
1 139 285 14 14 
1 586 24 16 21 
1 421 78 11 12 
1 438 88 12 12 
1 424 102 12 12 
1 408 107 11 10 
1 409 117 11 10 
1 423 122 14 13 
1 423 133 11 13 
1 428 25 12 13 
1 444 39 10 11 
1 390 1 11 10 
1 402 34 11 13 
1 396 24 11 12 
1 467 162 9 13 
1 476 167 12 13 
1 521 152 11 12 
1 529 179 10 10 
1 580 154 15 16 
1 455 282 21 21 
1 484 297 13 15 
1 199 3 12 13 
1 6 129 11 11 
1 61 170 9 11 
1 574 321 10 11 
1 265 219 13 14 
1 284 206 13 15 
1 281 226 16 15 
1 230 152 14 14 
1 138 5 13 14 
1 107 4 12 12 
1 258 192 10 10 
1 368 70 10 11 
1 282 2 11 10 
