1 498 61 36 36 
1 142 259 32 32 
1 107 223 48 47 
1 58 4 50 50 
1 13 329 30 29 
1 15 15 14 16 
1 36 14 10 10 
1 45 13 8 14 
1 7 26 9 11 
1 29 39 7 11 
1 10 66 11 14 
1 45 79 10 13 
1 45 79 10 13 
1 15 95 11 12 
1 41 99 9 16 
1 54 102 10 12 
1 41 121 14 17 
1 48 135 16 17 
1 27 133 8 14 
1 17 136 9 11 
1 5 123 6 10 
1 9 148 9 11 
1 29 161 13 19 
1 4 182 10 11 
1 4 193 10 16 
1 3 221 10 15 
1 14 248 12 12 
1 5 250 8 14 
1 1 293 11 10 
1 18 322 17 31 
1 9 362 16 24 
1 38 361 18 18 
1 60 0 7 10 
1 58 3 46 52 
1 69 80 9 10 
1 105 65 16 17 
1 93 78 11 10 
1 64 111 19 20 
1 61 243 13 16 
1 99 253 9 10 
1 114 296 10 14 
1 106 340 13 15 
1 80 329 10 16 
1 100 255 10 10 
1 75 232 14 15 
1 61 244 12 15 
1 58 273 8 8 
1 92 362 9 8 
1 79 354 15 35 
1 88 379 11 13 
1 120 388 8 11 
1 129 40 8 9 
1 173 1 14 8 
1 185 32 10 14 
1 173 42 9 10 
1 158 33 11 27 
1 186 55 10 18 
1 120 82 10 12 
1 125 102 11 13 
1 146 124 9 12 
1 165 166 10 10 
1 129 176 13 10 
1 131 183 28 17 
1 165 188 9 10 
1 109 217 37 52 
1 164 189 10 12 
1 181 181 15 22 
1 142 261 30 27 
1 176 315 17 23 
1 113 295 7 16 
1 106 342 12 14 
1 141 345 7 10 
1 121 358 17 17 
1 119 390 9 10 
1 177 388 9 12 
1 160 371 9 13 
1 170 359 11 10 
1 205 0 11 10 
1 179 2 6 7 
1 192 2 8 6 
1 229 6 7 7 
1 187 32 10 13 
1 174 40 8 13 
1 186 57 10 17 
1 205 93 14 18 
1 230 109 10 13 
1 241 95 12 11 
1 174 111 11 11 
1 234 169 10 15 
1 236 192 10 14 
1 179 183 11 14 
1 177 317 18 18 
1 177 386 10 11 
1 197 354 11 10 
1 224 366 9 8 
1 223 338 7 9 
1 237 345 10 13 
1 231 359 11 9 
1 232 112 8 8 
1 241 96 10 9 
1 234 171 9 11 
1 235 191 9 13 
1 302 249 10 13 
1 242 263 6 8 
1 239 319 11 11 
1 245 314 8 5 
1 257 310 8 13 
1 282 319 12 14 
1 275 360 9 9 
1 237 344 10 12 
1 239 379 10 11 
1 256 379 8 11 
1 371 11 9 13 
1 324 49 8 14 
1 290 59 11 10 
1 375 83 9 12 
1 366 147 7 12 
1 362 168 9 13 
1 303 250 10 13 
1 333 270 6 8 
1 321 281 8 8 
1 315 297 8 11 
1 312 338 11 15 
1 371 11 9 14 
1 410 24 10 11 
1 396 29 13 13 
1 410 38 11 8 
1 416 49 6 9 
1 375 84 9 10 
1 375 84 9 10 
1 402 106 10 10 
1 365 147 9 12 
1 364 168 10 15 
1 428 159 10 11 
1 415 212 8 10 
1 431 214 8 11 
1 389 249 9 9 
1 396 273 10 18 
1 381 293 10 9 
1 423 296 8 14 
1 414 308 5 8 
1 409 320 7 11 
1 419 368 10 14 
1 494 1 8 6 
1 486 4 7 9 
1 469 11 5 8 
1 502 24 7 10 
1 486 33 8 8 
1 485 46 7 11 
1 498 45 7 13 
1 451 71 8 8 
1 440 90 8 12 
1 466 91 19 21 
1 457 112 11 10 
1 465 130 14 18 
1 466 134 13 19 
1 429 157 10 14 
1 468 154 8 8 
1 470 164 8 9 
1 489 191 9 9 
1 496 176 7 12 
1 469 179 10 23 
1 449 191 10 17 
1 432 213 10 13 
1 436 226 8 9 
1 458 221 12 14 
1 424 296 10 15 
1 475 323 13 14 
1 491 332 7 8 
1 484 343 9 9 
1 474 348 10 10 
1 482 375 10 12 
1 494 1 9 6 
1 488 5 4 6 
1 511 7 15 13 
1 533 13 7 9 
1 557 25 10 16 
1 502 26 5 7 
1 485 32 9 9 
1 485 46 8 11 
1 549 49 9 9 
1 532 69 9 12 
1 563 76 8 13 
1 498 59 21 47 
1 505 131 8 11 
1 518 129 17 23 
1 534 122 13 26 
1 547 142 8 15 
1 562 145 10 16 
1 534 166 11 14 
1 487 188 9 12 
1 533 183 9 10 
1 540 198 9 12 
1 556 197 10 12 
1 525 229 8 11 
1 507 259 10 15 
1 540 270 7 12 
1 547 273 7 11 
1 556 283 9 9 
1 526 286 12 18 
1 477 322 9 17 
1 484 340 7 12 
1 489 331 9 8 
1 476 348 9 9 
1 485 360 9 9 
1 499 361 11 14 
1 484 377 7 11 
1 534 384 11 11 
1 551 377 10 12 
1 526 350 10 12 
1 523 342 8 11 
1 542 309 10 14 
1 563 360 10 10 
1 527 284 15 20 
1 539 268 10 9 
1 557 281 7 11 
1 533 14 6 10 
1 576 8 10 9 
1 556 26 8 8 
1 558 33 9 10 
1 587 41 10 24 
1 553 49 7 9 
1 550 59 8 7 
1 533 69 7 12 
1 530 79 8 10 
1 562 75 10 12 
1 583 71 10 11 
1 533 120 15 26 
1 570 129 11 12 
1 562 142 12 16 
1 555 141 7 10 
1 547 145 7 12 
1 535 167 9 12 
1 573 176 19 20 
1 570 205 13 15 
1 556 199 10 11 
1 551 186 7 11 
1 532 182 9 10 
1 539 197 8 11 
1 555 198 9 10 
1 570 204 9 15 
1 576 225 7 14 
1 565 245 14 13 
1 581 258 9 8 
1 558 282 6 7 
1 541 270 6 8 
1 528 286 15 19 
1 541 309 11 11 
1 588 272 13 42 
1 518 341 10 13 
1 525 347 9 12 
1 562 360 12 12 
1 579 361 8 11 
1 552 375 10 15 
1 535 382 10 13 
1 33 191 26 30 
1 302 250 14 14 
1 339 138 10 11 
1 279 116 7 8 
1 272 119 8 9 
1 253 149 11 12 
1 265 180 11 10 
1 257 221 9 11 
1 450 274 17 15 
1 476 267 15 13 
1 406 241 14 16 
1 437 89 13 14 
1 362 147 11 12 
1 65 193 30 35 
1 533 95 19 16 
1 352 234 13 13 
1 330 233 10 11 
1 333 257 10 9 
1 276 122 10 10 
1 213 78 10 11 
1 136 48 23 23 
1 271 4 11 10 
1 243 98 9 10 
1 388 90 9 11 
1 416 69 7 7 
1 276 82 7 7 
