1 286 241 33 33 
1 259 354 31 31 
1 37 5 27 27 
1 229 175 26 26 
1 49 246 25 25 
1 177 367 25 26 
1 467 21 28 28 
1 285 5 29 29 
1 283 236 45 38 
1 430 254 28 32 
1 41 235 38 41 
1 27 169 17 16 
1 6 172 26 26 
1 28 0 44 37 
1 4 38 38 36 
1 82 55 30 34 
1 139 255 26 22 
1 91 305 23 22 
1 21 311 21 22 
1 135 322 21 17 
1 369 194 21 28 
1 230 170 28 32 
1 195 191 15 16 
1 159 212 19 19 
1 145 233 30 25 
1 56 343 28 21 
1 165 147 14 17 
1 110 139 17 18 
1 71 165 17 14 
1 17 201 18 13 
1 154 277 20 20 
1 110 307 15 17 
1 295 315 21 21 
1 257 342 37 24 
1 186 349 15 13 
1 353 346 19 15 
1 270 295 11 14 
1 489 26 24 25 
1 462 13 36 39 
1 492 1 35 25 
1 279 2 50 33 
1 334 95 33 29 
1 473 89 28 26 
1 533 145 22 24 
1 432 187 20 21 
1 417 200 17 14 
1 401 275 17 21 
1 460 305 16 18 
1 456 327 14 14 
1 74 95 12 17 
1 156 83 23 21 
1 131 103 12 13 
1 8 286 14 16 
1 235 277 20 22 
1 205 204 24 21 
1 161 188 14 17 
1 477 226 34 42 
1 488 280 17 16 
1 301 57 19 21 
1 352 62 15 18 
1 144 40 21 22 
1 210 114 18 19 
1 186 96 13 17 
1 341 142 15 17 
1 312 112 13 16 
1 283 197 18 17 
1 281 229 0 0 
1 295 180 19 21 
1 267 212 16 18 
1 115 240 12 16 
1 527 185 17 18 
1 492 163 22 20 
1 403 127 18 13 
1 436 68 16 18 
1 551 97 18 15 
1 558 63 16 15 
1 422 4 19 21 
1 438 39 12 16 
1 204 33 16 21 
1 245 22 20 17 
1 195 129 18 19 
1 210 129 17 20 
1 170 288 15 18 
1 306 138 20 23 
1 296 152 18 19 
1 331 189 17 19 
1 519 71 18 17 
