1 319 317 28 27 
1 203 294 28 28 
1 8 60 33 33 
1 361 202 32 32 
1 294 219 48 48 
1 253 122 52 53 
1 437 292 60 60 
1 172 132 43 43 
1 419 370 73 30 
1 313 313 32 34 
1 7 58 34 37 
1 56 145 19 19 
1 73 136 19 21 
1 17 181 23 22 
1 5 139 15 19 
1 12 127 15 16 
1 373 118 32 32 
1 513 69 19 21 
1 559 33 18 20 
1 536 104 18 18 
1 511 96 16 18 
1 443 90 19 18 
1 424 228 16 18 
1 489 196 19 22 
1 499 176 14 19 
1 441 237 11 11 
1 495 241 13 14 
1 490 263 13 19 
1 442 297 53 48 
1 516 28 17 16 
1 356 360 17 19 
1 66 230 17 20 
1 46 205 14 18 
1 115 234 16 19 
1 198 291 36 33 
1 358 48 20 20 
1 387 80 14 16 
1 444 170 15 18 
1 407 263 16 20 
1 98 63 21 27 
1 125 1 34 17 
1 34 11 18 16 
1 339 153 21 25 
1 246 312 19 22 
1 517 270 22 24 
1 584 188 16 21 
1 569 277 15 23 
1 587 86 13 25 
1 234 22 32 28 
1 176 75 12 12 
1 199 117 12 13 
1 128 139 17 14 
1 154 101 9 14 
1 135 182 13 12 
1 94 175 14 12 
1 1 271 14 17 
1 1 241 13 15 
1 1 193 14 14 
1 512 386 18 14 
1 516 313 11 12 
1 545 333 11 12 
1 568 311 12 12 
1 549 176 15 13 
1 498 87 9 11 
1 364 150 24 24 
1 190 48 12 15 
1 267 388 15 12 
1 55 112 14 11 
1 0 120 8 12 
1 420 162 12 12 
1 419 185 9 13 
1 389 0 19 18 
1 581 0 16 10 
1 551 16 9 14 
1 27 218 10 14 
1 28 240 14 16 
1 309 376 12 13 
