1 0 312 32 38 
1 266 44 73 72 
1 345 58 49 49 
1 305 179 32 31 
1 140 0 121 68 
1 168 96 33 33 
1 539 357 27 27 
1 544 75 51 51 
1 427 76 28 29 
1 255 152 43 43 
1 303 103 68 67 
1 349 365 56 35 
1 398 358 20 22 
1 477 376 18 19 
1 538 356 30 30 
1 31 368 23 22 
1 4 375 26 24 
1 246 380 29 20 
1 186 379 14 13 
1 379 347 11 12 
1 411 349 14 10 
1 379 370 13 12 
1 517 138 19 19 
1 583 134 17 16 
1 456 124 13 13 
1 139 49 14 12 
1 253 35 97 84 
1 301 177 39 38 
1 0 298 44 59 
1 166 95 39 37 
1 95 44 32 31 
1 345 60 51 48 
1 421 72 40 35 
1 246 320 29 27 
1 272 264 27 24 
1 222 224 30 25 
1 116 249 27 27 
1 87 154 24 22 
1 174 149 26 21 
1 539 117 26 21 
1 533 40 26 27 
1 335 11 29 23 
1 52 95 20 20 
1 30 138 22 20 
1 151 177 32 27 
1 501 158 23 21 
1 378 279 22 19 
1 252 78 23 25 
1 251 120 26 23 
1 290 141 23 20 
1 388 127 24 22 
1 396 181 27 22 
1 351 202 15 13 
1 496 321 30 28 
1 463 334 21 16 
1 559 258 17 17 
1 4 248 15 16 
1 34 282 17 15 
1 87 190 21 16 
1 156 72 22 20 
1 199 104 18 15 
1 205 326 16 16 
1 448 272 18 21 
1 429 346 24 21 
1 387 61 25 24 
1 493 80 27 24 
1 393 233 17 17 
1 444 309 31 30 
1 130 332 16 16 
1 92 226 15 13 
1 84 207 15 19 
1 95 202 27 27 
1 477 70 18 17 
1 528 14 17 14 
1 309 0 21 17 
1 280 0 23 16 
1 207 85 20 17 
1 1 85 17 17 
1 353 219 16 13 
1 153 234 17 15 
1 328 333 14 15 
1 24 344 25 21 
1 9 277 17 18 
1 366 100 21 20 
1 390 90 26 21 
1 304 104 73 78 
1 250 151 50 48 
1 109 0 181 84 
1 567 37 11 13 
1 514 299 19 23 
1 288 283 22 18 
1 140 181 17 15 
1 29 188 36 37 
