1 169 230 64 64 
1 330 285 27 28 
1 274 59 26 26 
1 145 141 26 26 
1 57 19 8 5 
1 41 41 6 9 
1 42 56 7 7 
1 48 66 5 10 
1 30 66 11 11 
1 15 64 13 14 
1 33 66 6 11 
1 46 67 11 7 
1 12 91 7 7 
1 19 92 6 5 
1 36 103 9 9 
1 37 116 7 11 
1 14 124 7 10 
1 47 148 14 16 
1 45 159 7 12 
1 13 161 6 13 
1 52 174 7 9 
1 42 280 6 7 
1 19 354 12 10 
1 16 369 6 7 
1 25 389 11 11 
1 53 392 8 9 
1 7 253 6 10 
1 11 261 6 5 
1 52 176 7 8 
1 44 159 8 12 
1 48 150 14 14 
1 58 17 6 8 
1 77 15 6 8 
1 97 16 7 8 
1 104 14 7 7 
1 79 31 5 6 
1 48 67 7 9 
1 63 63 12 8 
1 113 78 9 9 
1 107 93 9 8 
1 64 122 12 12 
1 49 151 13 13 
1 70 175 15 15 
1 73 192 6 11 
1 70 273 11 15 
1 94 283 13 22 
1 106 243 8 8 
1 107 251 8 11 
1 123 259 5 10 
1 116 274 8 10 
1 96 282 11 23 
1 69 272 11 18 
1 68 300 11 8 
1 55 313 15 18 
1 89 327 8 9 
1 90 362 13 19 
1 79 374 11 16 
1 54 363 7 8 
1 107 381 13 16 
1 115 380 8 5 
1 94 386 6 9 
1 124 4 8 9 
1 172 11 9 13 
1 176 24 9 10 
1 167 25 6 10 
1 148 32 10 9 
1 128 25 11 13 
1 152 49 8 8 
1 152 60 11 14 
1 152 85 6 7 
1 179 91 8 9 
1 124 93 6 6 
1 117 78 5 10 
1 134 115 8 7 
1 160 108 8 9 
1 158 118 8 10 
1 168 119 8 8 
1 177 123 6 7 
1 183 109 7 10 
1 147 145 15 17 
1 152 136 8 9 
1 157 197 6 10 
1 145 207 8 10 
1 170 220 9 8 
1 148 227 7 10 
1 108 243 6 7 
1 122 259 7 10 
1 134 259 4 5 
1 139 261 6 6 
1 139 261 6 6 
1 143 265 7 8 
1 136 271 8 6 
1 118 276 7 8 
1 129 286 7 8 
1 125 296 2 8 
1 144 301 12 12 
1 155 324 9 12 
1 169 326 6 9 
1 134 340 13 12 
1 124 340 8 9 
1 125 362 8 8 
1 107 381 14 18 
1 116 379 8 5 
1 157 378 13 16 
1 173 13 6 10 
1 196 0 13 8 
1 229 6 10 8 
1 212 7 5 5 
1 210 13 8 15 
1 186 30 10 10 
1 197 23 7 8 
1 177 26 8 7 
1 166 25 10 8 
1 226 57 5 7 
1 200 98 7 10 
1 179 90 8 6 
1 159 115 8 14 
1 169 116 9 11 
1 194 117 7 11 
1 223 131 4 9 
1 216 145 9 8 
1 241 144 14 11 
1 236 154 7 13 
1 241 165 11 10 
1 209 163 9 9 
1 226 181 14 18 
1 184 178 10 7 
1 169 222 52 69 
1 207 299 9 9 
1 230 311 7 9 
1 197 317 8 9 
1 183 325 10 15 
1 227 329 6 7 
1 244 329 6 11 
1 237 347 7 7 
1 237 367 9 9 
1 228 355 6 8 
1 225 375 11 12 
1 184 327 10 14 
1 198 317 8 10 
1 193 343 16 19 
1 156 379 17 17 
1 284 12 7 8 
1 307 30 5 8 
1 267 33 8 9 
1 257 44 10 12 
1 275 57 16 27 
1 296 54 8 11 
1 285 79 8 7 
1 298 88 9 10 
1 258 79 7 11 
1 245 83 6 7 
1 245 90 6 9 
1 255 92 9 12 
1 299 87 8 11 
1 293 104 5 6 
1 296 110 8 9 
1 292 127 11 10 
1 244 142 12 16 
1 235 158 7 8 
1 244 165 6 10 
1 250 172 7 8 
1 272 191 8 10 
1 308 186 6 10 
1 301 213 7 9 
1 280 229 8 7 
1 249 225 6 9 
1 242 249 10 12 
1 241 264 7 10 
1 268 266 7 8 
1 308 252 7 7 
1 306 260 9 8 
1 310 273 8 9 
1 285 278 9 19 
1 286 310 9 10 
1 261 310 6 8 
1 302 308 7 10 
1 300 320 6 11 
1 281 326 9 10 
1 300 321 9 10 
1 293 337 15 17 
1 260 336 7 9 
1 265 326 7 9 
1 237 366 9 11 
1 264 364 9 9 
1 272 381 8 9 
1 285 391 16 9 
1 351 2 8 10 
1 317 13 8 9 
1 321 24 7 8 
1 307 29 8 9 
1 333 32 8 8 
1 382 37 1 1 
1 376 49 12 17 
1 363 50 7 7 
1 332 34 9 8 
1 322 39 9 9 
1 294 55 12 12 
1 317 66 17 21 
1 335 83 9 15 
1 353 96 10 11 
1 377 93 7 9 
1 359 110 7 9 
1 346 120 16 12 
1 339 108 10 13 
1 322 104 8 10 
1 298 89 9 11 
1 297 110 7 10 
1 292 123 9 15 
1 317 132 6 9 
1 338 153 8 9 
1 376 181 9 13 
1 362 184 8 10 
1 308 186 9 9 
1 335 206 10 10 
1 353 199 7 8 
1 363 213 7 11 
1 353 215 7 10 
1 303 213 9 9 
1 327 231 11 13 
1 372 253 8 11 
1 345 251 6 10 
1 322 250 8 10 
1 308 252 9 9 
1 297 250 9 9 
1 308 258 8 11 
1 294 261 6 11 
1 309 272 9 12 
1 329 274 10 10 
1 344 269 13 13 
1 374 281 8 12 
1 376 312 8 10 
1 327 284 29 29 
1 301 306 9 13 
1 300 322 8 10 
1 364 334 6 7 
1 371 362 7 11 
1 340 368 14 17 
1 315 370 12 13 
1 295 336 12 20 
1 316 350 9 11 
1 339 388 10 13 
1 352 380 9 12 
1 366 384 13 15 
1 432 0 12 8 
1 411 9 8 10 
1 400 9 6 12 
1 392 4 8 7 
1 372 10 17 16 
1 375 27 6 10 
1 403 31 9 12 
1 434 17 9 10 
1 372 48 23 16 
1 353 98 13 9 
1 378 95 6 8 
1 387 95 11 7 
1 383 101 8 9 
1 404 79 11 11 
1 423 76 9 10 
1 416 95 14 14 
1 394 119 15 14 
1 410 103 7 11 
1 408 126 7 11 
1 381 158 10 11 
1 361 184 6 9 
1 377 180 9 13 
1 392 185 8 8 
1 405 192 7 11 
1 412 200 6 11 
1 419 206 8 12 
1 419 218 6 9 
1 398 212 8 11 
1 362 216 7 8 
1 373 254 7 11 
1 415 271 20 24 
1 373 283 10 11 
1 408 306 15 17 
1 379 303 10 10 
1 389 303 10 12 
1 397 311 6 10 
1 390 316 13 8 
1 387 319 7 11 
1 376 312 10 12 
1 368 313 8 9 
1 370 324 6 8 
1 364 328 8 15 
1 370 363 11 7 
1 351 381 11 11 
1 365 387 11 12 
1 401 369 8 8 
1 411 380 7 11 
1 484 10 8 12 
1 454 1 6 8 
1 433 2 11 8 
1 437 16 6 11 
1 461 13 5 5 
1 469 19 9 9 
1 492 52 8 8 
1 487 61 6 9 
1 450 52 10 11 
1 443 57 10 12 
1 425 72 6 11 
1 464 76 7 7 
1 485 78 8 10 
1 468 99 10 12 
1 480 120 9 11 
1 472 113 5 10 
1 469 132 9 9 
1 480 146 13 14 
1 473 160 12 14 
1 448 142 11 13 
1 453 164 10 11 
1 471 224 14 12 
1 455 235 9 8 
1 457 245 9 9 
1 417 204 11 14 
1 433 253 10 12 
1 443 264 11 11 
1 450 255 11 13 
1 485 272 8 10 
1 466 283 13 14 
1 453 284 9 8 
1 473 303 7 10 
1 456 305 9 10 
1 449 309 7 11 
1 446 293 9 9 
1 439 296 7 9 
1 446 327 10 11 
1 440 329 7 8 
1 443 339 9 10 
1 461 364 11 14 
1 440 385 10 10 
1 454 389 7 8 
1 484 10 8 12 
1 515 25 11 14 
1 545 21 16 16 
1 549 41 9 10 
1 509 33 8 12 
1 493 52 7 9 
1 486 60 6 8 
1 504 57 9 9 
1 514 84 12 15 
1 525 89 6 11 
1 536 88 7 11 
1 547 98 6 9 
1 549 104 8 9 
1 553 117 9 12 
1 537 117 7 11 
1 504 106 10 10 
1 481 122 8 12 
1 480 145 12 16 
1 475 160 9 12 
1 514 156 9 15 
1 536 157 7 8 
1 538 142 10 12 
1 545 176 14 18 
1 539 221 13 13 
1 545 231 11 10 
1 542 251 12 12 
1 529 282 12 11 
1 511 280 11 11 
1 473 302 9 12 
1 496 340 8 13 
1 507 342 8 10 
1 542 303 9 13 
1 551 319 9 14 
1 536 328 7 13 
1 544 336 9 10 
1 531 341 6 7 
1 542 369 11 8 
1 568 4 10 11 
1 557 8 10 10 
1 548 22 14 14 
1 550 41 8 10 
1 565 86 8 8 
1 569 82 10 6 
1 564 87 6 8 
1 548 98 6 9 
1 550 105 5 8 
1 535 115 11 12 
1 553 118 10 11 
1 566 135 9 9 
1 537 142 12 16 
1 545 178 13 16 
1 571 175 12 11 
1 566 224 13 13 
1 540 219 11 15 
1 546 233 10 9 
1 542 251 7 11 
1 574 244 12 12 
1 566 272 9 10 
1 544 305 10 13 
1 551 320 10 13 
1 535 328 7 12 
1 544 336 8 10 
1 543 368 9 10 
1 581 369 8 11 
1 571 345 11 13 
1 590 355 15 27 
1 583 332 10 8 
1 565 276 10 6 
1 567 222 11 16 
1 576 242 6 13 
1 590 181 9 11 
1 569 172 9 13 
1 61 28 7 8 
1 40 44 8 7 
1 66 61 9 10 
1 66 250 9 9 
1 205 46 12 12 
1 487 220 8 9 
1 550 41 8 9 
1 485 12 9 9 
1 463 76 7 8 
1 211 28 9 12 
1 229 183 13 15 
1 287 151 6 7 
1 268 159 8 8 
1 153 14 7 9 
1 228 32 8 6 
1 179 373 12 13 
1 571 150 10 11 
1 524 52 6 7 
1 536 59 8 8 
1 566 97 12 12 
1 411 356 10 11 
1 585 391 8 9 
