1 429 83 48 48 
1 369 202 45 45 
1 399 37 38 37 
1 155 356 28 28 
1 149 352 40 34 
1 424 80 58 50 
1 358 199 61 50 
1 506 166 25 26 
1 490 318 27 24 
1 377 336 30 19 
1 292 350 26 21 
1 207 283 26 23 
1 196 312 22 21 
1 81 277 26 21 
1 43 163 26 29 
1 63 143 28 23 
1 188 123 30 28 
1 169 127 19 17 
1 487 20 28 25 
1 334 115 27 26 
1 392 25 20 19 
1 434 134 27 21 
1 464 311 19 20 
1 463 294 14 14 
1 476 295 12 15 
1 487 292 11 16 
1 518 78 14 14 
1 15 306 24 23 
1 18 339 23 21 
1 0 326 18 34 
1 19 208 19 18 
1 218 194 22 21 
1 198 172 13 13 
1 109 197 19 18 
1 134 193 15 21 
1 154 170 13 13 
1 173 170 12 15 
1 149 191 15 17 
1 163 51 14 19 
1 89 0 22 16 
1 5 20 13 13 
1 33 54 17 15 
1 39 109 13 15 
1 162 26 12 11 
1 224 371 12 14 
1 249 384 16 13 
1 232 390 12 10 
1 553 220 17 12 
1 563 233 12 12 
1 542 90 15 16 
1 563 109 14 13 
1 553 107 11 14 
1 563 122 13 15 
1 580 35 14 15 
1 554 21 10 12 
1 232 341 13 16 
1 224 141 25 25 
1 246 47 18 13 
1 298 3 13 16 
1 416 0 9 9 
1 402 8 10 11 
1 457 56 12 14 
1 72 233 12 10 
1 76 242 16 15 
1 129 373 15 20 
1 90 144 12 14 
1 27 2 14 16 
1 110 24 14 13 
1 400 35 43 40 
1 476 259 17 18 
1 246 314 15 18 
1 252 189 11 17 
1 290 205 16 13 
1 44 237 12 13 
1 121 113 26 20 
1 128 98 16 18 
1 32 18 12 20 
1 481 73 12 12 
1 484 102 9 12 
