1 156 150 61 61 
1 272 266 34 34 
1 357 198 98 98 
1 473 0 58 34 
1 116 0 73 40 
1 557 285 27 27 
1 77 341 41 41 
1 109 245 51 51 
1 189 384 16 16 
1 12 377 16 17 
1 334 366 13 15 
1 331 353 12 13 
1 155 144 67 69 
1 369 202 87 86 
1 473 0 64 35 
1 269 261 43 42 
1 324 284 26 24 
1 550 283 34 30 
1 568 237 30 27 
1 71 181 31 26 
1 96 77 27 24 
1 389 116 26 22 
1 438 105 20 20 
1 542 112 24 21 
1 450 251 31 28 
1 502 314 24 24 
1 481 326 24 19 
1 529 343 23 20 
1 143 257 19 18 
1 203 320 31 23 
1 290 6 20 20 
1 321 20 17 12 
1 331 43 19 19 
1 380 59 17 20 
1 477 46 28 23 
1 51 33 16 18 
1 62 76 19 19 
1 96 128 15 14 
1 99 117 15 13 
1 130 179 14 13 
1 48 239 18 16 
1 91 260 14 14 
1 105 273 11 8 
1 136 294 13 11 
1 470 297 18 17 
1 478 312 13 14 
1 375 350 17 21 
1 245 109 15 16 
1 249 41 16 17 
1 0 149 16 13 
1 2 161 13 14 
1 8 342 16 15 
1 194 318 17 15 
1 397 158 28 23 
1 147 11 16 11 
1 293 339 18 17 
1 324 115 14 15 
1 473 242 18 18 
1 419 14 21 15 
1 275 189 16 14 
1 152 103 14 14 
1 216 119 11 10 
1 308 154 14 17 
1 306 34 11 12 
1 23 78 14 12 
1 11 96 11 10 
1 65 122 14 12 
1 103 216 14 13 
1 559 351 14 13 
1 518 88 15 13 
1 308 136 12 13 
1 372 182 21 19 
1 346 251 19 16 
1 419 296 17 16 
1 518 231 14 12 
1 532 206 13 16 
1 67 168 17 13 
1 302 231 18 18 
1 387 20 16 15 
1 219 58 17 17 
1 278 303 19 17 
