1 356 0 33 29 
1 285 39 31 31 
1 59 238 37 37 
1 493 55 29 29 
1 538 341 31 31 
1 13 205 30 30 
1 284 267 19 23 
1 325 248 24 24 
1 458 267 21 21 
1 484 313 20 20 
1 534 338 34 38 
1 397 354 43 37 
1 369 380 52 20 
1 43 369 20 20 
1 22 316 18 21 
1 84 292 17 15 
1 76 314 18 20 
1 131 218 17 22 
1 176 183 20 21 
1 123 185 22 21 
1 280 37 44 41 
1 352 0 36 30 
1 488 47 36 41 
1 430 140 22 23 
1 426 228 19 21 
1 326 324 16 16 
1 368 259 13 14 
1 88 336 23 27 
1 63 237 32 37 
1 4 97 14 15 
1 110 87 14 15 
1 21 97 10 16 
1 45 0 24 14 
1 16 14 18 18 
1 356 69 20 24 
1 346 29 23 21 
1 351 275 20 25 
1 443 374 11 12 
1 444 339 13 12 
1 241 275 14 20 
1 43 236 12 16 
1 64 215 11 13 
1 5 251 18 17 
1 6 268 18 15 
1 49 290 14 15 
1 52 334 13 13 
1 151 182 13 12 
1 169 71 15 13 
1 164 97 16 15 
1 171 90 10 10 
1 225 29 12 13 
1 259 32 14 15 
1 283 220 16 15 
1 403 305 14 14 
1 447 79 14 16 
1 197 376 9 10 
1 229 356 13 14 
1 234 324 9 10 
1 197 134 13 16 
1 218 164 13 14 
1 248 164 13 21 
1 281 159 13 14 
1 92 157 12 11 
1 92 134 12 13 
1 26 166 21 15 
1 89 91 16 21 
1 24 114 15 16 
1 220 67 12 12 
1 359 369 13 11 
1 231 0 36 19 
1 121 246 15 17 
1 100 190 15 15 
1 50 117 12 12 
1 32 195 15 17 
1 297 310 12 12 
1 258 305 15 13 
1 120 360 11 13 
1 57 194 10 11 
1 39 87 11 13 
1 43 99 14 10 
1 314 343 12 19 
