1 109 31 54 54 
1 182 22 51 51 
1 430 204 43 43 
1 434 287 42 42 
1 488 350 35 36 
1 104 383 18 14 
1 123 371 12 13 
1 587 170 13 22 
1 488 347 37 46 
1 484 384 16 16 
1 454 371 12 11 
1 306 310 13 13 
1 144 380 14 14 
1 574 134 12 13 
1 108 25 58 62 
1 182 22 58 59 
1 428 200 53 50 
1 431 280 57 51 
1 419 251 28 25 
1 382 230 26 23 
1 503 177 29 31 
1 560 19 25 25 
1 512 1 23 21 
1 487 344 40 27 
1 525 352 18 14 
1 550 303 17 19 
1 568 270 15 19 
1 1 108 24 27 
1 39 108 21 20 
1 62 227 27 21 
1 69 245 26 21 
1 152 156 22 22 
1 133 201 26 21 
1 135 226 21 17 
1 188 167 21 22 
1 246 109 26 19 
1 344 81 24 22 
1 363 95 23 19 
1 472 27 20 21 
1 323 0 25 17 
1 370 20 20 16 
1 311 28 17 17 
1 290 36 14 13 
1 230 66 20 21 
1 164 89 20 24 
1 162 112 21 19 
1 96 116 17 14 
1 24 161 20 21 
1 440 142 20 16 
1 310 128 18 18 
1 353 315 18 16 
1 190 270 25 22 
1 371 268 20 17 
1 484 235 27 25 
1 0 220 12 21 
1 169 305 21 19 
1 329 305 14 17 
1 360 243 17 19 
1 183 348 17 14 
1 351 338 17 14 
1 380 328 20 16 
1 248 348 24 23 
1 324 68 16 17 
1 59 89 14 16 
1 43 304 18 17 
1 63 333 16 14 
1 68 303 12 14 
1 161 215 17 15 
1 369 180 16 15 
1 381 162 17 15 
1 551 193 17 15 
1 241 316 15 15 
1 90 188 12 10 
1 104 208 16 14 
1 106 229 17 15 
1 79 186 13 15 
1 83 173 18 17 
1 36 22 14 14 
1 193 203 16 14 
1 224 189 12 15 
1 273 213 16 13 
1 147 139 18 15 
1 107 309 15 13 
1 560 87 13 14 
1 544 156 23 21 
1 436 18 14 15 
1 410 28 18 15 
1 318 295 12 11 
1 325 280 13 13 
1 354 200 14 14 
1 138 120 12 11 
1 20 137 17 19 
1 140 88 18 16 
1 497 77 15 13 
1 481 310 17 15 
