1 449 40 33 33 
1 269 284 36 37 
1 165 124 42 42 
1 367 161 28 32 
1 417 236 24 27 
1 168 126 33 36 
1 138 52 25 25 
1 11 58 21 20 
1 9 5 23 24 
1 5 135 21 22 
1 86 309 23 24 
1 116 321 29 24 
1 328 139 0 0 
1 308 114 20 23 
1 468 67 21 22 
1 442 20 28 26 
1 448 36 42 43 
1 380 72 14 16 
1 330 141 27 28 
1 283 245 20 18 
1 341 226 20 18 
1 549 193 26 23 
1 479 224 14 17 
1 391 239 21 23 
1 181 283 16 18 
1 292 155 30 34 
1 535 323 18 17 
1 486 312 27 25 
1 439 316 19 20 
1 388 95 18 17 
1 57 191 14 13 
1 38 190 17 19 
1 207 225 20 22 
1 114 31 20 19 
1 101 34 17 17 
1 74 110 16 17 
1 244 182 22 21 
1 442 216 21 18 
1 407 200 22 20 
1 328 184 18 16 
1 323 199 21 17 
1 296 194 19 18 
1 291 14 30 27 
1 246 55 20 17 
1 126 71 28 23 
1 124 88 16 14 
1 488 114 20 21 
1 455 95 13 19 
1 515 174 19 14 
1 549 141 16 14 
1 568 69 14 16 
1 454 181 13 14 
1 467 164 14 13 
1 413 114 11 13 
1 267 286 33 36 
1 188 341 23 21 
1 154 329 27 26 
1 21 288 17 18 
1 45 342 16 20 
1 93 227 17 19 
1 114 159 18 21 
1 161 231 20 21 
1 237 99 22 21 
1 132 206 16 17 
1 188 14 16 18 
1 50 30 16 17 
1 438 131 19 17 
1 390 46 20 19 
1 521 62 15 16 
1 526 35 13 13 
1 252 346 21 15 
1 142 260 16 18 
1 157 272 11 14 
1 383 287 20 17 
1 362 344 17 14 
1 510 254 13 18 
1 276 204 23 23 
1 361 295 13 14 
1 199 131 16 15 
1 245 223 12 12 
1 249 304 18 16 
1 224 286 12 13 
1 205 268 12 13 
1 488 260 16 17 
1 392 265 15 17 
1 383 22 16 15 
1 363 6 15 17 
1 73 189 18 17 
1 528 268 18 13 
