1 397 82 31 31 
1 475 213 49 50 
1 323 298 34 34 
1 81 8 30 31 
1 77 234 27 26 
1 21 5 29 29 
1 0 68 19 28 
1 78 7 34 34 
1 0 66 25 28 
1 76 233 28 28 
1 320 294 40 38 
1 257 294 18 18 
1 297 202 23 19 
1 286 72 21 20 
1 216 65 20 17 
1 458 134 18 24 
1 460 12 18 19 
1 501 0 16 16 
1 366 275 22 21 
1 481 320 16 16 
1 329 347 16 14 
1 398 218 12 13 
1 434 241 11 15 
1 451 224 10 14 
1 458 195 7 10 
1 423 157 8 12 
1 431 175 7 10 
1 444 176 13 13 
1 371 141 11 15 
1 518 128 11 13 
1 477 216 41 40 
1 525 285 14 17 
1 9 242 17 17 
1 14 205 15 21 
1 9 121 16 18 
1 43 98 12 15 
1 57 105 12 12 
1 332 61 17 17 
1 408 4 10 9 
1 527 43 9 11 
1 129 176 13 13 
1 38 224 12 12 
1 34 263 15 14 
1 18 282 10 9 
1 7 353 14 8 
1 116 307 11 10 
1 116 270 17 12 
1 115 261 9 9 
1 113 117 12 15 
1 132 131 14 12 
1 278 188 8 10 
1 323 162 9 11 
1 312 230 8 12 
1 70 255 14 15 
1 462 233 13 14 
1 374 241 15 16 
