1 120 102 28 27 
1 500 263 30 30 
1 369 67 28 28 
1 11 326 25 25 
1 431 83 41 42 
1 505 92 45 46 
1 533 170 41 41 
1 421 305 32 32 
1 60 68 25 22 
1 82 86 16 16 
1 120 50 21 21 
1 3 61 17 17 
1 120 99 32 28 
1 178 83 14 13 
1 185 97 14 15 
1 188 112 17 16 
1 214 103 20 20 
1 210 133 22 20 
1 7 319 36 34 
1 95 227 32 28 
1 0 231 16 15 
1 5 215 15 16 
1 12 137 14 14 
1 33 187 14 15 
1 72 138 11 10 
1 64 203 12 10 
1 163 192 16 16 
1 114 147 11 12 
1 13 2 7 11 
1 493 3 9 10 
1 500 8 27 24 
1 532 18 12 12 
1 563 35 12 12 
1 533 46 12 15 
1 511 41 13 13 
1 467 21 15 16 
1 391 3 17 16 
1 339 61 19 17 
1 369 67 27 26 
1 395 49 19 19 
1 445 53 13 22 
1 423 84 45 37 
1 518 130 13 14 
1 503 91 56 44 
1 512 77 12 12 
1 527 90 10 9 
1 543 87 12 13 
1 499 263 30 28 
1 502 247 9 13 
1 483 195 11 14 
1 228 316 15 12 
1 418 338 17 20 
1 445 326 13 13 
1 571 341 14 19 
1 536 305 12 14 
1 487 315 10 12 
1 490 342 8 10 
1 315 312 18 16 
1 241 268 17 15 
1 261 332 17 16 
1 141 308 17 15 
1 325 251 14 14 
1 374 281 10 9 
1 382 286 10 12 
1 393 286 12 10 
1 416 258 10 11 
1 424 253 12 13 
1 433 239 11 11 
1 451 237 6 10 
1 233 173 21 20 
1 213 223 17 16 
1 353 9 15 15 
1 536 173 33 33 
1 148 169 21 20 
1 357 150 11 10 
1 239 109 8 7 
1 446 157 11 11 
1 438 140 9 8 
1 499 173 10 8 
1 504 213 7 8 
