1 469 140 28 28 
1 291 73 87 87 
1 77 179 28 28 
1 499 295 66 66 
1 2 8 8 16 
1 45 4 10 19 
1 34 30 7 7 
1 38 37 6 7 
1 45 66 8 9 
1 38 80 5 7 
1 25 91 9 11 
1 36 94 10 11 
1 4 94 11 18 
1 28 116 13 19 
1 4 129 7 9 
1 33 139 20 25 
1 15 156 8 8 
1 7 172 8 9 
1 5 197 8 8 
1 30 203 8 6 
1 43 225 14 12 
1 38 263 8 9 
1 47 276 10 12 
1 35 291 13 14 
1 43 6 12 17 
1 54 4 8 7 
1 63 3 11 12 
1 78 14 6 7 
1 34 29 6 9 
1 36 35 7 9 
1 67 51 8 9 
1 54 49 9 9 
1 53 62 9 12 
1 54 71 8 9 
1 45 65 7 9 
1 35 94 9 10 
1 27 118 15 18 
1 39 134 9 8 
1 33 139 18 25 
1 93 132 8 11 
1 66 148 10 15 
1 78 158 9 12 
1 94 133 9 10 
1 100 159 9 11 
1 42 169 17 22 
1 76 169 8 8 
1 77 179 24 27 
1 87 211 10 9 
1 65 195 12 11 
1 45 226 12 11 
1 71 212 11 11 
1 64 217 8 10 
1 86 243 9 10 
1 94 245 9 10 
1 96 253 9 10 
1 58 247 12 11 
1 102 279 16 15 
1 47 276 9 11 
1 105 2 8 6 
1 134 0 17 13 
1 153 21 13 10 
1 137 17 9 9 
1 132 29 11 12 
1 135 38 12 13 
1 108 45 8 9 
1 117 50 9 11 
1 143 54 9 9 
1 139 63 13 12 
1 174 69 10 10 
1 140 76 8 9 
1 98 67 15 16 
1 158 95 11 15 
1 142 103 10 11 
1 129 94 9 8 
1 167 121 8 10 
1 168 134 7 13 
1 155 133 13 14 
1 114 117 9 10 
1 127 127 5 9 
1 144 142 10 11 
1 154 136 12 14 
1 168 136 9 8 
1 111 141 13 14 
1 126 150 12 14 
1 98 157 9 11 
1 107 159 18 16 
1 128 153 9 9 
1 145 141 8 13 
1 155 135 12 16 
1 87 210 9 10 
1 109 208 14 19 
1 141 215 8 11 
1 156 231 12 15 
1 129 248 10 11 
1 86 244 8 9 
1 95 242 10 9 
1 97 250 7 11 
1 127 258 8 9 
1 154 254 11 12 
1 158 232 11 13 
1 102 279 17 16 
1 150 280 14 14 
1 170 270 9 11 
1 198 0 8 6 
1 188 4 5 8 
1 179 14 6 6 
1 164 20 10 12 
1 151 23 13 9 
1 179 31 6 7 
1 197 20 8 8 
1 210 12 11 11 
1 234 21 7 8 
1 229 23 11 14 
1 220 41 11 12 
1 201 53 8 11 
1 175 69 6 7 
1 191 73 5 7 
1 205 67 13 13 
1 190 71 6 8 
1 174 69 7 8 
1 193 79 6 10 
1 207 82 6 6 
1 227 89 8 8 
1 217 103 6 7 
1 225 101 6 7 
1 221 107 7 8 
1 203 96 8 6 
1 158 97 9 10 
1 196 103 10 13 
1 205 114 14 13 
1 214 124 10 12 
1 232 126 7 8 
1 225 130 9 9 
1 199 137 21 25 
1 167 123 7 8 
1 154 134 12 15 
1 167 136 9 9 
1 185 137 10 9 
1 208 167 8 8 
1 184 167 8 9 
1 214 175 7 10 
1 222 189 10 13 
1 217 198 5 8 
1 217 205 10 11 
1 210 200 7 11 
1 184 208 24 46 
1 214 219 9 7 
1 193 233 12 16 
1 159 235 8 9 
1 223 235 9 10 
1 201 264 11 18 
1 169 271 11 10 
1 208 277 13 12 
1 218 286 11 11 
1 218 298 7 10 
1 230 293 7 9 
1 148 282 14 14 
1 230 27 10 10 
1 222 43 9 10 
1 254 13 7 4 
1 287 14 8 8 
1 280 24 7 7 
1 288 21 9 10 
1 295 42 8 9 
1 289 48 9 9 
1 280 52 10 7 
1 269 63 10 10 
1 236 53 11 12 
1 269 83 10 8 
1 250 96 7 7 
1 243 106 9 8 
1 271 103 11 10 
1 276 121 13 16 
1 257 133 12 12 
1 243 126 10 11 
1 232 126 8 8 
1 255 152 8 8 
1 275 120 15 16 
1 243 162 11 14 
1 235 172 10 9 
1 221 188 11 13 
1 253 191 12 10 
1 263 197 16 14 
1 281 212 14 15 
1 274 222 12 11 
1 251 204 28 22 
1 218 204 10 12 
1 253 190 10 10 
1 268 195 11 16 
1 279 206 6 7 
1 283 214 10 12 
1 275 222 9 10 
1 264 237 15 15 
1 264 237 15 15 
1 223 236 10 10 
1 230 264 24 24 
1 230 264 24 24 
1 217 286 10 10 
1 217 296 7 10 
1 229 294 9 9 
1 239 289 9 11 
1 247 292 8 10 
1 247 292 8 10 
1 281 268 10 10 
1 248 305 28 61 
1 262 253 23 42 
1 328 0 14 8 
1 287 14 7 7 
1 288 23 8 9 
1 280 23 7 9 
1 314 21 11 10 
1 327 21 10 9 
1 355 21 13 10 
1 353 29 15 21 
1 344 44 20 17 
1 319 36 13 12 
1 295 43 9 10 
1 289 48 12 10 
1 301 62 11 12 
1 326 69 12 12 
1 297 79 55 58 
1 356 122 6 9 
1 322 140 29 47 
1 307 198 14 11 
1 337 179 12 14 
1 348 181 8 11 
1 284 212 12 15 
1 323 217 15 15 
1 354 204 12 12 
1 345 213 15 18 
1 308 246 10 17 
1 295 280 16 19 
1 312 281 48 73 
1 373 0 10 6 
1 421 1 10 7 
1 416 16 8 10 
1 404 24 9 9 
1 357 21 12 11 
1 353 29 13 20 
1 374 37 13 18 
1 397 48 8 8 
1 403 54 9 9 
1 418 64 11 11 
1 374 61 10 12 
1 396 85 12 11 
1 412 96 11 17 
1 409 129 7 7 
1 423 140 7 9 
1 349 182 8 9 
1 355 204 10 9 
1 347 216 14 15 
1 418 185 16 24 
1 396 227 18 30 
1 376 250 14 17 
1 476 1 8 12 
1 481 0 7 8 
1 492 6 8 11 
1 443 9 11 13 
1 459 13 8 10 
1 415 17 10 9 
1 438 33 11 12 
1 418 63 9 12 
1 461 54 20 18 
1 428 52 13 12 
1 432 101 12 12 
1 412 96 12 16 
1 445 110 8 8 
1 450 117 11 11 
1 410 129 8 8 
1 421 139 10 10 
1 428 216 13 12 
1 437 176 9 15 
1 476 4 9 8 
1 492 5 6 10 
1 509 0 17 17 
1 509 0 17 17 
1 513 23 11 7 
1 516 39 11 12 
1 490 43 8 7 
1 499 53 9 10 
1 488 59 17 18 
1 508 54 12 18 
1 517 62 15 24 
1 477 100 13 20 
1 484 103 36 42 
1 499 144 8 8 
1 538 135 12 14 
1 495 166 15 13 
1 494 182 14 15 
1 579 16 10 11 
1 548 38 12 14 
1 549 42 24 24 
1 585 49 15 13 
1 571 62 14 16 
1 540 100 10 10 
1 566 91 25 37 
1 539 135 13 13 
1 553 134 14 13 
1 561 124 15 14 
1 547 179 17 16 
1 545 209 11 14 
1 554 211 15 16 
1 533 270 12 15 
1 527 288 12 10 
1 549 285 17 15 
1 527 297 11 12 
1 581 317 9 11 
1 555 328 10 12 
1 568 328 16 16 
1 582 340 12 15 
1 555 372 13 13 
1 553 348 16 18 
1 174 321 47 51 
1 249 20 6 7 
1 246 27 6 7 
1 232 127 8 8 
1 234 149 8 10 
1 76 130 11 12 
1 50 116 11 12 
1 79 56 17 16 
1 555 303 13 13 
1 564 260 13 14 
1 573 276 9 10 
1 133 197 20 20 
1 74 72 11 10 
1 326 236 32 30 
1 147 277 59 54 
1 367 88 6 8 
1 355 96 10 10 
1 353 121 9 11 
1 230 71 6 8 
