1 342 263 34 33 
1 507 0 36 32 
1 446 264 29 29 
1 505 1 43 36 
1 502 6 8 9 
1 550 40 13 15 
1 574 11 11 12 
1 522 69 18 15 
1 523 83 17 16 
1 542 126 32 31 
1 574 135 14 14 
1 516 140 27 26 
1 553 166 15 14 
1 591 185 12 20 
1 531 214 16 16 
1 543 223 27 28 
1 589 367 10 13 
1 445 262 35 34 
1 414 236 25 25 
1 424 311 16 17 
1 420 331 17 18 
1 347 252 17 18 
1 337 257 48 47 
1 302 278 23 22 
1 305 308 17 16 
1 314 335 16 17 
1 322 348 10 12 
1 200 364 18 18 
1 180 329 21 22 
1 165 315 15 16 
1 176 260 15 15 
1 156 249 17 16 
1 185 235 16 18 
1 196 257 15 15 
1 46 279 41 42 
1 9 259 22 23 
1 35 242 20 20 
1 11 197 20 20 
1 4 358 19 16 
1 71 51 20 21 
1 97 56 22 22 
1 85 30 24 25 
1 46 0 25 23 
1 129 14 14 13 
1 222 4 23 23 
1 242 29 23 21 
1 302 17 16 14 
1 288 29 13 15 
1 404 39 16 17 
1 404 56 18 17 
1 161 163 25 25 
1 179 152 30 31 
1 202 184 20 21 
1 236 147 18 19 
1 235 137 14 15 
1 180 112 14 14 
1 193 68 16 16 
1 366 129 21 20 
1 437 94 30 28 
1 447 55 37 33 
1 475 121 22 19 
1 468 226 17 16 
1 171 71 15 18 
1 29 103 13 15 
1 36 96 13 13 
1 40 77 14 16 
1 1 111 12 13 
1 107 261 13 14 
1 151 364 11 12 
1 329 194 24 25 
1 358 189 21 20 
1 390 188 23 22 
1 398 208 18 18 
1 419 211 14 15 
1 452 134 26 26 
1 277 82 16 15 
1 310 68 13 15 
1 381 30 13 14 
1 469 0 20 8 
1 265 242 26 25 
1 277 197 22 20 
1 265 169 13 13 
1 414 16 12 13 
1 530 349 13 14 
1 142 285 13 13 
1 192 22 13 15 
1 414 16 12 14 
1 341 65 9 11 
1 21 369 19 17 
1 367 303 11 14 
1 378 323 11 14 
1 388 92 13 13 
1 397 125 10 12 
1 412 153 9 10 
1 572 303 11 12 
1 113 246 12 13 
1 154 238 11 11 
1 199 204 10 12 
1 81 100 14 14 
1 133 38 13 15 
1 69 36 12 13 
1 394 74 16 15 
1 108 76 14 15 
1 119 47 12 14 
1 98 77 13 14 
1 487 77 13 13 
1 503 210 13 13 
1 412 379 14 15 
1 266 319 14 15 
1 0 65 10 14 
1 8 66 11 10 
1 19 56 10 12 
1 14 62 12 12 
