1 527 222 45 45 
1 354 218 31 30 
1 67 6 40 40 
1 74 203 36 36 
1 183 371 28 28 
1 57 2 6 8 
1 23 16 8 8 
1 22 53 8 7 
1 37 61 7 9 
1 47 61 6 8 
1 42 69 5 7 
1 33 75 8 9 
1 0 87 8 13 
1 29 92 10 11 
1 20 102 16 22 
1 43 104 10 23 
1 45 134 5 7 
1 48 130 5 4 
1 48 130 5 4 
1 46 139 5 7 
1 8 141 6 6 
1 9 149 5 8 
1 19 157 8 9 
1 43 153 6 7 
1 49 181 7 8 
1 35 185 7 8 
1 1 178 8 10 
1 0 191 6 9 
1 8 199 6 6 
1 18 198 7 11 
1 46 225 7 7 
1 43 240 9 9 
1 54 245 9 9 
1 53 272 8 9 
1 37 273 6 10 
1 23 279 8 9 
1 18 291 8 9 
1 47 298 6 9 
1 47 298 6 9 
1 53 295 7 8 
1 52 321 6 7 
1 11 304 8 8 
1 1 327 7 10 
1 23 336 8 7 
1 39 341 6 8 
1 53 350 8 10 
1 26 359 11 17 
1 43 378 10 10 
1 51 390 7 7 
1 57 2 7 7 
1 81 8 10 11 
1 70 14 12 24 
1 87 20 7 9 
1 114 52 6 9 
1 96 48 10 9 
1 97 64 10 11 
1 75 91 7 8 
1 95 98 8 7 
1 120 83 7 9 
1 94 98 9 9 
1 73 90 10 10 
1 71 138 1 2 
1 113 140 8 10 
1 127 137 8 12 
1 107 166 6 8 
1 85 148 6 7 
1 56 148 13 19 
1 66 161 8 9 
1 92 181 10 13 
1 97 175 9 8 
1 85 185 7 7 
1 78 185 6 6 
1 89 200 6 7 
1 86 197 9 10 
1 108 204 7 9 
1 72 207 28 25 
1 83 239 16 17 
1 65 231 8 7 
1 62 234 9 10 
1 71 241 6 9 
1 56 245 6 11 
1 53 270 9 10 
1 71 267 8 7 
1 88 293 7 8 
1 107 295 6 8 
1 66 327 16 23 
1 115 318 7 9 
1 77 356 7 5 
1 54 350 6 11 
1 65 358 6 6 
1 72 359 14 14 
1 84 380 9 8 
1 69 387 8 7 
1 53 389 6 8 
1 106 375 13 15 
1 115 140 7 11 
1 114 51 7 10 
1 183 4 6 8 
1 166 11 8 7 
1 159 6 7 7 
1 120 1 6 7 
1 163 18 9 10 
1 172 26 6 8 
1 175 33 9 10 
1 140 58 1 1 
1 114 49 8 13 
1 163 71 9 15 
1 162 73 11 13 
1 169 96 5 8 
1 141 89 5 5 
1 129 90 6 8 
1 120 85 7 8 
1 128 115 6 6 
1 135 116 7 8 
1 147 114 10 12 
1 172 122 11 13 
1 148 139 10 12 
1 128 138 7 9 
1 121 138 5 6 
1 115 142 8 9 
1 184 183 7 7 
1 148 193 7 9 
1 175 199 7 7 
1 167 206 8 10 
1 135 209 7 8 
1 120 233 8 8 
1 154 233 9 9 
1 160 223 10 13 
1 171 232 7 8 
1 181 227 9 11 
1 180 269 11 13 
1 120 259 9 11 
1 137 287 8 7 
1 115 319 9 9 
1 121 332 15 18 
1 151 323 14 14 
1 180 329 9 10 
1 187 340 5 6 
1 146 366 8 6 
1 152 372 9 9 
1 150 382 8 10 
1 106 372 15 20 
1 182 3 8 9 
1 202 4 6 9 
1 210 20 10 12 
1 220 26 13 14 
1 214 31 4 8 
1 214 30 9 14 
1 176 33 10 11 
1 201 45 10 12 
1 197 59 10 11 
1 211 59 14 12 
1 201 72 7 9 
1 216 100 6 7 
1 242 104 12 12 
1 205 101 8 11 
1 219 111 14 19 
1 228 108 12 20 
1 190 125 9 10 
1 217 143 8 7 
1 225 155 6 7 
1 229 166 9 11 
1 211 181 11 11 
1 185 183 6 7 
1 189 201 6 7 
1 206 201 7 8 
1 232 201 10 7 
1 232 206 9 9 
1 242 208 6 10 
1 217 220 9 11 
1 232 231 7 9 
1 183 229 7 8 
1 174 233 5 8 
1 191 235 9 10 
1 222 251 10 10 
1 194 263 9 16 
1 231 278 10 8 
1 237 296 9 11 
1 219 296 7 10 
1 228 311 8 8 
1 233 324 8 8 
1 241 327 7 8 
1 190 308 9 11 
1 221 331 11 14 
1 214 332 7 8 
1 181 327 11 11 
1 197 332 7 9 
1 215 346 8 9 
1 189 350 7 6 
1 186 341 6 7 
1 182 369 16 20 
1 218 25 15 16 
1 242 102 10 14 
1 209 0 120 112 
1 299 90 8 9 
1 300 138 6 5 
1 276 135 9 10 
1 267 132 8 10 
1 262 152 11 11 
1 248 160 12 14 
1 271 167 14 39 
1 245 181 8 10 
1 265 201 9 11 
1 258 218 7 10 
1 265 216 13 20 
1 302 226 9 9 
1 299 235 8 10 
1 303 240 6 9 
1 300 254 7 9 
1 260 258 12 12 
1 267 217 11 18 
1 259 218 7 10 
1 250 267 6 6 
1 237 295 8 11 
1 258 286 9 23 
1 287 292 10 12 
1 301 275 14 18 
1 287 334 11 9 
1 253 359 12 10 
1 260 380 9 11 
1 275 374 9 12 
1 287 387 9 11 
1 301 364 10 13 
1 240 388 10 8 
1 303 226 6 7 
1 299 235 9 10 
1 304 241 6 8 
1 299 253 8 10 
1 346 46 9 10 
1 334 44 7 10 
1 374 104 10 13 
1 369 96 6 9 
1 325 84 6 11 
1 326 104 8 12 
1 325 106 12 13 
1 375 105 9 13 
1 369 127 8 11 
1 303 149 9 8 
1 327 107 8 9 
1 338 126 5 6 
1 338 133 8 10 
1 330 171 6 9 
1 371 175 8 9 
1 342 187 9 10 
1 323 190 9 9 
1 344 199 7 7 
1 369 195 11 14 
1 376 210 8 9 
1 342 220 12 13 
1 353 221 25 25 
1 340 217 7 6 
1 303 227 6 7 
1 300 236 8 8 
1 304 242 5 7 
1 316 244 8 9 
1 339 238 8 7 
1 345 243 7 9 
1 353 245 9 10 
1 361 252 7 6 
1 348 262 9 9 
1 325 263 6 9 
1 317 261 7 8 
1 304 273 12 20 
1 317 287 8 10 
1 349 263 8 8 
1 346 286 5 10 
1 349 301 18 20 
1 341 310 6 10 
1 322 306 8 11 
1 356 338 8 13 
1 374 306 8 12 
1 375 346 7 8 
1 375 356 5 8 
1 338 342 7 8 
1 344 345 7 11 
1 330 350 12 18 
1 302 368 7 9 
1 327 380 9 12 
1 316 390 7 9 
1 375 346 7 9 
1 398 383 10 10 
1 414 373 6 8 
1 417 381 7 9 
1 362 367 7 13 
1 415 355 7 8 
1 376 345 5 8 
1 380 341 6 9 
1 355 338 9 14 
1 352 300 15 24 
1 376 306 9 12 
1 407 314 16 28 
1 394 298 13 22 
1 374 307 9 11 
1 379 279 9 13 
1 429 281 6 13 
1 411 263 9 15 
1 404 262 7 8 
1 385 264 8 9 
1 431 240 6 8 
1 420 233 10 11 
1 433 242 5 7 
1 421 235 7 9 
1 397 231 9 9 
1 404 261 7 9 
1 384 265 10 9 
1 361 253 5 6 
1 396 229 9 11 
1 420 233 9 10 
1 432 239 6 9 
1 403 210 11 13 
1 355 216 22 31 
1 374 209 8 11 
1 370 195 8 13 
1 401 218 6 6 
1 405 211 9 14 
1 431 208 6 7 
1 419 194 9 10 
1 369 197 12 11 
1 376 209 7 10 
1 392 181 13 18 
1 419 195 9 10 
1 434 180 6 7 
1 373 176 5 8 
1 433 137 12 15 
1 411 117 9 14 
1 408 129 9 10 
1 402 146 9 10 
1 378 153 8 9 
1 369 127 7 8 
1 372 105 12 13 
1 394 95 10 12 
1 367 95 7 9 
1 392 53 9 10 
1 408 32 10 7 
1 392 382 15 10 
1 413 373 8 10 
1 419 380 4 9 
1 424 375 46 30 
1 460 368 8 9 
1 446 351 8 9 
1 454 354 7 10 
1 467 350 7 5 
1 444 332 6 7 
1 439 312 8 9 
1 489 324 9 10 
1 488 314 6 8 
1 471 307 7 9 
1 440 312 6 8 
1 428 312 6 9 
1 405 318 17 24 
1 427 312 7 9 
1 438 314 8 7 
1 427 282 8 8 
1 410 260 10 19 
1 404 262 7 6 
1 430 282 7 8 
1 445 273 8 9 
1 444 266 7 8 
1 463 273 9 13 
1 479 276 6 10 
1 486 268 9 9 
1 481 266 7 6 
1 445 266 8 7 
1 445 272 7 11 
1 463 274 9 12 
1 410 264 9 12 
1 404 262 6 8 
1 420 234 9 9 
1 431 240 8 9 
1 443 242 10 11 
1 442 231 9 9 
1 450 230 10 9 
1 480 264 9 9 
1 486 264 10 13 
1 459 206 11 12 
1 439 213 7 9 
1 431 207 8 9 
1 418 192 10 12 
1 404 209 11 16 
1 432 177 9 10 
1 467 200 7 8 
1 468 178 12 18 
1 480 190 10 12 
1 485 173 10 9 
1 473 166 8 12 
1 449 160 10 13 
1 432 177 8 10 
1 419 193 6 11 
1 485 173 10 10 
1 473 166 7 11 
1 489 162 8 11 
1 449 161 8 11 
1 456 146 9 9 
1 449 130 11 12 
1 434 139 10 11 
1 476 129 6 9 
1 481 131 8 11 
1 496 135 20 5 
1 463 93 8 10 
1 486 70 8 13 
1 487 82 9 10 
1 474 65 9 9 
1 465 57 8 11 
1 410 28 8 11 
1 460 38 11 12 
1 459 13 7 8 
1 476 36 8 9 
1 508 362 7 9 
1 524 362 5 7 
1 549 357 6 9 
1 549 369 7 9 
1 508 334 8 13 
1 520 322 6 9 
1 540 320 10 13 
1 501 307 7 7 
1 490 323 9 10 
1 487 266 9 11 
1 500 213 8 11 
1 486 265 9 10 
1 494 194 7 8 
1 529 175 5 9 
1 534 181 10 11 
1 486 173 8 8 
1 490 161 9 11 
1 511 162 8 9 
1 512 115 11 12 
1 489 123 9 12 
1 480 131 8 12 
1 492 98 9 11 
1 539 85 6 9 
1 546 88 9 12 
1 542 95 8 10 
1 489 83 8 9 
1 486 71 9 12 
1 509 48 8 9 
1 533 42 9 10 
1 493 35 8 6 
1 490 41 5 10 
1 510 49 7 8 
1 506 7 15 14 
1 532 44 11 9 
1 546 37 8 12 
1 534 43 7 11 
1 577 35 14 15 
1 554 64 12 10 
1 567 66 8 9 
1 537 86 8 8 
1 544 89 11 11 
1 543 116 10 9 
1 559 118 10 9 
1 588 123 9 8 
1 576 146 11 13 
1 565 155 8 9 
1 528 176 8 9 
1 533 180 9 11 
1 572 179 8 10 
1 558 218 10 7 
1 526 221 37 47 
1 555 291 9 11 
1 561 306 7 8 
1 582 312 9 10 
1 577 318 6 10 
1 540 320 12 13 
1 548 358 5 7 
1 549 371 7 9 
1 560 371 7 12 
1 576 371 12 15 
1 576 383 15 15 
1 559 386 9 6 
1 588 376 9 11 
1 512 103 45 56 
1 143 38 9 10 
1 58 53 11 12 
1 66 61 10 9 
1 119 261 9 9 
1 356 8 12 12 
