1 109 295 25 25 
1 51 314 30 30 
1 323 308 35 34 
1 369 0 32 17 
1 318 301 46 42 
1 492 253 26 25 
1 449 263 17 21 
1 452 325 17 18 
1 539 316 36 34 
1 481 74 30 29 
1 508 63 15 15 
1 109 295 28 25 
1 82 372 23 21 
1 79 346 23 22 
1 50 312 35 34 
1 32 325 19 18 
1 63 226 17 19 
1 159 106 19 16 
1 244 103 17 16 
1 308 127 19 15 
1 306 215 19 21 
1 225 238 15 16 
1 51 190 17 20 
1 349 0 67 15 
1 137 14 15 15 
1 386 174 16 17 
1 384 92 14 12 
1 27 260 20 19 
1 26 282 25 26 
1 102 256 14 15 
1 92 281 12 12 
1 118 139 17 17 
1 75 194 13 13 
1 264 192 14 12 
1 270 27 19 19 
1 375 164 13 10 
1 379 115 13 13 
1 120 262 11 10 
1 81 149 9 12 
1 168 58 13 14 
1 279 235 13 12 
1 269 227 12 12 
1 277 276 10 15 
1 195 280 13 15 
1 235 285 13 9 
1 53 171 13 10 
1 96 204 11 16 
1 107 203 11 15 
1 298 156 28 23 
1 45 361 15 13 
1 89 328 11 13 
1 338 167 16 11 
1 0 206 11 12 
1 30 230 15 15 
1 176 347 10 12 
1 174 158 10 13 
1 222 113 10 11 
1 233 46 10 11 
1 132 37 7 8 
1 154 37 9 8 
1 0 132 9 14 
1 7 21 8 10 
1 77 0 10 12 
1 129 2 13 6 
1 465 17 14 12 
1 458 2 15 12 
1 503 37 10 12 
1 393 31 13 11 
1 323 68 11 12 
1 216 96 9 9 
1 222 132 8 8 
1 252 151 13 13 
1 393 247 11 12 
1 459 187 12 11 
1 530 174 13 14 
1 545 138 11 12 
1 568 94 10 10 
1 424 349 9 10 
1 271 382 12 12 
1 139 264 11 10 
1 153 256 11 9 
1 12 159 10 9 
1 25 191 12 10 
1 13 214 10 10 
1 49 213 10 10 
1 24 105 11 9 
1 523 129 14 15 
