1 430 239 72 72 
1 442 169 35 35 
1 306 91 44 44 
1 0 205 42 66 
1 298 86 61 55 
1 427 234 75 72 
1 441 168 39 39 
1 0 202 55 71 
1 15 334 16 25 
1 100 315 19 18 
1 197 0 27 22 
1 170 156 23 21 
1 97 165 28 21 
1 77 58 14 17 
1 41 68 17 19 
1 72 152 22 22 
1 117 233 21 23 
1 231 214 20 19 
1 542 211 25 22 
1 423 146 19 22 
1 395 149 25 24 
1 428 71 26 24 
1 452 36 20 18 
1 372 108 19 24 
1 296 48 20 18 
1 257 33 21 18 
1 167 68 28 27 
1 96 110 38 33 
1 184 315 12 14 
1 330 285 21 18 
1 328 303 22 20 
1 302 327 24 24 
1 171 234 13 17 
1 266 170 15 17 
1 193 185 18 21 
1 260 118 15 14 
1 154 145 16 17 
1 154 35 13 14 
1 396 51 15 13 
1 515 64 19 21 
1 458 84 18 17 
1 389 100 18 17 
1 413 33 15 16 
1 392 35 16 17 
1 107 273 22 19 
1 152 276 18 15 
1 326 154 18 20 
1 519 316 17 21 
1 500 322 14 20 
1 333 21 19 16 
