1 453 208 32 32 
1 215 200 28 28 
1 20 67 26 25 
1 125 79 34 34 
1 24 202 26 26 
1 18 33 28 27 
1 194 321 29 30 
1 282 140 32 28 
1 210 196 32 35 
1 19 197 37 33 
1 165 25 25 27 
1 16 29 34 31 
1 41 55 27 28 
1 17 62 27 33 
1 39 102 13 18 
1 123 78 34 36 
1 71 100 24 22 
1 132 130 20 23 
1 196 126 23 23 
1 15 119 20 22 
1 73 210 14 13 
1 28 268 17 17 
1 126 229 15 18 
1 181 239 27 27 
1 266 293 33 32 
1 402 270 23 27 
1 450 203 37 41 
1 265 204 17 20 
1 276 83 22 20 
1 301 103 15 18 
1 417 101 21 23 
1 446 67 14 16 
1 466 68 21 28 
1 527 144 25 31 
1 371 202 26 33 
1 330 221 16 20 
1 352 325 23 23 
1 458 335 22 20 
1 528 315 18 21 
1 445 315 21 21 
1 287 238 19 16 
1 164 170 25 20 
1 522 146 15 17 
1 284 50 14 16 
1 64 248 21 16 
1 98 327 25 26 
1 168 347 23 19 
1 184 282 17 20 
1 421 211 16 19 
1 483 197 25 25 
1 481 298 20 19 
1 491 321 15 19 
1 555 254 14 11 
1 564 233 13 15 
1 321 248 15 17 
1 339 134 16 20 
