1 419 72 56 56 
1 499 257 26 27 
1 407 270 42 42 
1 336 265 29 29 
1 221 280 28 29 
1 36 157 57 57 
1 248 109 101 101 
1 396 232 67 66 
1 310 14 28 28 
1 418 68 56 64 
1 484 149 19 18 
1 562 183 25 22 
1 523 206 29 20 
1 494 252 36 40 
1 527 291 22 19 
1 566 330 17 17 
1 503 343 26 21 
1 395 266 59 47 
1 331 262 32 31 
1 210 302 120 62 
1 213 273 43 37 
1 209 255 23 16 
1 101 226 36 31 
1 27 160 49 45 
1 71 144 33 24 
1 182 176 23 23 
1 204 173 18 21 
1 360 210 26 24 
1 391 223 59 54 
1 570 245 16 15 
1 543 244 24 27 
1 550 282 21 17 
1 478 238 19 25 
1 506 74 15 17 
1 390 78 25 17 
1 387 108 18 18 
1 341 86 24 20 
1 263 98 37 31 
1 263 86 16 12 
1 241 129 22 18 
1 248 145 23 18 
1 29 89 27 24 
1 25 211 18 17 
1 193 83 17 11 
1 305 17 35 27 
1 278 13 24 17 
1 207 25 19 17 
1 218 26 27 18 
1 495 302 20 14 
1 336 294 15 13 
1 117 299 19 19 
1 400 0 20 15 
1 172 302 22 17 
1 451 13 18 16 
1 152 92 12 15 
1 79 61 13 12 
1 116 32 19 14 
1 158 70 15 18 
1 146 186 17 14 
1 408 149 13 11 
1 414 128 11 14 
1 412 106 15 12 
1 546 160 9 11 
1 561 144 16 14 
1 539 113 11 11 
1 512 131 13 4 
1 508 108 13 10 
1 538 74 12 11 
1 553 56 20 17 
1 548 18 12 14 
1 512 36 0 0 
1 474 31 13 11 
1 498 23 12 11 
1 389 40 20 20 
1 369 66 12 12 
1 305 45 14 12 
1 269 64 14 14 
1 15 42 17 14 
1 20 334 13 14 
1 143 241 14 13 
1 207 131 13 12 
1 206 109 10 9 
1 165 161 16 13 
1 168 195 10 11 
1 160 218 14 12 
1 125 214 13 12 
1 278 231 16 14 
1 301 244 19 16 
1 556 313 12 8 
1 566 300 15 13 
