1 0 152 63 81 
1 534 275 41 41 
1 493 333 66 65 
1 222 156 42 42 
1 182 186 42 42 
1 277 24 86 86 
1 291 303 66 66 
1 447 224 48 47 
1 198 280 42 43 
1 67 92 53 52 
1 165 350 29 29 
1 252 0 47 41 
1 226 108 38 37 
1 393 254 63 63 
1 250 345 30 30 
1 61 271 40 40 
1 50 188 50 51 
1 57 139 57 57 
1 94 239 39 39 
1 0 228 31 49 
1 0 136 69 102 
1 443 219 46 49 
1 172 186 57 47 
1 216 156 57 43 
1 217 80 31 29 
1 68 93 51 46 
1 114 91 15 16 
1 121 104 23 26 
1 82 311 14 20 
1 21 311 19 19 
1 244 250 17 17 
1 197 280 36 39 
1 283 243 19 21 
1 307 234 17 18 
1 298 316 35 34 
1 246 345 26 21 
1 153 316 16 18 
1 152 285 17 19 
1 172 289 16 19 
1 178 343 18 17 
1 392 310 18 16 
1 416 333 23 19 
1 513 325 18 21 
1 533 270 44 40 
1 565 319 13 14 
1 511 185 17 17 
1 468 156 15 14 
1 495 132 14 20 
1 527 151 19 17 
1 543 140 18 19 
1 555 130 12 19 
1 557 79 16 16 
1 507 98 13 12 
1 112 209 21 19 
1 117 195 17 16 
1 140 162 16 18 
1 198 141 15 19 
1 278 138 24 22 
1 283 167 22 21 
1 292 119 15 15 
1 328 92 14 14 
1 294 52 43 41 
1 318 64 13 13 
1 348 58 16 13 
1 445 0 24 10 
1 446 19 15 13 
1 466 49 11 10 
1 516 15 18 15 
1 460 115 21 20 
1 410 174 11 14 
1 355 216 14 11 
1 392 239 16 18 
1 402 269 15 19 
1 519 260 9 12 
1 551 249 18 15 
1 259 300 11 9 
1 228 303 15 13 
1 39 287 22 21 
1 99 301 14 9 
1 100 309 15 10 
1 88 185 13 12 
1 225 110 34 31 
1 131 6 22 23 
1 98 11 15 14 
1 174 31 11 12 
1 190 42 19 12 
1 207 24 11 11 
1 221 35 6 8 
1 193 13 14 11 
1 236 9 10 12 
1 316 37 12 11 
1 374 38 8 9 
1 338 114 9 9 
1 255 85 10 10 
1 278 75 8 11 
1 279 91 11 13 
1 312 125 16 14 
1 314 145 16 18 
1 384 133 18 21 
1 408 78 9 9 
1 286 341 7 10 
1 269 314 13 13 
1 263 332 9 13 
1 189 131 9 11 
1 283 202 10 12 
