1 433 242 54 54 
1 557 310 28 28 
1 398 16 35 35 
1 38 21 7 10 
1 37 126 7 10 
1 6 126 12 18 
1 12 147 9 11 
1 6 191 10 8 
1 10 224 6 6 
1 24 227 13 17 
1 6 237 8 7 
1 16 255 13 12 
1 6 304 10 10 
1 25 346 13 17 
1 16 363 12 11 
1 0 370 12 12 
1 1 355 5 15 
1 12 392 9 6 
1 87 13 8 8 
1 114 4 9 9 
1 70 28 6 9 
1 36 19 11 13 
1 36 126 11 10 
1 102 148 9 11 
1 84 235 11 9 
1 59 231 10 10 
1 26 228 11 17 
1 77 287 16 18 
1 72 324 8 11 
1 57 352 12 15 
1 22 344 16 20 
1 55 355 12 12 
1 135 2 9 6 
1 114 5 8 9 
1 124 11 10 8 
1 155 4 8 6 
1 158 24 10 9 
1 132 25 8 11 
1 129 44 7 9 
1 152 42 10 9 
1 176 41 6 10 
1 168 52 8 10 
1 175 77 6 7 
1 147 94 10 10 
1 127 78 7 10 
1 133 102 12 12 
1 112 117 11 9 
1 132 113 7 9 
1 135 124 12 12 
1 101 148 14 11 
1 140 205 18 16 
1 147 236 8 11 
1 159 251 9 10 
1 151 307 9 10 
1 123 318 9 10 
1 122 351 9 12 
1 141 350 9 10 
1 167 362 6 6 
1 164 378 8 7 
1 189 13 6 6 
1 219 6 11 11 
1 220 63 6 7 
1 192 41 10 8 
1 176 39 10 11 
1 177 77 6 9 
1 177 92 6 8 
1 214 87 9 11 
1 199 104 11 11 
1 210 115 9 12 
1 224 112 11 11 
1 210 133 12 10 
1 238 138 5 9 
1 187 162 9 7 
1 212 162 7 9 
1 196 178 14 26 
1 210 232 9 12 
1 191 265 11 14 
1 198 292 10 13 
1 180 291 9 10 
1 208 298 9 10 
1 232 293 8 9 
1 224 331 11 9 
1 234 336 8 12 
1 215 354 11 12 
1 178 342 10 8 
1 186 355 10 12 
1 195 385 13 11 
1 203 377 9 11 
1 282 8 7 8 
1 295 11 9 10 
1 253 12 8 7 
1 246 16 5 6 
1 253 25 6 7 
1 268 34 8 12 
1 252 39 7 9 
1 288 74 10 14 
1 294 95 9 8 
1 241 106 7 14 
1 290 108 18 28 
1 254 156 6 8 
1 244 165 7 11 
1 259 173 8 9 
1 288 168 6 7 
1 276 179 16 17 
1 286 195 8 8 
1 270 228 7 8 
1 291 239 8 8 
1 272 266 8 9 
1 271 258 8 9 
1 289 268 8 10 
1 277 282 16 17 
1 271 311 12 11 
1 254 305 8 9 
1 241 319 8 11 
1 233 337 8 13 
1 267 340 11 12 
1 288 341 9 10 
1 253 376 8 11 
1 353 2 9 6 
1 350 17 8 12 
1 339 14 6 9 
1 328 6 7 6 
1 323 15 6 7 
1 308 11 9 11 
1 295 4 12 19 
1 303 26 9 11 
1 321 32 16 18 
1 338 15 9 8 
1 348 14 12 13 
1 349 49 12 12 
1 336 60 9 10 
1 318 49 7 9 
1 314 54 8 8 
1 286 74 13 13 
1 310 88 20 20 
1 294 95 8 8 
1 293 113 17 23 
1 358 105 9 12 
1 347 139 12 12 
1 329 150 13 14 
1 309 159 20 22 
1 354 162 10 10 
1 340 174 10 10 
1 294 181 12 13 
1 298 197 8 8 
1 304 201 7 8 
1 321 215 7 8 
1 332 207 8 12 
1 303 215 9 10 
1 291 239 7 8 
1 305 245 9 11 
1 330 245 20 20 
1 330 271 12 11 
1 304 328 9 9 
1 290 340 8 13 
1 310 360 10 12 
1 299 352 10 8 
1 300 362 10 9 
1 307 375 10 13 
1 338 371 6 11 
1 356 342 9 11 
1 331 275 10 9 
1 351 278 10 9 
1 379 1 13 12 
1 370 11 11 12 
1 380 21 11 9 
1 395 15 34 34 
1 362 45 14 11 
1 351 50 10 13 
1 389 50 7 11 
1 377 60 9 7 
1 370 65 10 10 
1 360 68 15 14 
1 385 67 24 19 
1 377 82 14 16 
1 389 90 13 12 
1 400 88 14 13 
1 357 107 11 10 
1 379 117 14 14 
1 410 138 12 10 
1 408 149 13 9 
1 383 133 8 9 
1 374 126 11 8 
1 359 140 15 13 
1 348 138 9 13 
1 350 157 15 17 
1 367 156 11 10 
1 380 169 7 14 
1 383 165 8 8 
1 401 168 9 9 
1 409 149 10 9 
1 410 135 10 13 
1 370 178 9 12 
1 358 197 8 13 
1 372 207 7 8 
1 382 221 12 13 
1 393 226 11 10 
1 365 223 10 12 
1 383 265 14 11 
1 428 268 5 11 
1 382 284 9 10 
1 386 289 11 10 
1 392 297 10 11 
1 374 307 10 14 
1 385 323 6 10 
1 420 320 12 13 
1 429 313 11 9 
1 411 371 11 10 
1 406 382 10 12 
1 477 2 20 24 
1 400 18 25 29 
1 464 44 11 11 
1 481 66 11 10 
1 489 55 11 8 
1 429 66 7 11 
1 432 86 13 10 
1 484 71 16 18 
1 465 44 9 11 
1 481 67 9 10 
1 493 106 15 20 
1 479 110 12 13 
1 438 134 21 18 
1 410 136 8 11 
1 411 146 8 9 
1 437 158 9 9 
1 473 140 9 12 
1 481 124 15 14 
1 497 126 9 14 
1 487 164 12 17 
1 452 161 13 10 
1 434 157 13 11 
1 401 168 8 10 
1 459 179 10 9 
1 453 194 8 13 
1 460 203 10 11 
1 491 228 11 12 
1 433 245 48 52 
1 496 262 11 10 
1 493 282 8 13 
1 474 301 10 12 
1 478 308 10 11 
1 428 313 10 9 
1 392 296 13 13 
1 420 319 13 15 
1 474 326 8 9 
1 456 347 13 13 
1 448 358 9 10 
1 431 369 12 11 
1 412 371 8 10 
1 407 378 12 13 
1 497 389 9 11 
1 497 261 10 12 
1 490 229 13 13 
1 503 213 7 11 
1 473 1 22 25 
1 503 9 10 11 
1 510 30 7 9 
1 519 27 5 11 
1 538 41 13 12 
1 589 16 9 10 
1 570 13 9 7 
1 572 40 9 8 
1 543 17 6 7 
1 488 51 10 10 
1 506 51 7 6 
1 514 51 7 8 
1 524 54 9 9 
1 527 61 8 10 
1 488 52 9 9 
1 481 66 7 9 
1 482 69 18 22 
1 568 77 18 18 
1 565 99 12 14 
1 547 107 11 13 
1 592 101 6 7 
1 521 104 22 20 
1 491 103 19 24 
1 480 112 11 12 
1 486 122 11 13 
1 499 130 9 8 
1 534 128 16 15 
1 554 129 10 9 
1 580 132 13 13 
1 567 149 13 15 
1 542 152 12 17 
1 527 157 10 10 
1 515 159 11 9 
1 518 169 10 11 
1 487 170 13 10 
1 545 190 16 16 
1 569 179 8 11 
1 594 180 9 9 
1 554 217 8 7 
1 536 211 7 8 
1 516 212 9 10 
1 502 211 10 9 
1 487 214 10 9 
1 491 229 7 9 
1 525 222 11 12 
1 565 249 14 16 
1 563 266 11 11 
1 552 256 7 8 
1 545 266 12 9 
1 528 265 6 8 
1 517 260 7 9 
1 507 264 10 9 
1 499 262 7 11 
1 487 274 10 10 
1 494 284 8 10 
1 517 276 8 10 
1 536 275 10 13 
1 560 289 9 12 
1 575 287 10 15 
1 556 306 10 8 
1 524 310 9 11 
1 477 303 7 9 
1 479 309 11 9 
1 523 311 11 11 
1 475 323 9 12 
1 506 333 8 8 
1 514 335 9 12 
1 558 341 9 12 
1 576 331 7 11 
1 558 302 8 13 
1 524 309 10 12 
1 514 333 10 15 
1 557 339 10 11 
1 564 269 10 10 
1 563 245 20 21 
1 536 278 11 12 
1 545 265 9 11 
1 576 334 9 11 
1 557 343 10 9 
1 571 341 8 15 
1 579 352 10 15 
1 540 374 13 15 
1 568 365 8 9 
1 580 379 9 14 
1 587 387 13 14 
1 547 389 8 9 
1 496 391 12 9 
1 516 353 11 9 
1 516 372 12 8 
1 516 386 8 12 
1 363 330 15 15 
1 0 1 25 23 
1 29 172 13 13 
1 39 369 11 12 
1 314 86 23 23 
1 223 75 13 12 
1 240 107 10 12 
1 240 229 8 9 
1 394 195 8 9 
1 398 204 8 8 
1 407 187 9 8 
1 419 195 9 9 
1 408 196 10 8 
1 465 219 35 32 
1 438 102 9 9 
1 131 188 11 10 
1 163 109 11 13 
1 109 49 7 9 
1 57 106 8 9 
1 177 330 10 10 
1 324 195 15 14 
