1 465 311 32 31 
1 473 66 26 26 
1 276 289 33 32 
1 289 362 18 16 
1 118 369 16 18 
1 23 362 18 17 
1 202 373 19 19 
1 337 383 16 13 
1 534 364 16 15 
1 475 385 15 14 
1 378 369 11 12 
1 433 360 15 15 
1 463 307 40 41 
1 271 280 42 45 
1 3 262 30 35 
1 138 315 33 33 
1 155 186 30 26 
1 281 144 23 24 
1 379 88 29 24 
1 399 119 30 26 
1 472 63 32 33 
1 534 59 23 22 
1 517 3 14 15 
1 533 2 18 16 
1 248 44 17 15 
1 215 44 16 14 
1 125 128 22 23 
1 163 113 22 21 
1 244 192 23 25 
1 554 215 17 15 
1 559 246 16 14 
1 564 241 19 21 
1 548 342 22 22 
1 191 326 27 26 
1 202 303 16 18 
1 132 266 25 29 
1 17 330 25 27 
1 0 159 22 25 
1 0 0 23 21 
1 42 10 23 17 
1 232 111 13 15 
1 226 92 20 17 
1 253 78 13 14 
1 263 93 24 21 
1 340 130 19 17 
1 141 26 23 18 
1 443 281 19 21 
1 543 268 15 21 
1 408 92 15 15 
1 499 17 17 15 
1 496 312 23 21 
1 167 312 17 16 
1 186 193 18 20 
1 92 320 23 24 
1 98 162 20 20 
1 116 189 19 19 
1 0 230 19 23 
1 30 256 15 15 
1 58 85 21 16 
1 85 62 17 16 
1 105 82 15 13 
1 133 109 17 15 
1 528 296 14 15 
1 542 299 17 16 
1 430 251 17 15 
1 436 256 27 22 
1 479 276 15 15 
1 326 305 19 15 
1 370 306 17 18 
1 353 319 16 14 
1 219 241 12 15 
1 170 245 15 16 
1 195 262 16 14 
1 252 239 12 13 
1 245 265 15 17 
1 243 294 13 16 
1 233 311 14 16 
1 321 164 15 13 
1 331 203 16 16 
1 311 221 17 17 
1 378 235 22 17 
1 545 188 15 18 
1 562 182 16 15 
1 322 109 17 15 
1 299 90 15 14 
1 86 117 14 14 
1 71 183 16 15 
1 113 311 14 12 
1 87 275 16 19 
1 440 336 21 22 
1 562 96 13 12 
1 566 117 12 13 
1 379 70 14 13 
1 524 328 13 12 
1 105 233 13 16 
1 137 245 17 16 
1 47 345 15 15 
1 365 159 19 19 
1 223 129 15 12 
1 252 135 21 17 
1 240 177 14 14 
1 195 121 15 15 
1 188 134 13 14 
1 148 344 26 22 
1 110 346 17 14 
1 81 250 15 15 
1 492 179 17 18 
1 144 203 14 15 
1 160 150 18 16 
1 204 134 23 22 
1 449 56 19 15 
1 514 54 13 11 
