1 141 62 60 60 
1 105 9 33 33 
1 207 320 27 28 
1 136 55 67 66 
1 113 104 18 22 
1 203 318 35 32 
1 145 328 38 32 
1 158 291 27 24 
1 417 289 23 22 
1 395 335 20 23 
1 76 372 37 28 
1 460 378 21 19 
1 500 335 18 17 
1 496 308 15 20 
1 383 390 20 10 
1 401 39 20 16 
1 387 50 10 13 
1 109 9 29 33 
1 91 10 21 21 
1 38 84 16 18 
1 60 44 15 17 
1 75 247 22 25 
1 109 179 17 15 
1 122 165 19 18 
1 211 100 16 17 
1 238 110 14 17 
1 64 191 17 17 
1 80 105 14 14 
1 117 206 13 15 
1 230 65 13 13 
1 13 370 31 30 
1 68 317 15 15 
1 32 264 15 17 
1 16 112 15 16 
1 49 73 18 19 
1 209 30 13 14 
1 285 9 14 13 
1 271 13 12 15 
1 317 167 22 22 
1 308 157 17 17 
1 322 141 17 17 
1 459 68 14 18 
1 442 7 16 16 
1 505 126 16 21 
1 500 365 16 18 
1 406 371 14 11 
1 232 300 18 19 
1 51 7 13 13 
1 24 16 14 13 
1 12 40 11 11 
1 275 234 16 17 
1 293 34 12 10 
1 458 327 11 11 
1 478 305 11 14 
1 370 215 12 12 
1 251 267 14 12 
1 448 68 10 14 
1 469 160 21 21 
1 316 94 11 14 
1 257 61 14 17 
1 189 19 12 15 
1 73 73 22 20 
1 98 198 14 18 
1 519 226 15 15 
1 333 84 10 10 
1 349 86 11 10 
1 273 300 19 17 
1 122 365 16 13 
1 39 211 13 11 
1 354 32 10 12 
1 427 173 12 14 
1 430 239 12 11 
1 413 241 12 12 
1 397 250 16 12 
1 398 283 15 14 
1 514 302 11 12 
1 236 236 12 13 
1 175 141 18 18 
1 54 362 12 11 
1 52 374 14 13 
1 270 120 13 15 
1 219 5 11 12 
1 459 138 18 18 
1 9 89 18 14 
1 32 308 13 11 
