1 324 103 46 46 
1 177 341 27 27 
1 206 260 89 89 
1 213 384 29 16 
1 82 363 19 19 
1 115 354 17 17 
1 186 365 20 20 
1 207 361 17 21 
1 465 359 17 13 
1 30 384 18 16 
1 318 100 56 52 
1 348 95 24 22 
1 441 9 26 23 
1 501 213 21 24 
1 507 261 18 19 
1 550 247 31 31 
1 346 336 33 30 
1 400 300 31 28 
1 430 316 18 16 
1 107 204 31 26 
1 89 178 27 24 
1 168 142 23 21 
1 204 169 29 29 
1 171 339 40 25 
1 72 25 33 33 
1 316 25 32 31 
1 487 30 18 16 
1 514 34 15 13 
1 541 17 19 17 
1 565 10 12 15 
1 558 0 14 14 
1 68 287 30 31 
1 102 299 34 30 
1 153 299 20 19 
1 157 229 20 22 
1 297 242 30 27 
1 237 158 24 22 
1 38 204 20 22 
1 54 136 16 16 
1 92 79 16 16 
1 243 232 27 24 
1 206 204 20 20 
1 236 212 18 14 
1 260 85 19 19 
1 240 58 17 17 
1 175 92 16 14 
1 495 139 19 18 
1 566 143 18 20 
1 0 236 16 17 
1 36 112 16 17 
1 59 17 24 22 
1 270 25 13 16 
1 284 28 18 16 
1 300 198 16 16 
1 145 164 16 17 
1 146 80 14 14 
1 5 103 16 15 
1 39 7 15 18 
1 41 39 17 14 
1 142 266 25 28 
1 51 258 16 16 
1 63 93 18 11 
1 141 24 19 20 
1 421 8 14 14 
1 119 134 16 15 
