1 107 299 39 39 
1 482 232 34 34 
1 250 75 31 31 
1 205 91 33 32 
1 87 82 22 20 
1 55 142 10 11 
1 34 163 25 22 
1 13 163 12 12 
1 8 145 14 13 
1 28 108 13 11 
1 12 97 13 12 
1 0 64 15 22 
1 21 40 15 14 
1 11 10 13 12 
1 202 90 42 38 
1 207 132 16 15 
1 275 138 24 21 
1 247 71 39 41 
1 257 101 13 13 
1 285 93 16 15 
1 317 99 28 27 
1 298 31 18 17 
1 358 69 25 22 
1 379 45 27 25 
1 397 33 12 13 
1 412 18 18 17 
1 432 42 12 13 
1 453 45 21 20 
1 446 54 11 11 
1 445 64 13 12 
1 477 77 16 13 
1 411 102 32 31 
1 379 136 31 28 
1 566 118 20 20 
1 585 149 16 18 
1 564 159 22 20 
1 566 198 33 31 
1 532 262 19 21 
1 586 264 14 17 
1 482 232 36 36 
1 473 298 23 23 
1 362 277 21 19 
1 322 281 15 17 
1 148 354 15 17 
1 108 377 33 28 
1 93 380 18 18 
1 106 295 49 48 
1 95 289 17 18 
1 30 290 17 14 
1 38 303 14 13 
1 23 245 24 22 
1 33 163 27 24 
1 162 156 16 13 
1 163 168 27 21 
1 61 230 14 13 
1 94 168 15 15 
1 111 182 12 12 
1 66 85 12 12 
1 53 15 10 10 
1 83 0 15 12 
1 188 35 15 16 
1 202 14 13 13 
1 26 300 12 12 
1 53 283 11 11 
1 46 292 11 12 
1 50 375 12 13 
1 81 371 12 13 
1 164 202 9 10 
1 168 209 10 9 
1 216 221 16 16 
1 192 274 19 20 
1 182 319 13 14 
1 216 221 16 15 
1 253 220 16 14 
1 284 198 12 12 
1 316 210 12 12 
1 328 198 22 22 
1 362 195 13 13 
1 434 224 31 30 
1 432 256 16 16 
1 443 374 19 19 
1 461 371 12 13 
1 530 349 20 21 
1 569 257 15 16 
1 577 93 14 13 
1 187 36 17 15 
1 202 14 11 12 
1 300 17 12 11 
1 52 15 10 9 
1 82 0 16 12 
1 109 57 14 14 
1 0 288 11 12 
1 65 365 12 12 
1 95 368 15 13 
1 181 268 12 12 
1 190 262 13 12 
1 272 382 14 12 
1 287 378 12 11 
1 343 304 13 14 
1 383 333 11 11 
1 507 123 13 13 
1 462 118 12 11 
1 310 68 14 15 
1 325 70 13 13 
1 389 1 16 11 
1 411 3 12 11 
1 543 28 9 9 
1 556 28 10 9 
1 24 352 11 10 
1 210 365 12 12 
1 338 313 9 9 
1 337 319 10 12 
1 387 320 10 12 
1 416 332 10 9 
1 420 319 12 11 
1 444 312 14 15 
1 466 252 15 14 
1 452 261 13 12 
1 490 208 15 16 
1 547 173 10 11 
1 268 250 13 13 
1 247 268 12 11 
1 379 90 16 16 
1 422 84 12 13 
1 180 121 12 13 
1 86 209 12 12 
1 107 222 9 10 
1 146 200 9 9 
1 62 177 12 13 
1 405 276 14 12 
1 406 267 10 10 
1 410 245 10 10 
1 449 197 11 12 
1 426 163 10 11 
1 538 91 9 11 
1 564 383 13 13 
1 471 390 16 13 
1 552 43 13 13 
1 190 389 16 11 
1 25 383 10 12 
1 161 47 10 9 
1 161 63 10 10 
1 164 276 13 13 
1 186 203 10 10 
1 212 179 11 10 
1 203 143 9 10 
1 210 150 10 10 
1 237 27 14 15 
1 240 45 11 12 
1 394 21 13 12 
1 518 177 14 13 
1 508 177 11 13 
1 533 243 15 15 
1 545 252 14 15 
1 542 288 11 12 
1 355 225 11 11 
1 400 230 11 10 
1 393 180 10 11 
1 251 343 11 11 
1 220 373 10 11 
1 490 150 10 10 
1 465 139 10 10 
1 472 176 10 10 
1 520 70 10 11 
1 524 20 13 12 
1 523 31 10 9 
1 207 318 10 11 
1 213 303 9 10 
1 202 336 10 10 
1 202 344 9 9 
1 47 197 12 12 
1 350 351 9 9 
1 341 345 8 8 
1 316 345 9 10 
1 308 334 9 9 
1 305 296 10 11 
1 368 305 13 12 
1 88 342 12 13 
1 267 313 20 18 
1 347 158 10 10 
1 331 138 10 10 
1 450 88 10 11 
1 482 113 12 12 
