1 92 19 76 77 
1 424 38 42 41 
1 543 252 29 29 
1 68 13 112 88 
1 94 92 15 15 
1 25 123 24 25 
1 21 51 15 15 
1 27 64 13 12 
1 74 109 19 19 
1 88 117 21 22 
1 92 136 24 23 
1 143 142 23 24 
1 32 177 23 21 
1 48 201 15 16 
1 59 197 16 17 
1 40 244 19 18 
1 32 272 19 20 
1 48 272 14 14 
1 49 305 14 13 
1 60 313 14 14 
1 85 300 17 18 
1 78 296 10 11 
1 110 282 16 18 
1 113 312 20 18 
1 102 331 30 31 
1 79 355 16 15 
1 86 373 14 13 
1 12 374 19 19 
1 12 356 11 12 
1 5 364 12 14 
1 1 375 10 11 
1 129 260 19 19 
1 142 274 12 12 
1 171 265 29 26 
1 196 288 14 14 
1 180 293 18 18 
1 172 301 11 11 
1 174 311 20 18 
1 178 332 13 12 
1 215 376 18 20 
1 232 363 17 19 
1 241 190 20 20 
1 261 205 17 17 
1 261 185 13 13 
1 286 138 20 21 
1 217 160 19 18 
1 225 149 11 13 
1 257 99 12 14 
1 289 85 29 27 
1 279 19 13 15 
1 361 57 23 23 
1 365 1 36 32 
1 407 31 17 18 
1 395 39 13 13 
1 422 38 47 46 
1 435 32 15 15 
1 450 34 12 15 
1 470 53 16 16 
1 459 56 14 12 
1 459 92 18 18 
1 471 94 18 19 
1 503 64 20 17 
1 510 76 13 14 
1 524 90 33 34 
1 519 12 15 16 
1 564 11 17 17 
1 540 2 13 13 
1 517 1 14 11 
1 582 126 18 18 
1 553 135 21 21 
1 547 174 34 36 
1 526 162 16 14 
1 481 214 23 21 
1 466 213 19 20 
1 472 232 16 17 
1 489 231 13 15 
1 537 245 43 45 
1 496 302 20 19 
1 480 300 18 18 
1 438 295 19 19 
1 486 376 31 25 
1 450 382 17 14 
1 415 352 18 18 
1 391 385 15 15 
1 369 384 15 14 
1 392 146 32 33 
1 475 130 16 18 
1 466 137 15 14 
1 508 126 31 30 
1 493 262 17 17 
1 436 262 21 20 
1 349 102 13 14 
1 353 134 30 30 
1 305 212 20 20 
1 332 353 16 17 
1 381 335 19 19 
1 399 290 13 13 
1 95 170 14 13 
1 94 199 10 10 
1 117 194 12 12 
1 147 193 14 15 
1 153 209 10 11 
1 134 358 15 16 
1 178 346 19 17 
1 176 362 15 14 
1 16 343 10 11 
1 27 339 13 15 
1 36 352 12 13 
1 44 341 11 12 
1 178 208 224 194 
1 545 322 13 14 
1 546 302 14 13 
1 558 294 15 14 
1 472 258 14 14 
1 394 85 13 14 
1 387 81 13 13 
1 583 35 16 17 
1 569 240 20 21 
1 578 260 9 10 
1 288 34 48 45 
1 306 70 53 57 
1 296 194 12 13 
1 382 225 11 12 
1 350 245 11 11 
1 376 361 14 14 
1 267 308 14 16 
1 546 387 19 17 
1 198 32 19 18 
1 196 44 13 11 
1 196 53 16 15 
1 213 66 12 12 
1 250 63 12 13 
1 425 181 17 16 
1 402 180 15 13 
1 177 181 15 14 
1 173 196 13 12 
1 181 140 13 13 
1 145 336 11 13 
1 78 333 11 13 
1 87 335 11 12 
1 400 341 13 14 
1 455 350 14 12 
1 483 328 12 12 
1 572 349 12 12 
1 530 143 9 10 
1 526 149 10 9 
1 540 147 10 11 
1 552 153 13 14 
1 169 57 10 12 
1 160 85 10 10 
1 184 58 12 13 
1 192 60 8 9 
1 34 57 10 10 
1 347 2 13 14 
1 156 231 13 12 
1 450 144 10 10 
1 457 147 10 11 
1 432 132 12 12 
1 433 143 12 11 
1 404 258 13 12 
1 427 241 12 12 
1 578 368 17 15 
1 202 10 29 30 
1 32 157 20 20 
1 211 260 18 19 
1 273 244 14 16 
1 246 244 15 17 
1 340 35 13 13 
1 66 138 13 13 
1 8 254 11 11 
1 52 369 12 11 
