1 537 61 33 33 
1 432 32 26 27 
1 118 23 152 177 
1 169 177 27 22 
1 537 61 32 34 
1 427 30 32 30 
1 431 52 11 16 
1 419 98 30 27 
1 348 257 20 19 
1 238 343 16 17 
1 576 261 19 20 
1 431 285 20 16 
1 482 297 22 19 
1 446 358 22 21 
1 445 388 15 12 
1 422 224 33 36 
1 519 177 15 15 
1 510 208 17 15 
1 576 188 18 20 
1 478 26 18 18 
1 133 374 23 23 
1 97 380 16 15 
1 67 303 17 18 
1 83 320 11 10 
1 0 79 15 22 
1 75 6 21 18 
1 72 23 10 12 
1 428 174 16 15 
1 479 251 16 15 
1 488 348 13 13 
1 510 315 14 12 
1 334 354 14 15 
1 282 318 14 12 
1 108 247 22 16 
1 242 193 15 13 
1 212 279 26 19 
1 517 385 18 14 
1 503 381 11 10 
1 585 237 13 20 
1 561 105 14 20 
1 465 106 13 11 
1 477 148 11 14 
1 308 225 18 19 
1 143 279 16 18 
1 42 281 27 30 
1 44 378 9 14 
1 116 366 10 10 
1 159 334 10 12 
1 207 389 13 11 
1 88 293 8 9 
1 388 164 11 15 
1 501 223 15 17 
1 525 13 14 15 
1 358 1 12 11 
1 366 12 9 12 
1 387 13 10 13 
1 548 176 9 10 
1 196 305 19 20 
1 12 218 24 27 
1 548 16 12 13 
1 530 271 16 14 
1 489 271 15 17 
1 457 169 9 14 
1 483 198 9 10 
1 334 197 13 16 
1 257 145 13 15 
1 140 209 12 13 
1 121 219 17 17 
1 168 253 11 12 
1 162 275 11 13 
1 209 259 11 14 
1 216 175 15 14 
1 258 63 15 15 
1 248 120 9 13 
1 136 0 20 21 
1 158 22 13 12 
1 265 107 13 10 
1 196 0 26 9 
1 405 63 16 15 
1 143 338 10 13 
1 240 153 9 9 
1 240 162 10 13 
1 73 130 12 12 
1 75 143 10 13 
1 20 78 15 14 
1 71 364 10 13 
