1 0 99 66 68 
1 428 279 35 34 
1 476 259 28 28 
1 338 0 40 20 
1 383 376 18 21 
1 146 383 21 17 
1 399 376 15 15 
1 586 21 14 21 
1 110 356 15 15 
1 567 360 15 14 
1 187 128 29 23 
1 470 257 38 35 
1 428 278 38 38 
1 527 52 26 24 
1 550 79 26 25 
1 484 32 21 21 
1 370 33 20 18 
1 228 269 31 27 
1 244 323 31 28 
1 306 293 25 24 
1 319 336 21 19 
1 382 314 18 19 
1 415 332 13 18 
1 111 106 26 22 
1 91 190 20 23 
1 179 294 21 17 
1 145 258 15 16 
1 60 262 23 24 
1 49 242 15 15 
1 37 233 18 22 
1 107 316 20 19 
1 270 156 14 16 
1 476 93 20 18 
1 541 7 14 12 
1 555 28 17 16 
1 545 127 20 20 
1 555 207 16 18 
1 484 332 18 18 
1 303 144 17 17 
1 385 136 17 14 
1 445 70 31 23 
1 193 16 16 14 
1 245 28 13 13 
1 251 38 16 14 
1 262 103 15 13 
1 217 103 21 20 
1 412 204 18 20 
1 440 209 15 13 
1 389 219 20 18 
1 413 238 13 11 
1 555 353 18 13 
1 0 247 11 22 
1 290 241 14 11 
1 234 184 18 18 
1 207 64 14 13 
1 410 2 16 13 
1 406 13 16 16 
1 514 73 17 17 
1 108 66 16 14 
1 131 55 15 14 
1 167 109 16 14 
1 356 149 15 13 
1 338 145 17 15 
1 366 188 23 19 
1 255 155 15 16 
1 340 77 13 15 
1 528 285 15 17 
1 348 256 13 12 
1 38 268 11 13 
1 75 33 14 13 
1 80 149 13 15 
1 11 346 20 15 
1 425 67 14 13 
1 338 270 14 16 
1 305 9 16 14 
1 127 158 14 14 
1 14 188 30 28 
1 138 37 13 14 
1 90 338 15 16 
1 483 281 18 15 
1 292 49 14 14 
1 0 3 13 11 
1 36 1 18 11 
1 56 93 14 14 
1 16 162 12 16 
1 463 347 19 20 
1 204 323 15 13 
1 434 114 13 12 
1 189 160 22 18 
1 352 33 15 14 
1 388 336 17 12 
1 401 327 12 13 
1 37 300 14 13 
1 27 322 13 11 
1 562 329 15 14 
1 346 350 18 19 
1 303 0 18 8 
1 386 261 12 12 
