1 336 349 30 30 
1 107 330 28 28 
1 423 280 0 0 
1 421 255 25 25 
1 468 177 35 36 
1 459 64 24 22 
1 92 161 21 21 
1 115 237 28 28 
1 116 280 14 18 
1 190 298 16 20 
1 255 73 27 28 
1 74 116 24 19 
1 61 163 16 19 
1 252 219 26 18 
1 189 207 32 29 
1 162 146 30 28 
1 107 326 29 32 
1 341 97 17 16 
1 256 187 20 16 
1 274 110 17 15 
1 551 222 21 25 
1 231 278 14 16 
1 228 302 19 20 
1 185 45 13 16 
1 347 240 14 15 
1 27 260 13 12 
1 106 265 16 16 
1 290 147 19 21 
1 310 165 27 30 
1 369 251 11 12 
1 489 266 20 23 
1 427 291 13 14 
1 274 285 16 15 
1 113 98 16 20 
1 68 52 15 19 
1 104 37 25 25 
1 203 17 28 25 
1 225 1 26 24 
1 308 115 17 14 
1 327 341 47 23 
1 514 23 24 24 
1 436 208 18 18 
1 442 155 21 23 
1 155 228 17 16 
1 256 109 12 16 
1 201 119 13 16 
1 356 139 10 14 
1 226 164 14 19 
1 266 165 14 14 
1 240 236 17 19 
1 426 335 12 14 
1 542 19 20 17 
1 226 84 13 14 
1 185 88 17 16 
1 547 308 16 15 
1 514 319 24 21 
1 529 247 14 15 
1 472 273 15 15 
1 504 66 20 22 
1 378 84 17 16 
