1 317 179 53 53 
1 96 258 63 63 
1 263 111 39 39 
1 260 329 66 66 
1 34 0 35 31 
1 238 94 26 26 
1 0 263 23 40 
1 256 172 32 26 
1 227 85 41 39 
1 252 103 59 55 
1 298 161 83 83 
1 357 230 33 30 
1 351 45 33 28 
1 393 36 21 20 
1 32 0 44 39 
1 90 122 34 24 
1 106 106 27 21 
1 69 246 103 89 
1 355 324 31 23 
1 392 206 25 28 
1 544 40 29 26 
1 544 8 25 22 
1 484 62 24 24 
1 506 258 32 26 
1 408 267 30 27 
1 415 302 24 25 
1 497 334 18 20 
1 146 55 22 17 
1 146 219 25 25 
1 155 286 27 22 
1 62 318 27 22 
1 185 182 25 22 
1 238 314 102 46 
1 0 253 30 65 
1 520 65 22 20 
1 484 148 18 17 
1 52 148 25 22 
1 72 101 20 16 
1 289 45 26 22 
1 500 1 21 19 
1 548 326 24 22 
1 117 182 22 18 
1 317 132 29 31 
1 20 94 27 22 
1 545 133 16 17 
1 551 139 20 15 
1 80 301 32 25 
1 90 196 22 21 
1 191 70 11 11 
1 565 204 16 15 
1 561 240 19 21 
1 552 250 16 18 
1 272 210 17 16 
1 25 170 15 14 
1 182 125 16 15 
1 123 227 13 13 
1 18 203 13 13 
1 414 80 16 16 
1 359 97 16 15 
1 226 191 12 16 
1 252 233 15 16 
1 255 305 17 18 
1 522 192 19 22 
1 288 16 20 20 
1 374 271 15 16 
1 62 289 15 16 
1 456 179 21 21 
1 519 27 15 17 
1 364 180 15 16 
1 360 159 16 13 
1 308 284 12 15 
1 307 305 12 15 
1 28 281 14 18 
1 39 336 12 15 
1 54 259 18 18 
1 510 84 22 16 
1 158 35 13 15 
