1 312 23 27 28 
1 194 57 39 38 
1 147 54 28 28 
1 395 142 25 26 
1 388 99 27 28 
1 306 21 36 26 
1 185 49 57 50 
1 140 51 38 34 
1 259 177 31 29 
1 298 252 30 25 
1 548 245 26 23 
1 321 336 27 23 
1 386 132 42 35 
1 173 102 21 23 
1 552 45 22 23 
1 84 53 28 27 
1 130 147 21 18 
1 149 162 25 19 
1 210 315 21 16 
1 92 305 24 19 
1 375 95 21 22 
1 446 293 21 22 
1 71 244 27 25 
1 234 140 16 15 
1 466 40 20 21 
1 525 331 24 24 
1 80 2 25 17 
1 561 310 21 20 
1 510 60 22 22 
1 500 53 20 17 
1 134 191 19 21 
1 188 229 22 18 
1 566 173 15 17 
1 523 88 19 15 
1 235 234 14 14 
1 292 21 14 14 
1 133 38 16 16 
1 190 150 10 9 
