1 317 33 41 41 
1 437 0 34 24 
1 523 60 30 30 
1 501 150 38 38 
1 542 201 43 43 
1 57 286 27 27 
1 38 13 30 28 
1 311 34 40 42 
1 517 55 39 36 
1 539 203 39 36 
1 549 238 15 13 
1 575 303 20 26 
1 562 332 25 28 
1 578 358 22 19 
1 194 371 16 16 
1 122 384 24 16 
1 36 384 22 14 
1 53 284 30 28 
1 22 261 21 19 
1 285 179 17 16 
1 260 203 16 13 
1 222 171 17 19 
1 262 156 17 19 
1 268 36 22 23 
1 434 0 39 22 
1 432 30 11 12 
1 417 21 14 15 
1 441 94 14 15 
1 531 124 14 14 
1 575 110 12 20 
1 532 95 16 16 
1 571 77 14 19 
1 506 8 18 19 
1 538 0 14 11 
1 538 16 8 10 
1 348 191 11 16 
1 107 260 19 15 
1 159 235 12 15 
1 0 364 18 27 
1 484 199 17 18 
1 459 229 18 14 
1 135 356 14 14 
1 174 355 10 13 
1 197 352 13 13 
1 184 359 12 13 
1 234 248 11 16 
1 119 153 15 17 
1 2 104 13 14 
1 12 99 13 14 
1 19 88 12 14 
1 51 70 16 15 
1 370 82 15 19 
1 402 57 12 13 
1 358 38 17 20 
1 346 9 20 18 
1 330 20 13 13 
1 189 30 14 14 
1 145 30 14 10 
1 329 159 18 16 
1 462 197 13 16 
1 488 219 12 15 
1 513 218 14 17 
1 521 193 15 19 
1 371 109 13 13 
1 427 120 24 24 
1 73 108 12 15 
1 77 181 13 12 
1 96 216 13 9 
1 72 239 11 11 
1 470 94 17 11 
1 463 100 12 13 
1 460 175 12 11 
1 329 87 10 10 
1 348 82 12 11 
1 300 83 13 10 
1 172 6 17 19 
1 547 145 17 14 
1 534 280 13 12 
1 543 288 11 8 
1 558 274 10 12 
1 539 371 13 15 
1 501 348 13 12 
1 469 267 12 15 
1 482 255 17 22 
1 583 70 16 15 
1 374 193 12 14 
1 407 211 15 13 
1 362 226 14 11 
1 308 275 15 16 
1 287 275 12 13 
1 267 290 12 14 
1 40 239 15 14 
1 388 171 10 9 
1 398 90 12 10 
1 92 141 16 15 
