1 272 123 53 54 
1 279 41 39 39 
1 234 10 29 29 
1 171 65 26 27 
1 247 218 26 25 
1 222 275 39 39 
1 265 364 30 30 
1 23 368 44 32 
1 123 375 14 14 
1 545 355 17 16 
1 345 377 14 14 
1 548 381 14 11 
1 38 360 12 12 
1 117 193 13 15 
1 276 35 49 45 
1 271 118 58 59 
1 231 6 39 34 
1 168 64 32 30 
1 162 115 29 28 
1 242 214 36 28 
1 270 261 16 21 
1 434 251 26 22 
1 448 132 25 25 
1 478 114 29 25 
1 469 13 25 20 
1 55 60 19 23 
1 76 50 26 21 
1 187 291 22 24 
1 183 315 20 22 
1 147 319 20 21 
1 98 285 24 18 
1 18 298 24 22 
1 62 345 22 17 
1 49 332 16 16 
1 78 315 19 17 
1 92 339 23 18 
1 246 252 27 24 
1 437 327 23 21 
1 340 323 23 25 
1 331 337 20 19 
1 309 349 18 17 
1 328 266 28 24 
1 301 199 20 19 
1 218 270 45 47 
1 221 271 18 15 
1 76 156 19 16 
1 64 238 19 19 
1 135 227 22 19 
1 370 24 22 21 
1 360 102 30 23 
1 338 76 20 24 
1 350 47 20 19 
1 365 288 24 21 
1 430 191 24 21 
1 537 206 17 17 
1 549 199 18 18 
1 463 274 21 20 
1 550 282 20 19 
1 524 315 17 16 
1 359 188 27 26 
1 9 147 17 17 
1 0 139 23 19 
1 0 255 20 17 
1 34 268 17 19 
1 180 22 20 19 
1 196 1 19 10 
1 178 0 13 13 
1 297 280 19 19 
1 264 331 27 27 
1 149 248 15 17 
1 198 244 24 18 
1 194 166 20 17 
1 384 143 17 13 
1 446 113 16 18 
1 491 149 24 22 
1 511 64 14 10 
1 557 2 14 11 
1 489 245 18 15 
1 70 91 15 13 
1 524 20 18 14 
1 140 282 15 17 
1 110 306 25 21 
1 141 121 13 12 
