1 101 223 98 98 
1 175 109 67 66 
1 301 24 39 39 
1 364 0 47 41 
1 338 334 27 27 
1 95 235 68 79 
1 96 300 25 19 
1 204 324 27 24 
1 257 326 23 28 
1 333 335 30 23 
1 393 317 16 16 
1 424 312 13 11 
1 437 283 18 17 
1 457 276 24 16 
1 411 250 26 26 
1 380 250 19 14 
1 338 239 18 17 
1 311 195 26 20 
1 299 157 18 19 
1 319 149 10 13 
1 327 175 11 10 
1 314 182 18 14 
1 342 151 20 22 
1 362 137 17 24 
1 371 179 16 17 
1 419 160 17 17 
1 343 109 15 19 
1 320 111 18 15 
1 394 112 17 15 
1 435 87 20 17 
1 468 101 24 23 
1 514 126 28 27 
1 518 209 18 20 
1 405 45 25 19 
1 340 37 27 22 
1 290 23 44 42 
1 270 42 14 18 
1 246 32 24 25 
1 201 56 13 14 
1 207 53 29 25 
1 137 25 18 15 
1 89 28 20 14 
1 123 17 13 13 
1 147 11 11 14 
1 202 10 11 11 
1 115 123 20 20 
1 177 174 15 19 
1 66 233 21 23 
1 55 174 25 21 
1 29 172 27 25 
1 13 204 16 17 
1 232 302 26 18 
1 278 279 24 22 
1 273 297 17 12 
1 296 249 18 16 
1 231 203 18 16 
1 276 126 19 16 
1 270 145 14 12 
1 539 68 21 27 
1 485 163 23 28 
1 61 293 11 16 
1 59 120 24 25 
1 45 32 17 15 
1 112 54 16 20 
1 221 3 23 12 
1 428 -4 32 24 
1 510 -2 36 21 
1 215 235 16 14 
1 163 160 17 18 
1 120 348 11 11 
1 247 116 10 9 
