1 247 130 86 85 
1 238 325 63 63 
1 72 8 25 26 
1 375 267 26 26 
1 257 27 26 27 
1 232 319 76 40 
1 69 79 20 19 
1 89 77 19 19 
1 115 75 13 13 
1 118 118 16 14 
1 71 6 26 27 
1 250 141 62 62 
1 289 191 18 20 
1 377 264 20 24 
1 223 301 15 18 
1 191 304 14 18 
1 171 317 17 18 
1 152 326 10 15 
1 104 334 13 14 
1 28 344 18 17 
1 76 292 13 11 
1 128 306 10 5 
1 96 295 11 12 
1 72 255 13 13 
1 426 297 23 21 
1 450 317 8 9 
1 443 336 13 11 
1 479 311 13 12 
1 476 295 8 12 
1 466 163 20 19 
1 447 98 15 16 
1 416 82 16 16 
1 471 25 18 12 
1 485 6 14 14 
1 246 75 9 10 
1 262 57 6 8 
1 280 60 13 16 
1 267 69 7 8 
1 183 210 14 15 
1 530 145 9 10 
1 167 108 11 12 
1 308 81 8 8 
1 528 167 9 12 
1 493 71 20 27 
1 398 100 12 14 
1 382 87 11 11 
1 387 53 8 10 
1 323 4 11 11 
1 331 54 20 22 
1 59 225 10 10 
1 138 242 9 9 
1 483 252 10 12 
1 485 234 11 13 
1 391 182 11 11 
