1 120 0 36 35 
1 549 121 44 44 
1 82 149 33 33 
1 205 190 26 25 
1 128 2 36 36 
1 255 62 28 28 
1 472 116 28 28 
1 517 133 26 23 
1 447 318 22 22 
1 463 291 26 26 
1 150 277 20 21 
1 303 271 21 20 
1 225 304 27 30 
1 222 102 21 24 
1 508 13 24 23 
1 291 226 19 19 
1 183 244 14 14 
1 369 230 19 19 
1 485 14 20 20 
1 284 162 16 16 
1 259 124 19 17 
1 548 198 18 17 
1 450 100 24 22 
1 354 158 16 17 
1 18 277 24 21 
1 10 272 19 18 
1 261 255 15 16 
1 307 342 17 17 
1 204 347 17 17 
1 70 340 14 16 
1 75 348 12 14 
1 390 6 23 23 
1 400 143 13 13 
1 513 209 15 15 
1 506 163 21 21 
1 325 265 20 20 
1 311 179 15 15 
1 0 203 14 25 
1 94 233 15 19 
1 277 33 24 24 
1 222 35 18 19 
1 548 232 16 16 
1 491 203 16 16 
1 344 125 18 19 
1 276 207 16 16 
1 204 289 17 17 
1 319 323 16 18 
1 305 319 15 15 
1 324 344 19 19 
1 85 17 13 13 
1 315 95 13 13 
1 387 208 12 12 
1 207 115 16 16 
1 230 140 12 12 
1 187 173 13 13 
1 364 105 13 13 
1 535 79 17 17 
1 28 56 14 14 
1 0 14 15 16 
1 95 310 13 13 
1 374 169 15 15 
1 227 272 15 15 
1 253 342 15 15 
1 18 169 17 17 
1 410 91 19 21 
1 285 181 17 17 
1 343 327 15 15 
1 313 153 14 16 
1 554 50 17 17 
1 72 130 13 13 
1 46 136 15 15 
1 50 151 13 13 
1 56 72 15 15 
1 212 25 15 16 
1 300 210 17 16 
1 370 338 20 20 
1 509 338 12 14 
1 113 97 17 18 
1 413 212 19 19 
1 116 62 15 15 
