1 279 48 40 40 
1 417 46 28 27 
1 456 42 37 38 
1 547 7 52 52 
1 309 75 93 92 
1 420 59 140 140 
1 455 41 46 43 
1 412 43 40 37 
1 524 41 21 22 
1 565 20 20 21 
1 554 21 12 14 
1 539 130 21 20 
1 574 192 13 14 
1 577 215 10 11 
1 580 235 12 14 
1 548 246 12 13 
1 527 229 11 12 
1 507 200 17 18 
1 559 328 26 25 
1 517 375 27 23 
1 525 309 14 15 
1 517 321 16 17 
1 511 347 11 11 
1 466 333 16 17 
1 482 329 10 12 
1 453 300 11 11 
1 425 312 19 18 
1 407 334 21 23 
1 387 320 28 27 
1 410 365 10 10 
1 408 372 9 11 
1 374 333 10 11 
1 367 328 12 12 
1 335 338 14 19 
1 298 381 11 12 
1 314 348 10 11 
1 302 364 9 9 
1 262 294 20 21 
1 279 272 23 24 
1 261 281 17 16 
1 244 241 22 21 
1 257 263 10 12 
1 282 232 15 15 
1 303 199 13 15 
1 315 201 16 17 
1 319 172 14 14 
1 306 78 98 93 
1 361 24 30 30 
1 279 48 44 40 
1 284 81 15 18 
1 168 16 19 19 
1 149 7 14 13 
1 124 2 13 13 
1 115 1 11 12 
1 67 18 27 25 
1 84 41 10 10 
1 104 67 13 11 
1 29 10 19 18 
1 12 53 13 13 
1 20 64 15 16 
1 24 86 12 14 
1 23 122 14 15 
1 9 124 15 14 
1 30 136 11 13 
1 63 162 12 14 
1 26 204 16 16 
1 26 216 10 10 
1 55 257 14 14 
1 39 248 11 13 
1 11 335 23 22 
1 45 384 10 11 
1 132 373 41 30 
1 142 338 18 20 
1 132 306 12 13 
1 516 65 13 14 
1 530 67 9 9 
1 546 66 13 13 
1 527 93 26 25 
1 569 135 15 16 
1 537 181 12 12 
1 533 206 12 13 
1 566 260 7 8 
1 557 269 9 10 
1 575 283 9 11 
1 582 392 14 9 
1 461 10 12 13 
1 473 100 13 14 
1 463 128 12 12 
1 443 168 14 14 
1 494 192 8 9 
1 462 232 19 20 
1 505 282 9 10 
1 522 294 10 10 
1 447 359 13 14 
1 449 385 9 12 
1 432 227 14 15 
1 408 218 15 15 
1 392 211 11 11 
1 406 231 16 15 
1 376 234 21 19 
1 392 287 14 15 
1 420 270 14 14 
1 434 303 11 12 
1 410 364 11 11 
1 408 372 11 11 
1 308 301 11 12 
1 316 292 10 9 
1 328 298 10 10 
1 214 343 18 18 
1 207 237 15 15 
1 155 228 16 15 
1 160 238 25 23 
1 175 291 13 14 
1 193 279 9 10 
1 175 283 8 10 
1 180 277 8 9 
1 181 317 19 20 
1 181 341 13 14 
1 213 343 20 21 
1 85 304 17 20 
1 81 295 12 13 
1 108 211 15 16 
1 111 230 12 12 
1 116 247 11 12 
1 69 81 15 14 
1 45 38 17 19 
1 237 5 13 13 
1 253 10 10 10 
1 297 8 15 16 
1 279 2 10 10 
1 320 0 16 8 
1 340 1 14 12 
1 337 9 9 9 
1 426 10 11 12 
1 413 13 11 11 
1 435 168 10 11 
1 506 362 8 8 
1 428 326 37 34 
1 375 346 34 38 
1 368 261 29 27 
1 282 102 11 11 
1 270 112 14 14 
1 275 133 15 14 
1 246 157 13 15 
1 235 121 14 16 
1 218 151 14 14 
1 189 166 13 13 
1 14 252 13 15 
1 42 100 11 11 
1 27 40 10 11 
1 129 154 27 29 
1 190 166 11 12 
1 191 158 12 13 
1 136 79 11 12 
1 2 21 13 14 
1 16 34 11 11 
1 30 31 10 11 
1 28 40 11 11 
1 477 84 12 14 
1 509 115 11 12 
1 500 31 13 13 
1 513 31 9 10 
1 400 90 10 12 
1 375 77 11 13 
1 397 153 9 9 
1 354 180 12 13 
1 446 105 13 15 
1 161 125 11 12 
1 202 133 10 10 
1 228 82 9 10 
1 265 58 13 15 
1 285 38 11 11 
1 266 35 13 14 
1 91 59 11 11 
1 50 67 9 11 
1 46 61 9 11 
1 127 275 13 15 
1 231 277 10 12 
1 242 279 10 12 
1 211 262 7 8 
1 212 280 7 8 
1 194 299 11 11 
1 207 324 8 8 
1 228 393 14 9 
1 59 393 15 8 
1 291 211 10 11 
1 273 215 10 10 
1 230 166 24 25 
1 256 185 23 23 
1 291 187 13 13 
1 108 128 14 15 
1 84 105 10 10 
1 84 114 10 11 
1 61 60 8 9 
1 1 244 11 12 
1 86 0 26 19 
1 360 0 22 17 
1 342 214 8 8 
1 347 227 9 10 
1 590 43 10 12 
1 588 19 12 17 
1 587 11 9 9 
1 508 19 9 9 
1 351 389 16 10 
1 343 382 9 10 
1 330 276 20 18 
1 379 193 13 15 
1 347 227 9 9 
1 342 214 8 8 
1 245 100 8 8 
1 193 89 9 9 
1 190 55 10 10 
1 352 333 9 10 
1 352 321 7 8 
1 337 324 8 9 
1 406 312 8 8 
1 397 314 7 8 
1 423 304 7 8 
1 472 289 8 10 
1 527 277 8 8 
1 573 47 10 11 
1 390 56 11 11 
1 416 70 10 11 
1 256 352 10 11 
1 286 352 9 9 
1 279 387 13 11 
1 52 312 10 11 
1 64 302 11 11 
1 161 179 13 15 
1 137 205 15 15 
1 130 187 11 12 
1 96 184 13 14 
1 64 302 9 11 
1 52 312 11 12 
1 101 357 10 10 
