1 10 361 26 27 
1 75 308 32 32 
1 373 283 35 35 
1 286 240 32 32 
1 467 111 49 49 
1 551 183 26 25 
1 214 22 26 25 
1 0 328 53 61 
1 576 362 16 19 
1 515 386 15 14 
1 315 378 17 14 
1 347 379 16 16 
1 347 358 16 16 
1 0 321 57 70 
1 588 80 12 18 
1 558 66 13 11 
1 587 338 13 20 
1 529 360 13 14 
1 526 45 15 15 
1 328 358 14 17 
1 212 18 32 32 
1 368 281 42 38 
1 438 333 29 28 
1 2 321 55 45 
1 75 306 33 29 
1 85 231 21 22 
1 53 78 24 21 
1 349 193 26 21 
1 360 174 27 27 
1 285 239 34 31 
1 331 245 26 23 
1 545 182 34 28 
1 445 48 17 16 
1 461 16 18 18 
1 293 10 19 18 
1 338 48 23 19 
1 303 91 24 24 
1 292 116 15 16 
1 215 118 19 18 
1 254 289 24 20 
1 296 299 22 25 
1 228 251 14 15 
1 255 216 18 14 
1 250 222 15 16 
1 413 293 24 23 
1 440 281 14 13 
1 466 254 17 18 
1 495 212 18 22 
1 520 208 18 16 
1 519 217 15 13 
1 176 77 15 16 
1 106 133 18 18 
1 124 134 14 12 
1 174 166 17 14 
1 203 252 15 14 
1 23 166 13 12 
1 5 25 16 16 
1 552 84 16 13 
1 556 23 15 13 
1 402 133 19 20 
1 249 36 20 19 
1 223 56 22 23 
1 198 302 13 13 
1 226 347 18 16 
1 72 253 17 16 
1 310 34 17 15 
1 306 72 13 13 
1 316 80 15 12 
1 366 145 16 10 
1 312 204 15 14 
1 148 160 13 11 
1 0 165 16 14 
1 5 100 21 18 
1 352 41 13 12 
1 387 84 11 11 
1 362 238 14 12 
1 386 246 23 20 
1 437 210 18 15 
1 365 337 13 13 
1 209 61 16 15 
1 199 65 16 13 
1 256 123 15 11 
1 526 96 12 12 
1 461 313 12 13 
1 515 332 17 15 
1 529 167 12 9 
1 559 159 13 10 
1 562 135 13 15 
1 570 131 13 13 
1 122 113 14 14 
