1 531 117 39 38 
1 51 225 31 30 
1 27 31 10 9 
1 49 54 7 7 
1 93 49 9 8 
1 110 42 10 11 
1 202 2 15 13 
1 281 13 12 10 
1 209 58 10 10 
1 229 55 7 8 
1 228 65 9 8 
1 225 72 8 9 
1 284 70 9 10 
1 275 102 9 10 
1 178 90 8 7 
1 118 78 14 13 
1 47 52 12 9 
1 119 113 11 11 
1 86 115 13 11 
1 110 132 11 10 
1 140 159 9 9 
1 120 174 9 11 
1 130 171 8 8 
1 123 185 9 8 
1 51 230 13 18 
1 37 209 8 10 
1 20 219 7 9 
1 2 209 8 9 
1 39 257 6 11 
1 27 279 12 10 
1 52 305 9 9 
1 18 316 11 12 
1 5 374 7 7 
1 60 363 7 8 
1 88 360 8 10 
1 54 307 7 9 
1 80 306 7 9 
1 96 277 10 9 
1 118 273 8 10 
1 111 259 8 8 
1 129 262 11 10 
1 137 278 8 12 
1 151 285 8 10 
1 219 386 12 10 
1 244 353 13 13 
1 237 373 9 9 
1 274 389 11 12 
1 278 317 8 9 
1 153 281 6 12 
1 137 276 8 11 
1 119 273 9 8 
1 97 277 7 8 
1 131 263 9 7 
1 149 257 8 9 
1 133 235 12 9 
1 121 175 8 12 
1 128 169 10 10 
1 140 158 8 11 
1 112 129 9 13 
1 119 111 11 12 
1 209 56 12 12 
1 281 10 11 13 
1 229 65 7 10 
1 285 71 7 9 
1 273 102 11 10 
1 279 221 8 11 
1 269 215 12 10 
1 269 227 14 14 
1 253 241 13 13 
1 244 352 10 13 
1 277 312 10 13 
1 278 220 9 11 
1 268 213 9 11 
1 273 229 7 10 
1 316 139 9 10 
1 282 73 13 7 
1 280 14 12 10 
1 304 2 9 12 
1 307 306 8 11 
1 302 323 8 9 
1 277 317 8 9 
1 314 330 10 10 
1 330 354 15 20 
1 311 369 13 14 
1 293 358 12 11 
1 397 304 13 12 
1 451 392 5 10 
1 465 377 9 9 
1 459 386 11 10 
1 443 335 11 10 
1 437 299 9 8 
1 423 302 10 11 
1 400 305 10 10 
1 418 330 7 10 
1 397 303 12 12 
1 424 300 9 9 
1 437 297 11 12 
1 435 289 10 9 
1 412 290 10 11 
1 440 269 9 10 
1 421 270 12 9 
1 466 236 10 13 
1 429 199 13 13 
1 408 197 11 12 
1 413 178 13 12 
1 398 183 9 11 
1 386 140 11 11 
1 398 162 8 8 
1 378 173 10 10 
1 393 112 11 14 
1 399 105 8 8 
1 429 93 10 11 
1 486 2 8 8 
1 456 16 9 10 
1 453 76 8 12 
1 456 106 9 9 
1 486 1 8 10 
1 562 4 10 8 
1 501 31 8 9 
1 504 50 8 10 
1 521 58 13 12 
1 581 64 15 15 
1 575 89 10 11 
1 555 78 8 11 
1 527 81 10 9 
1 518 76 9 9 
1 534 104 7 8 
1 526 107 7 9 
1 557 105 8 12 
1 546 113 8 9 
1 527 122 26 31 
1 578 142 8 12 
1 546 151 9 9 
1 535 152 9 8 
1 508 137 6 7 
1 514 157 10 10 
1 518 190 12 12 
1 556 181 10 10 
1 571 168 10 12 
1 576 166 10 9 
1 588 165 10 9 
1 591 183 9 10 
1 577 184 10 10 
1 519 191 10 9 
1 568 224 9 11 
1 505 228 11 12 
1 561 249 7 7 
1 546 251 12 10 
1 529 254 9 10 
1 496 267 11 10 
1 478 301 9 8 
1 504 290 11 10 
1 501 303 8 8 
1 546 283 11 12 
1 581 254 12 13 
1 496 322 11 9 
1 523 328 9 10 
1 543 324 7 8 
1 542 330 9 11 
1 555 338 7 9 
1 583 333 8 9 
1 578 344 11 10 
1 569 364 7 9 
1 569 364 7 9 
1 543 357 11 10 
1 515 348 7 8 
1 526 375 7 7 
1 528 383 11 9 
1 509 383 24 17 
1 478 300 10 11 
1 197 162 8 8 
1 242 138 6 8 
1 3 116 8 8 
1 2 139 7 8 
1 46 111 8 8 
1 31 104 9 8 
1 0 0 10 11 
1 160 37 8 8 
1 450 201 9 10 
1 413 122 17 19 
1 475 45 12 12 
1 582 4 9 10 
