1 312 275 29 29 
1 176 97 25 25 
1 141 21 33 32 
1 12 183 29 28 
1 291 123 38 38 
1 256 0 117 116 
1 306 268 39 43 
1 166 306 25 18 
1 164 331 19 14 
1 291 120 39 38 
1 266 194 26 25 
1 121 173 16 17 
1 149 152 28 25 
1 115 116 26 18 
1 171 95 33 27 
1 237 118 15 14 
1 235 65 22 24 
1 99 59 23 23 
1 112 46 20 20 
1 54 86 23 24 
1 80 198 24 20 
1 6 177 41 39 
1 356 116 19 16 
1 2 42 19 20 
1 130 237 29 38 
1 95 274 20 14 
1 43 319 18 16 
1 382 74 14 14 
1 351 86 19 17 
1 365 96 13 16 
1 331 179 18 14 
1 287 158 18 16 
1 337 340 20 21 
1 329 324 16 15 
1 186 342 18 15 
1 143 278 23 14 
1 205 252 23 20 
1 174 216 11 10 
1 141 205 20 13 
1 111 223 16 13 
1 72 223 15 13 
1 37 230 15 13 
1 209 339 15 12 
1 144 298 13 11 
1 208 296 14 14 
1 220 154 19 19 
1 183 175 22 21 
1 5 140 24 20 
1 70 325 13 9 
1 107 302 15 13 
1 12 287 10 15 
1 162 65 27 24 
