1 146 275 57 57 
1 553 0 37 35 
1 0 170 23 32 
1 553 1 38 38 
1 533 58 20 21 
1 535 28 15 16 
1 533 13 14 15 
1 525 30 10 11 
1 481 47 11 13 
1 397 39 11 12 
1 408 39 11 10 
1 420 18 9 10 
1 399 12 11 13 
1 404 0 14 13 
1 389 18 16 16 
1 335 42 16 17 
1 330 64 10 11 
1 270 55 15 15 
1 286 49 10 10 
1 248 25 9 8 
1 246 7 10 9 
1 245 5 11 11 
1 235 0 10 7 
1 174 0 21 10 
1 184 9 10 10 
1 194 46 19 19 
1 200 66 10 11 
1 189 64 9 10 
1 193 77 9 9 
1 161 46 12 12 
1 168 15 11 10 
1 184 10 10 11 
1 72 9 11 11 
1 76 0 19 17 
1 86 17 7 8 
1 82 26 10 9 
1 110 27 11 12 
1 99 32 10 10 
1 25 7 15 15 
1 34 40 11 11 
1 15 28 9 9 
1 0 47 13 16 
1 83 91 24 24 
1 82 122 16 15 
1 111 153 19 19 
1 57 119 13 13 
1 54 130 15 14 
1 59 151 10 9 
1 26 142 27 29 
1 100 171 9 10 
1 82 176 9 11 
1 89 169 9 10 
1 84 187 10 11 
1 26 142 28 26 
1 0 168 27 38 
1 21 226 15 15 
1 23 246 17 17 
1 39 241 9 10 
1 15 219 9 9 
1 76 213 10 11 
1 63 236 15 13 
1 90 258 15 16 
1 55 290 18 17 
1 67 271 10 9 
1 36 367 20 20 
1 69 390 12 11 
1 97 389 11 11 
1 128 381 17 17 
1 127 355 17 18 
1 129 331 18 18 
1 136 345 10 11 
1 130 312 11 11 
1 145 266 67 68 
1 181 253 11 12 
1 166 254 12 13 
1 146 229 12 14 
1 138 237 15 16 
1 169 203 14 14 
1 188 198 14 16 
1 204 206 9 10 
1 194 149 17 17 
1 185 163 13 12 
1 251 283 26 27 
1 242 305 15 15 
1 256 318 12 14 
1 240 332 11 12 
1 250 362 18 18 
1 269 370 13 12 
1 235 374 13 14 
1 311 358 21 21 
1 320 379 12 14 
1 172 328 50 48 
1 353 151 25 25 
1 366 171 26 30 
1 390 183 22 24 
1 359 204 21 19 
1 343 221 16 16 
1 376 237 13 14 
1 295 195 21 20 
1 301 189 10 9 
1 294 180 10 11 
1 281 157 11 11 
1 277 166 10 10 
1 394 87 18 18 
1 461 126 12 13 
1 589 147 13 23 
1 547 139 9 10 
1 533 125 16 15 
1 474 104 13 16 
1 492 98 18 19 
1 461 112 13 16 
1 487 20 15 17 
1 492 6 16 16 
1 432 20 9 11 
1 416 121 9 10 
1 407 144 13 15 
1 309 314 34 34 
1 320 238 24 25 
1 360 241 25 26 
1 329 191 14 13 
1 328 185 10 10 
1 326 180 9 9 
1 321 164 11 12 
1 305 155 11 12 
1 318 136 12 13 
1 311 121 15 16 
1 313 101 13 13 
1 344 87 9 10 
1 353 70 9 8 
1 263 186 19 19 
1 268 212 11 12 
1 272 207 8 9 
1 287 305 13 13 
1 285 323 9 9 
1 266 347 10 9 
1 248 85 19 18 
1 257 74 11 11 
1 266 72 15 16 
1 229 92 11 11 
1 235 112 28 28 
1 227 132 12 13 
1 203 111 12 13 
1 208 120 9 9 
1 229 91 12 13 
1 224 100 11 10 
1 215 103 8 8 
1 219 21 10 10 
1 180 138 10 10 
1 167 138 12 13 
1 181 154 8 9 
1 170 177 13 12 
1 110 354 10 10 
1 97 375 8 9 
1 111 395 9 5 
1 41 388 9 9 
1 24 382 7 8 
1 110 334 7 8 
1 57 204 11 11 
1 104 140 9 9 
1 161 102 10 10 
1 112 57 8 9 
1 41 65 9 8 
1 15 96 11 10 
1 484 21 20 20 
1 491 5 17 17 
1 517 0 33 9 
1 588 147 15 26 
1 269 110 10 11 
1 276 118 12 11 
1 394 55 10 11 
1 384 158 20 20 
1 334 227 11 12 
1 325 217 12 13 
1 305 214 13 13 
1 306 263 11 10 
1 301 274 8 7 
1 205 222 17 17 
1 131 84 8 8 
1 192 30 9 11 
1 394 54 10 11 
1 228 284 13 15 
1 347 7 13 12 
1 350 0 11 6 
1 323 5 9 9 
1 329 3 7 7 
1 420 84 12 13 
1 222 384 11 12 
1 214 394 12 7 
1 198 380 9 9 
1 183 395 13 8 
1 154 393 10 9 
1 66 223 9 10 
1 184 121 12 13 
1 81 274 8 9 
1 80 283 7 8 
1 564 133 11 11 
1 6 1 11 12 
1 244 172 12 11 
1 137 18 12 13 
1 143 9 8 9 
1 321 51 9 9 
1 289 43 6 7 
1 217 343 8 9 
1 215 337 7 7 
1 219 329 10 10 
1 140 303 9 10 
1 140 320 9 8 
1 136 254 10 11 
1 160 239 8 8 
1 146 134 9 10 
1 277 271 11 11 
1 258 259 8 9 
1 245 264 7 8 
1 243 256 6 7 
1 271 0 9 6 
1 361 126 11 12 
1 357 139 9 10 
1 352 127 10 13 
