1 3 159 33 34 
1 480 164 49 49 
1 436 0 33 20 
1 108 349 43 44 
1 570 115 27 27 
1 529 159 32 32 
1 244 86 27 27 
1 556 372 27 27 
1 6 160 30 34 
1 126 213 20 20 
1 162 120 22 20 
1 208 81 18 22 
1 243 86 28 32 
1 307 66 16 15 
1 286 78 11 15 
1 365 90 19 16 
1 395 117 15 16 
1 364 130 20 19 
1 339 177 27 34 
1 406 231 18 16 
1 392 257 17 17 
1 458 213 16 19 
1 447 201 10 12 
1 436 169 11 11 
1 477 154 11 13 
1 529 159 27 32 
1 544 145 21 21 
1 542 126 12 13 
1 430 0 44 18 
1 442 23 17 15 
1 486 31 15 14 
1 539 39 16 11 
1 569 14 12 19 
1 566 36 13 12 
1 563 51 13 10 
1 489 160 48 48 
1 524 261 19 21 
1 543 280 16 15 
1 434 316 26 20 
1 465 324 15 16 
1 529 327 19 18 
1 455 281 17 15 
1 465 250 11 10 
1 494 242 11 9 
1 482 217 13 11 
1 495 265 10 11 
1 554 202 11 9 
1 556 217 18 24 
1 324 311 13 13 
1 384 293 11 11 
1 313 144 13 10 
1 314 177 13 16 
1 79 295 20 18 
1 103 232 13 14 
1 103 178 17 15 
1 84 203 16 13 
1 31 240 21 21 
1 40 188 19 13 
1 95 126 22 18 
1 72 80 19 22 
1 64 53 19 10 
1 110 21 21 17 
1 155 63 16 16 
1 142 1 23 14 
1 1 76 15 18 
1 21 79 13 14 
1 28 90 17 19 
1 49 121 13 16 
1 47 142 17 20 
1 230 230 16 21 
1 163 280 14 14 
1 182 305 12 16 
1 110 306 9 8 
1 113 314 11 11 
1 1 348 17 15 
1 199 269 10 13 
1 215 334 8 11 
1 221 325 14 10 
1 126 344 21 17 
1 162 345 11 13 
1 147 28 13 10 
1 52 0 18 14 
1 355 1 15 8 
1 246 167 10 13 
1 256 165 9 10 
1 498 136 11 12 
1 507 133 8 10 
1 500 112 14 17 
1 419 58 8 8 
1 430 42 9 13 
1 246 251 10 8 
1 283 223 9 12 
1 195 172 13 12 
1 79 155 8 11 
1 63 179 8 10 
1 3 201 12 14 
1 100 79 12 11 
1 107 92 8 12 
1 120 40 9 11 
1 214 8 11 9 
1 496 4 14 18 
1 333 228 10 12 
1 468 99 11 13 
1 482 63 10 10 
1 496 86 11 8 
1 456 121 8 7 
1 210 165 9 10 
1 185 88 10 10 
1 195 125 12 14 
1 195 68 8 10 
1 170 36 9 9 
1 155 44 8 10 
1 60 67 11 8 
1 42 15 11 13 
1 39 31 12 9 
1 47 45 10 12 
1 277 48 16 13 
1 285 62 14 10 
1 355 316 12 9 
1 319 346 13 10 
1 172 250 13 15 
1 147 241 8 7 
1 162 252 8 7 
1 177 201 10 8 
1 116 160 12 13 
1 138 144 11 13 
1 345 91 7 7 
1 385 96 19 19 
1 383 72 14 14 
1 334 66 6 8 
1 357 62 14 11 
1 533 72 10 9 
1 400 298 7 8 
