1 542 308 38 38 
1 216 213 27 27 
1 111 248 28 27 
1 11 274 78 79 
1 54 62 18 17 
1 4 133 43 36 
1 88 280 25 27 
1 86 246 21 24 
1 100 174 22 24 
1 234 204 29 33 
1 212 315 18 21 
1 39 275 16 19 
1 47 336 15 16 
1 92 361 15 16 
1 117 312 18 18 
1 110 361 17 18 
1 84 325 24 22 
1 102 323 26 24 
1 172 323 27 33 
1 228 358 25 24 
1 383 256 25 24 
1 306 107 29 27 
1 285 157 15 15 
1 275 141 25 25 
1 231 129 24 26 
1 166 39 16 17 
1 264 40 26 26 
1 460 33 25 26 
1 450 8 26 28 
1 574 51 24 27 
1 483 92 15 16 
1 337 70 16 15 
1 377 126 28 24 
1 346 149 18 17 
1 441 215 25 28 
1 432 226 20 29 
1 402 364 20 19 
1 542 307 41 41 
1 566 345 30 27 
1 534 380 36 20 
1 516 122 20 25 
1 252 91 15 14 
1 158 241 21 20 
1 155 196 17 18 
1 271 195 17 19 
1 225 89 20 16 
1 120 86 16 17 
1 392 61 19 20 
1 526 98 17 18 
1 569 103 18 17 
1 179 126 17 17 
1 296 373 16 16 
1 373 239 17 17 
1 396 20 17 17 
1 479 173 16 16 
1 147 322 15 16 
1 131 269 16 16 
1 487 267 19 20 
1 505 309 20 21 
1 526 296 20 19 
