1 144 89 28 28 
1 225 303 45 45 
1 8 21 9 9 
1 34 70 11 18 
1 52 34 9 6 
1 64 37 12 11 
1 89 24 14 13 
1 99 5 14 17 
1 98 82 11 11 
1 108 86 6 11 
1 59 110 8 7 
1 64 142 8 9 
1 82 131 10 7 
1 86 166 10 12 
1 103 175 13 15 
1 95 204 11 8 
1 79 280 16 19 
1 99 80 9 11 
1 107 87 10 10 
1 112 0 13 10 
1 132 15 17 17 
1 158 0 19 18 
1 166 28 8 9 
1 175 43 7 6 
1 132 32 8 10 
1 150 39 11 8 
1 175 46 6 6 
1 169 56 10 7 
1 130 32 11 10 
1 117 52 9 13 
1 144 53 19 24 
1 143 87 26 30 
1 142 151 14 15 
1 126 141 9 10 
1 116 155 12 13 
1 105 175 15 16 
1 133 177 8 13 
1 128 190 12 18 
1 144 204 11 15 
1 159 259 13 15 
1 165 283 7 8 
1 130 279 10 13 
1 164 304 10 13 
1 162 1 15 16 
1 220 1 16 18 
1 212 16 8 8 
1 233 37 8 9 
1 213 46 10 9 
1 210 55 11 12 
1 209 77 7 8 
1 167 54 11 9 
1 202 107 14 15 
1 187 113 7 8 
1 218 111 9 11 
1 221 131 15 15 
1 205 128 15 16 
1 224 141 12 13 
1 218 176 12 11 
1 209 185 9 10 
1 203 188 10 11 
1 193 228 12 11 
1 216 216 8 10 
1 230 204 9 12 
1 238 220 11 10 
1 229 241 9 10 
1 221 263 9 9 
1 231 272 10 12 
1 240 261 11 10 
1 249 249 11 12 
1 240 217 8 13 
1 196 384 14 8 
1 247 357 10 11 
1 264 354 6 7 
1 243 75 8 12 
1 253 73 9 13 
1 246 36 11 11 
1 231 35 8 9 
1 236 43 8 9 
1 233 87 11 12 
1 242 76 10 12 
1 239 262 11 11 
1 249 248 9 13 
1 238 220 10 10 
1 270 346 11 10 
1 263 355 8 7 
1 264 300 6 9 
1 288 316 10 11 
1 285 301 8 13 
1 273 285 12 14 
1 281 278 22 21 
1 228 270 13 14 
1 239 261 12 10 
1 248 247 10 13 
1 259 255 21 26 
1 238 221 12 9 
1 255 213 11 12 
1 264 193 14 15 
1 259 178 11 12 
1 281 111 13 13 
1 242 77 11 12 
1 213 47 14 12 
1 231 37 11 10 
1 208 13 11 12 
1 265 56 12 13 
1 267 42 9 13 
1 278 50 24 30 
1 309 24 16 18 
1 298 28 13 22 
1 307 55 19 17 
1 279 56 23 23 
1 268 55 8 12 
1 302 92 22 33 
1 280 109 13 15 
1 293 118 14 12 
1 260 193 17 17 
1 284 277 19 20 
1 273 288 14 13 
1 283 302 10 10 
1 286 314 12 15 
1 337 320 17 19 
1 333 338 9 10 
1 293 349 11 10 
1 294 369 7 9 
1 409 380 10 16 
1 396 375 14 13 
1 386 375 9 12 
1 403 348 11 15 
1 394 308 19 41 
1 346 291 47 56 
1 363 366 9 10 
1 339 320 16 20 
1 348 288 45 60 
1 444 333 17 24 
1 484 301 8 8 
1 475 310 8 10 
1 487 312 13 17 
1 470 338 15 14 
1 478 352 10 8 
1 459 354 14 16 
1 479 351 10 11 
1 444 361 11 9 
1 476 388 10 12 
1 453 362 28 33 
1 457 353 14 16 
1 483 300 10 9 
1 483 300 10 9 
1 487 313 15 12 
1 497 330 11 13 
1 469 339 15 16 
1 460 360 13 11 
1 480 353 12 10 
1 523 344 9 11 
1 497 293 9 8 
1 539 93 12 16 
1 566 253 11 11 
1 577 251 11 11 
1 590 271 12 12 
1 542 317 16 19 
1 594 305 13 21 
1 558 342 16 23 
1 576 356 12 14 
1 582 372 11 12 
1 553 377 25 21 
1 578 48 14 15 
1 527 252 12 12 
1 533 283 9 9 
1 205 346 20 20 
1 22 244 17 17 
1 38 266 14 15 
1 130 364 11 12 
1 160 390 8 8 
1 148 389 8 8 
1 167 351 8 8 
1 157 362 7 7 
1 158 366 9 9 
1 129 269 5 8 
1 66 179 9 10 
1 52 187 8 9 
1 24 52 11 10 
1 3 58 8 8 
1 44 6 8 10 
1 28 11 8 8 
1 12 3 7 7 
1 43 36 8 9 
1 54 33 8 7 
1 58 45 7 7 
1 59 16 6 8 
1 67 15 11 10 
1 303 314 22 21 
1 337 374 33 26 
1 301 347 23 23 
1 182 279 8 10 
1 186 308 11 11 
