1 144 317 50 50 
1 391 82 38 38 
1 182 13 75 75 
1 497 158 32 32 
1 455 323 27 28 
1 144 305 54 58 
1 390 82 41 38 
1 214 124 27 27 
1 494 156 38 37 
1 507 132 25 27 
1 207 18 30 35 
1 102 7 24 21 
1 94 116 21 18 
1 116 74 21 26 
1 171 187 23 21 
1 269 154 19 22 
1 398 61 25 23 
1 252 4 26 24 
1 366 26 15 19 
1 311 99 21 18 
1 358 141 22 20 
1 293 104 15 22 
1 59 341 33 22 
1 380 344 20 16 
1 196 229 20 20 
1 235 229 19 19 
1 451 172 20 18 
1 531 105 21 20 
1 542 41 17 21 
1 564 151 21 24 
1 541 161 17 19 
1 414 235 16 17 
1 547 300 19 22 
1 58 63 11 14 
1 15 109 15 13 
1 16 122 12 12 
1 6 109 11 13 
1 43 114 14 14 
1 238 193 18 18 
1 307 315 21 19 
1 321 67 13 13 
1 373 60 15 16 
1 521 20 15 17 
1 320 11 16 17 
1 76 132 17 18 
1 379 168 15 14 
1 255 168 26 26 
1 362 207 20 22 
1 431 340 24 21 
1 551 67 28 30 
