1 235 207 103 103 
1 536 125 57 56 
1 179 101 27 27 
1 0 81 17 26 
1 129 256 26 26 
1 74 90 26 27 
1 280 113 27 27 
1 370 0 117 116 
1 398 364 35 35 
1 179 131 41 40 
1 10 252 45 45 
1 134 342 61 56 
1 529 121 68 64 
1 173 99 36 28 
1 69 88 28 25 
1 125 250 32 33 
1 86 299 27 25 
1 107 199 26 23 
1 223 213 93 92 
1 313 280 17 16 
1 360 224 21 18 
1 316 161 17 21 
1 485 114 22 24 
1 412 89 20 18 
1 288 45 20 18 
1 266 91 17 18 
1 257 85 12 10 
1 188 73 20 18 
1 0 79 17 31 
1 38 49 13 14 
1 28 98 15 15 
1 279 110 28 30 
1 371 165 35 34 
1 399 359 38 38 
1 223 309 30 25 
1 114 344 15 17 
1 100 364 17 15 
1 6 380 16 17 
1 12 258 33 33 
1 65 289 13 14 
1 32 375 11 11 
1 63 383 13 15 
1 97 279 25 22 
1 206 247 26 30 
1 125 4 17 17 
1 445 148 20 22 
1 418 168 20 18 
1 502 166 17 18 
1 476 173 17 17 
1 547 334 15 14 
1 470 358 18 12 
1 442 365 11 13 
1 356 346 12 12 
1 445 220 13 15 
1 420 233 11 14 
1 342 276 13 14 
1 59 12 17 16 
1 71 8 16 15 
1 423 44 13 13 
1 414 60 13 14 
1 451 88 14 14 
1 127 122 14 14 
1 110 237 14 14 
1 225 156 18 24 
1 302 77 13 13 
1 323 105 25 24 
1 307 103 15 15 
1 342 161 14 14 
1 359 98 11 14 
1 315 20 12 13 
1 346 29 18 16 
1 16 306 11 13 
1 139 222 13 14 
1 175 222 12 14 
1 212 202 15 12 
1 229 207 14 13 
1 300 163 12 11 
1 272 173 10 11 
1 310 140 9 9 
1 564 53 11 13 
1 576 39 7 10 
1 499 307 11 15 
1 484 299 13 14 
1 587 188 10 16 
1 584 208 10 12 
1 574 202 11 15 
1 555 265 14 15 
1 583 243 8 11 
1 471 391 10 9 
1 474 376 10 10 
1 400 130 13 13 
1 260 112 14 12 
1 105 71 12 15 
1 110 48 12 12 
1 206 50 11 13 
1 294 379 24 21 
1 243 351 9 11 
1 177 295 11 13 
1 137 288 13 14 
1 165 319 8 11 
1 55 364 11 13 
1 68 273 9 12 
1 5 174 9 13 
1 511 100 14 17 
1 522 69 9 11 
1 231 91 8 11 
1 245 65 14 16 
