1 160 328 35 36 
1 530 94 42 42 
1 445 76 59 59 
1 147 134 43 43 
1 504 195 26 26 
1 3 187 44 44 
1 259 130 26 25 
1 379 302 28 28 
1 538 274 26 26 
1 260 20 153 152 
1 209 100 45 44 
1 213 62 44 44 
1 531 93 45 46 
1 568 132 12 13 
1 539 85 14 14 
1 526 89 13 12 
1 577 71 12 14 
1 503 62 26 25 
1 516 21 12 11 
1 521 34 11 10 
1 493 22 10 9 
1 484 15 14 12 
1 477 5 10 9 
1 442 28 21 20 
1 418 2 23 24 
1 413 3 10 11 
1 441 64 12 11 
1 447 72 10 10 
1 443 74 68 62 
1 435 130 25 23 
1 503 194 30 28 
1 533 208 14 14 
1 533 222 9 10 
1 544 226 13 13 
1 561 209 36 37 
1 542 240 22 22 
1 565 248 9 11 
1 536 272 32 33 
1 578 323 18 18 
1 555 356 29 28 
1 575 376 12 12 
1 578 386 11 11 
1 568 381 11 11 
1 539 380 13 13 
1 490 356 33 29 
1 480 307 25 27 
1 460 317 17 19 
1 456 365 10 10 
1 429 334 13 13 
1 422 323 13 12 
1 407 327 11 13 
1 377 299 35 36 
1 226 316 100 85 
1 298 387 23 14 
1 223 386 16 14 
1 232 381 10 9 
1 185 385 19 15 
1 185 369 12 13 
1 150 382 15 13 
1 172 356 12 12 
1 133 330 15 16 
1 175 306 12 13 
1 158 326 41 40 
1 43 333 21 20 
1 51 314 15 16 
1 1 230 42 41 
1 2 187 41 43 
1 32 190 26 24 
1 44 210 12 13 
1 64 215 15 15 
1 101 199 16 15 
1 97 190 13 12 
1 120 200 25 26 
1 157 190 15 15 
1 128 154 29 32 
1 148 135 45 38 
1 178 171 24 25 
1 195 136 27 30 
1 220 144 13 14 
1 258 129 27 30 
1 249 115 21 22 
1 257 165 29 28 
1 320 149 16 20 
1 204 66 25 22 
1 214 5 20 21 
1 137 44 25 27 
1 159 21 17 17 
1 138 22 19 20 
1 112 10 20 20 
1 141 1 18 10 
1 0 52 12 13 
1 579 255 22 21 
1 511 263 23 25 
1 474 265 19 18 
1 480 244 15 15 
1 450 223 22 21 
1 498 221 15 16 
1 478 229 13 11 
1 455 183 31 28 
1 388 191 26 26 
1 379 177 13 13 
1 366 185 12 12 
1 341 169 19 20 
1 339 94 14 17 
1 373 83 13 13 
1 384 99 14 11 
1 338 290 19 18 
1 352 257 17 19 
1 380 253 16 17 
1 148 241 24 23 
1 150 259 15 14 
1 112 229 19 18 
1 115 248 15 16 
1 188 212 19 18 
1 187 195 17 17 
1 212 200 19 19 
1 229 197 18 20 
1 231 231 22 23 
1 124 85 29 27 
1 107 87 20 18 
1 103 101 23 21 
1 125 115 17 19 
1 36 100 23 25 
1 79 73 11 12 
1 175 39 15 16 
1 39 275 13 13 
1 95 288 14 15 
1 14 140 12 12 
1 3 168 14 14 
1 54 156 14 14 
1 309 97 16 17 
1 567 305 13 16 
1 405 273 12 13 
1 436 276 10 11 
1 324 277 14 14 
1 301 255 16 14 
1 305 272 11 10 
1 345 228 12 11 
1 341 204 13 14 
1 337 190 13 14 
1 318 178 13 14 
1 334 138 10 11 
1 306 191 14 15 
1 295 183 16 15 
1 324 277 14 15 
1 306 272 12 12 
1 301 257 14 14 
1 252 72 14 15 
1 187 119 15 15 
1 181 76 30 31 
1 104 39 25 26 
1 38 24 12 12 
1 61 51 13 13 
1 0 289 26 28 
1 5 280 13 13 
1 535 22 18 17 
1 388 268 14 12 
1 364 283 9 9 
1 350 283 13 13 
1 284 27 12 12 
1 286 48 10 10 
1 275 56 12 12 
1 294 57 11 10 
1 263 103 10 10 
1 210 105 43 39 
1 248 271 16 18 
1 288 235 14 15 
1 280 244 11 12 
1 286 250 11 12 
1 69 331 10 11 
1 12 127 11 11 
1 3 97 11 12 
1 0 87 10 12 
1 558 155 11 12 
1 300 1 18 17 
1 323 3 15 17 
1 324 298 16 18 
1 386 238 17 17 
1 206 249 11 11 
1 204 261 12 12 
1 197 266 12 13 
1 198 304 14 14 
1 33 176 12 12 
1 201 176 17 18 
1 221 173 12 13 
1 194 61 10 13 
1 423 278 9 10 
1 444 302 10 10 
1 498 278 11 12 
1 457 207 14 14 
1 526 146 10 10 
1 366 161 13 14 
1 406 104 11 11 
1 430 156 11 11 
1 430 374 11 12 
1 403 357 11 11 
1 380 342 10 10 
1 397 330 7 8 
1 391 24 10 11 
1 362 18 14 15 
1 256 19 17 17 
1 309 83 12 14 
1 314 72 15 16 
1 330 52 12 11 
1 325 77 11 12 
1 570 14 10 10 
1 562 30 10 10 
1 519 301 14 13 
1 518 311 10 10 
1 588 346 12 14 
1 376 379 12 11 
