1 223 40 78 78 
1 37 193 66 67 
1 148 295 38 37 
1 542 333 52 51 
1 303 49 30 29 
1 212 34 94 86 
1 179 96 36 37 
1 174 77 29 22 
1 170 5 27 23 
1 95 66 31 29 
1 87 111 28 28 
1 111 136 29 28 
1 8 160 37 29 
1 390 85 26 25 
1 58 24 23 23 
1 152 202 38 32 
1 136 296 44 37 
1 404 120 28 34 
1 57 125 23 19 
1 168 136 32 30 
1 84 6 26 22 
1 556 22 22 26 
1 99 302 25 21 
1 35 292 17 16 
1 216 112 27 24 
1 88 56 19 17 
1 101 173 18 16 
1 112 160 16 17 
1 74 216 13 16 
1 59 80 13 15 
1 27 266 14 14 
1 220 0 21 19 
1 66 99 15 16 
1 137 116 19 19 
1 114 258 19 17 
1 135 304 15 18 
1 308 25 14 18 
1 39 128 14 15 
1 34 337 17 17 
1 141 134 20 23 
1 452 37 18 21 
