1 432 356 31 32 
1 562 184 30 30 
1 135 5 34 34 
1 347 361 36 37 
1 540 276 41 41 
1 41 257 126 127 
1 331 103 67 67 
1 404 130 86 86 
1 140 364 21 20 
1 429 348 40 39 
1 558 177 38 43 
1 487 91 34 35 
1 381 119 33 30 
1 150 71 29 30 
1 55 23 21 22 
1 132 2 41 39 
1 252 88 27 27 
1 252 331 19 24 
1 221 264 22 21 
1 308 228 18 21 
1 449 264 25 18 
1 449 284 21 19 
1 477 330 21 20 
1 492 348 15 15 
1 505 227 27 29 
1 526 185 18 18 
1 579 105 21 25 
1 171 193 16 18 
1 37 274 20 19 
1 0 342 20 22 
1 81 159 17 18 
1 4 245 17 18 
1 4 211 15 16 
1 20 243 15 19 
1 10 92 14 14 
1 226 25 17 16 
1 412 50 20 20 
1 516 5 26 24 
1 579 23 17 18 
1 544 25 17 17 
1 327 150 27 25 
1 409 317 13 16 
1 404 281 16 19 
1 378 308 11 12 
1 375 274 14 17 
1 359 270 14 13 
1 345 250 15 17 
1 390 216 16 20 
1 447 112 28 30 
1 338 71 29 22 
1 330 102 21 20 
1 234 167 15 15 
1 174 112 15 16 
1 214 105 14 17 
1 208 312 21 21 
1 188 247 10 16 
1 95 217 12 10 
1 98 225 15 11 
1 102 133 13 13 
1 267 214 11 13 
1 372 86 21 21 
1 431 199 14 13 
1 246 274 16 16 
1 494 370 16 18 
1 441 391 17 9 
1 559 383 26 17 
1 213 374 12 12 
1 271 358 9 10 
1 251 253 13 12 
1 368 161 16 18 
1 430 91 12 15 
1 440 75 12 12 
1 498 60 12 13 
1 511 270 16 15 
1 522 258 14 17 
1 414 249 17 15 
1 122 202 14 15 
1 263 132 10 12 
1 276 128 17 20 
1 350 45 20 21 
1 344 19 16 16 
1 0 187 12 18 
1 32 65 10 11 
1 299 72 10 14 
1 298 11 12 16 
1 474 90 8 11 
1 503 189 15 15 
1 39 219 22 19 
1 230 85 14 14 
1 218 64 17 18 
1 15 183 9 14 
1 16 114 12 13 
1 237 132 16 17 
1 253 121 19 17 
1 316 163 11 11 
1 342 207 15 15 
1 412 139 18 15 
1 399 158 12 9 
1 420 124 12 13 
1 406 67 16 16 
1 415 103 8 7 
1 532 73 17 19 
1 477 269 10 10 
1 465 307 9 9 
1 526 303 13 12 
1 507 346 10 11 
1 580 282 10 9 
1 532 275 10 11 
1 532 240 10 13 
1 546 136 9 11 
1 447 16 14 12 
1 168 301 8 10 
1 320 307 11 11 
1 428 259 9 11 
1 201 203 11 11 
1 192 140 10 12 
1 251 196 11 11 
1 301 110 8 11 
1 475 70 12 10 
1 487 42 7 10 
1 491 279 11 9 
1 289 231 12 11 
1 258 297 14 17 
1 268 262 14 15 
1 41 311 15 19 
1 51 369 15 12 
1 40 385 14 12 
1 36 100 12 10 
