1 136 360 28 24 
1 471 374 22 19 
1 378 373 14 12 
1 394 382 12 12 
1 283 378 12 12 
1 391 9 27 21 
1 537 55 21 17 
1 0 105 32 31 
1 76 177 25 23 
1 172 104 17 17 
1 204 20 21 15 
1 148 16 17 16 
1 469 85 24 22 
1 440 92 22 18 
1 382 140 18 18 
1 518 317 22 20 
1 255 240 18 16 
1 297 168 19 15 
1 28 187 23 22 
1 22 163 16 14 
1 315 109 27 21 
1 508 17 18 15 
1 459 22 17 13 
1 555 91 16 13 
1 474 194 15 14 
1 283 340 16 15 
1 235 341 13 12 
1 370 282 14 12 
1 382 269 12 10 
1 191 203 15 17 
1 114 104 16 18 
1 145 154 16 13 
1 152 144 17 13 
1 203 189 18 12 
1 244 129 17 12 
1 270 120 21 16 
1 299 129 16 12 
1 568 14 12 15 
1 184 55 15 14 
1 181 71 13 9 
1 28 216 18 14 
1 42 211 17 15 
1 539 219 18 12 
1 289 37 12 13 
1 410 56 14 11 
1 397 108 26 21 
1 114 198 35 39 
1 9 7 16 11 
1 311 296 12 14 
1 547 247 22 18 
1 526 126 9 11 
1 520 134 15 11 
1 498 131 14 13 
1 365 33 11 9 
1 245 216 13 13 
1 226 233 15 15 
1 115 316 19 20 
1 460 338 17 12 
1 514 347 16 10 
