1 395 305 60 61 
1 172 231 67 67 
1 125 0 73 45 
1 286 252 78 78 
1 361 196 63 63 
1 524 157 27 26 
1 223 322 28 28 
1 107 226 25 26 
1 393 0 45 34 
1 171 225 78 77 
1 220 320 36 30 
1 395 301 63 60 
1 273 246 88 79 
1 426 241 23 22 
1 524 151 27 30 
1 80 25 26 25 
1 194 98 19 20 
1 219 71 16 16 
1 262 106 18 19 
1 107 226 27 26 
1 91 283 11 14 
1 118 324 12 14 
1 419 138 22 21 
1 397 3 33 31 
1 309 50 18 18 
1 296 10 24 19 
1 271 2 20 13 
1 242 195 12 17 
1 267 212 20 22 
1 256 198 13 13 
1 126 121 19 18 
1 61 113 16 16 
1 85 106 13 14 
1 187 129 12 14 
1 558 57 13 15 
1 472 110 12 12 
1 464 82 10 11 
1 513 103 14 13 
1 537 133 13 13 
1 531 197 13 15 
1 445 266 12 14 
1 441 277 12 13 
1 422 34 13 15 
1 420 63 12 12 
1 471 21 12 11 
1 473 10 9 8 
1 347 44 12 11 
1 290 136 13 14 
1 295 103 13 14 
1 318 65 13 14 
1 297 92 10 9 
1 233 58 10 11 
1 235 37 8 11 
1 162 157 10 13 
1 171 152 13 14 
1 199 169 9 13 
1 230 124 14 17 
1 8 14 16 18 
1 32 7 13 14 
1 60 13 16 12 
1 111 34 16 13 
1 108 56 13 10 
1 119 68 11 8 
1 108 81 7 8 
1 10 199 15 10 
1 39 210 15 14 
1 9 235 13 11 
1 49 292 14 13 
1 97 307 19 23 
1 61 214 7 13 
1 177 217 13 14 
1 178 187 9 9 
1 166 295 10 10 
1 106 285 13 11 
1 108 269 8 11 
1 129 291 10 8 
1 132 301 10 9 
1 111 297 8 8 
1 119 301 8 9 
1 131 312 5 4 
1 287 175 23 30 
1 317 224 12 13 
1 342 155 20 20 
1 316 188 25 26 
1 410 163 23 29 
1 438 181 12 12 
1 466 166 11 12 
1 482 194 15 14 
1 443 203 20 20 
1 569 115 13 12 
1 568 134 10 10 
1 517 131 13 11 
1 372 73 22 23 
1 372 35 14 13 
1 355 142 11 9 
1 311 111 13 12 
1 327 108 13 12 
1 159 56 8 7 
1 157 135 11 12 
