1 54 0 88 86 
1 236 136 29 30 
1 347 32 27 31 
1 383 119 23 23 
1 232 134 38 38 
1 179 163 25 24 
1 159 171 29 29 
1 206 220 20 19 
1 92 219 23 24 
1 361 164 20 22 
1 242 78 35 36 
1 200 42 24 26 
1 140 64 30 29 
1 249 315 25 23 
1 212 318 27 27 
1 550 121 21 20 
1 447 119 22 22 
1 518 155 23 23 
1 484 337 19 20 
1 55 126 22 24 
1 117 187 23 23 
1 119 10 17 19 
1 53 28 17 18 
1 20 70 12 12 
1 76 291 21 23 
1 70 167 17 18 
1 326 195 19 19 
1 52 248 21 19 
1 330 220 19 18 
1 410 33 17 18 
1 496 31 20 19 
1 548 72 17 17 
1 457 270 32 34 
1 0 192 26 32 
1 9 148 19 18 
1 28 162 18 18 
1 165 23 13 14 
1 322 171 15 15 
1 253 214 19 17 
1 122 335 16 16 
1 77 328 17 17 
1 328 90 17 16 
1 70 112 17 17 
1 195 346 26 18 
1 560 248 16 17 
1 384 4 18 18 
1 36 69 16 16 
1 441 97 25 24 
