1 539 156 28 27 
1 447 105 27 27 
1 248 23 32 33 
1 207 126 68 68 
1 310 168 52 53 
1 14 19 5 6 
1 30 19 8 10 
1 32 33 7 6 
1 29 39 10 10 
1 24 47 7 11 
1 11 37 9 9 
1 3 48 6 6 
1 1 67 7 13 
1 31 75 4 6 
1 40 78 11 10 
1 34 89 8 8 
1 40 92 7 9 
1 42 102 7 7 
1 17 90 6 8 
1 29 105 12 12 
1 37 109 10 10 
1 25 123 10 10 
1 5 134 10 8 
1 46 140 9 10 
1 33 167 8 10 
1 5 198 14 7 
1 21 213 8 10 
1 40 219 13 15 
1 21 241 24 23 
1 16 264 12 9 
1 30 282 10 9 
1 7 291 15 15 
1 8 351 13 10 
1 59 8 13 10 
1 80 3 7 10 
1 112 15 9 13 
1 92 28 10 10 
1 109 41 5 8 
1 73 34 7 9 
1 60 36 9 8 
1 58 44 9 10 
1 70 47 8 11 
1 74 56 12 13 
1 91 86 10 13 
1 117 93 9 14 
1 102 112 10 9 
1 88 96 8 10 
1 76 115 14 23 
1 44 142 10 8 
1 48 169 12 13 
1 95 156 5 6 
1 106 142 6 8 
1 107 158 15 15 
1 48 189 12 11 
1 39 220 14 13 
1 85 245 12 10 
1 113 318 11 12 
1 86 297 10 10 
1 97 290 9 10 
1 105 282 7 8 
1 146 9 9 8 
1 151 1 6 11 
1 117 94 11 12 
1 165 107 7 10 
1 140 148 10 8 
1 152 149 11 13 
1 155 161 5 12 
1 162 174 11 10 
1 125 200 14 14 
1 138 216 9 11 
1 159 246 6 10 
1 197 20 7 8 
1 191 30 9 9 
1 221 63 11 8 
1 180 78 12 10 
1 212 91 7 10 
1 213 120 6 10 
1 224 131 7 11 
1 229 143 8 8 
1 229 170 8 11 
1 226 182 13 14 
1 200 181 9 13 
1 202 170 8 11 
1 213 254 8 9 
1 217 230 8 10 
1 193 221 10 9 
1 216 275 9 11 
1 230 292 8 15 
1 208 329 13 14 
1 231 357 10 11 
1 215 349 8 7 
1 215 361 7 8 
1 208 378 7 11 
1 203 373 6 9 
1 192 373 10 8 
1 193 354 6 9 
1 207 329 14 17 
1 228 290 11 15 
1 218 292 9 11 
1 205 287 9 7 
1 218 275 9 12 
1 193 246 8 10 
1 210 253 13 12 
1 216 231 9 9 
1 193 245 8 9 
1 192 222 10 11 
1 194 197 10 11 
1 200 180 9 9 
1 203 172 10 7 
1 230 183 7 10 
1 229 171 7 11 
1 230 143 7 11 
1 199 180 9 9 
1 203 172 9 8 
1 213 122 7 9 
1 221 130 9 10 
1 212 91 7 10 
1 222 64 9 10 
1 191 30 8 10 
1 196 19 9 9 
1 198 19 6 9 
1 247 27 18 24 
1 257 56 11 10 
1 222 62 8 10 
1 243 82 11 13 
1 292 77 7 11 
1 226 141 13 12 
1 222 130 9 10 
1 229 170 10 10 
1 203 172 7 7 
1 198 181 9 9 
1 226 182 12 11 
1 238 184 10 11 
1 295 166 10 12 
1 243 84 10 11 
1 281 184 11 13 
1 270 196 11 15 
1 257 201 10 9 
1 241 184 6 12 
1 229 170 8 11 
1 229 182 10 10 
1 242 199 8 7 
1 237 213 9 11 
1 276 222 10 14 
1 293 208 6 8 
1 294 225 9 9 
1 278 238 7 10 
1 270 261 15 16 
1 217 231 5 9 
1 213 253 9 11 
1 254 275 8 10 
1 219 277 7 9 
1 230 292 8 15 
1 248 320 9 11 
1 233 353 8 13 
1 240 365 10 13 
1 287 379 11 8 
1 279 222 10 12 
1 283 190 8 12 
1 295 166 8 11 
1 293 78 9 9 
1 284 9 7 9 
1 308 10 9 13 
1 321 14 10 12 
1 321 47 10 10 
1 293 77 8 9 
1 306 86 16 21 
1 321 47 9 9 
1 351 40 15 26 
1 342 114 10 13 
1 326 143 11 8 
1 298 166 9 13 
1 310 178 26 32 
1 297 186 8 8 
1 290 207 8 9 
1 296 225 8 7 
1 323 232 10 21 
1 360 226 3 11 
1 310 247 10 10 
1 317 267 9 7 
1 273 261 14 14 
1 288 274 5 9 
1 320 284 8 6 
1 335 284 12 10 
1 345 267 10 11 
1 316 300 12 9 
1 303 306 14 16 
1 319 334 13 13 
1 334 329 8 17 
1 318 46 12 13 
1 320 17 12 12 
1 349 44 22 25 
1 367 37 17 23 
1 383 71 22 18 
1 392 97 10 10 
1 339 112 16 17 
1 398 173 36 33 
1 400 214 13 11 
1 361 195 12 9 
1 367 251 11 11 
1 345 268 12 12 
1 336 285 9 12 
1 368 282 11 8 
1 398 312 9 9 
1 405 248 9 10 
1 400 216 11 9 
1 410 315 10 9 
1 394 326 11 14 
1 393 367 10 14 
1 383 69 23 18 
1 392 93 12 13 
1 427 104 14 16 
1 445 104 27 28 
1 447 146 7 9 
1 465 140 14 11 
1 447 157 12 9 
1 452 165 16 16 
1 397 180 23 24 
1 401 213 7 12 
1 415 223 7 9 
1 447 219 11 15 
1 432 227 15 16 
1 469 185 13 14 
1 457 200 14 15 
1 464 165 7 7 
1 453 168 13 14 
1 426 250 15 19 
1 421 278 11 21 
1 458 290 10 13 
1 410 316 10 9 
1 399 311 11 11 
1 394 326 10 12 
1 443 339 21 16 
1 431 340 9 12 
1 462 330 15 17 
1 471 323 15 16 
1 458 361 14 13 
1 443 383 14 19 
1 394 366 13 13 
1 447 386 7 10 
1 469 386 8 12 
1 492 383 11 13 
1 502 393 10 8 
1 507 380 9 10 
1 517 370 11 23 
1 516 346 9 9 
1 504 354 13 11 
1 500 346 8 8 
1 485 372 7 9 
1 459 362 11 13 
1 463 329 12 17 
1 473 325 13 10 
1 459 295 8 9 
1 465 303 15 15 
1 489 302 8 8 
1 500 298 8 15 
1 523 292 7 10 
1 493 277 11 8 
1 504 267 10 11 
1 472 243 7 9 
1 503 255 10 11 
1 529 224 10 16 
1 513 220 9 12 
1 509 210 8 7 
1 506 216 6 7 
1 484 206 10 15 
1 472 245 7 7 
1 447 222 10 10 
1 468 187 10 10 
1 506 169 10 11 
1 532 177 10 9 
1 530 227 8 13 
1 513 220 10 12 
1 538 220 8 9 
1 448 101 20 28 
1 519 113 13 18 
1 531 75 12 14 
1 530 131 12 10 
1 541 143 11 13 
1 447 148 9 8 
1 481 159 8 10 
1 507 168 10 12 
1 521 60 8 12 
1 558 56 13 12 
1 517 112 16 16 
1 533 131 9 12 
1 573 104 17 23 
1 540 143 11 12 
1 539 159 18 22 
1 571 147 14 14 
1 581 155 8 13 
1 558 181 13 10 
1 566 167 9 10 
1 573 169 10 13 
1 550 208 11 11 
1 567 191 36 41 
1 530 227 9 13 
1 557 265 9 9 
1 558 242 9 8 
1 540 280 10 10 
1 521 292 10 12 
1 550 300 9 10 
1 567 293 11 12 
1 589 337 9 11 
1 580 343 10 11 
1 591 350 12 15 
1 559 344 9 10 
1 567 373 7 7 
1 565 380 12 12 
1 544 382 9 9 
1 547 391 12 11 
1 522 294 9 11 
1 530 227 10 15 
1 520 117 10 12 
1 45 293 11 12 
1 68 273 11 11 
1 75 268 10 11 
1 64 280 16 13 
1 92 206 16 14 
1 245 111 7 10 
1 256 114 10 11 
1 114 57 11 10 
1 148 54 11 11 
1 148 77 10 11 
1 59 107 9 10 
1 217 18 9 11 
1 222 9 11 11 
1 341 355 12 12 
1 299 346 11 11 
1 289 379 11 9 
1 231 236 10 11 
1 340 149 18 17 
1 255 152 9 8 
1 354 118 15 15 
1 353 133 13 11 
1 369 313 9 9 
1 569 351 9 10 
1 535 324 9 10 
1 535 295 10 11 
1 536 307 9 11 
1 562 227 9 9 
1 502 192 8 8 
1 177 10 10 9 
1 54 331 7 8 
1 169 346 9 9 
1 154 333 7 9 
1 177 356 7 8 
1 152 366 6 7 
1 165 317 9 8 
1 222 312 8 10 
1 178 300 7 9 
1 487 101 26 26 
1 548 77 15 17 
1 548 118 10 11 
1 489 338 17 16 
