1 343 200 41 42 
1 303 0 39 38 
1 56 343 29 29 
1 572 298 26 26 
1 65 369 33 30 
1 244 380 17 14 
1 501 358 19 17 
1 431 373 14 13 
1 582 243 18 19 
1 509 41 21 17 
1 516 69 19 13 
1 514 83 14 17 
1 512 104 30 27 
1 415 19 18 19 
1 448 60 15 12 
1 444 51 13 11 
1 485 124 24 23 
1 422 135 20 21 
1 438 136 17 12 
1 454 184 22 19 
1 480 285 20 22 
1 511 339 16 17 
1 558 348 20 19 
1 544 178 19 15 
1 475 33 18 13 
1 491 23 17 14 
1 524 0 29 22 
1 469 14 12 12 
1 572 199 14 11 
1 445 310 22 25 
1 468 328 15 15 
1 338 196 54 50 
1 396 211 23 19 
1 299 1 45 44 
1 366 84 25 23 
1 378 105 23 21 
1 386 170 21 19 
1 303 131 21 24 
1 307 163 30 28 
1 357 120 20 21 
1 299 97 17 16 
1 557 100 14 12 
1 357 296 18 16 
1 377 278 16 15 
1 380 300 15 12 
1 371 324 15 13 
1 248 80 13 15 
1 229 95 16 16 
1 289 215 22 20 
1 191 217 31 32 
1 58 101 32 32 
1 38 128 29 28 
1 57 65 18 21 
1 70 27 21 21 
1 89 25 19 18 
1 140 110 15 14 
1 309 267 20 18 
1 316 299 20 18 
1 215 172 16 15 
1 215 187 15 12 
1 231 240 16 16 
1 293 172 13 13 
1 302 51 14 15 
1 318 48 15 14 
1 352 31 14 12 
1 366 151 12 11 
1 364 341 25 19 
1 366 345 15 15 
1 446 347 19 17 
1 163 277 18 14 
1 160 264 17 19 
1 91 276 17 16 
1 128 298 19 15 
1 117 310 14 13 
1 55 340 32 26 
1 9 275 35 29 
1 19 266 19 16 
1 108 242 25 17 
1 64 268 16 14 
1 84 299 14 16 
1 171 102 18 13 
1 182 82 15 15 
1 148 192 17 16 
1 193 6 14 14 
1 175 9 12 10 
1 124 0 18 12 
1 101 61 15 14 
1 1 90 16 16 
1 3 2 12 11 
1 266 270 15 12 
1 280 255 16 13 
1 175 166 31 28 
1 345 113 15 15 
1 275 56 12 10 
1 281 18 16 14 
1 346 0 26 19 
1 376 12 11 13 
1 380 23 12 10 
1 397 67 15 14 
1 519 318 13 12 
1 227 215 14 12 
