1 563 162 31 31 
1 454 188 28 28 
1 31 0 11 6 
1 12 5 8 9 
1 29 39 9 8 
1 21 60 9 14 
1 8 82 12 14 
1 23 121 7 10 
1 17 179 12 12 
1 33 184 8 11 
1 28 193 10 12 
1 7 240 7 7 
1 3 265 9 12 
1 22 296 5 8 
1 5 327 8 9 
1 9 337 5 9 
1 12 317 14 20 
1 25 372 7 9 
1 7 387 9 12 
1 45 354 9 9 
1 48 339 8 9 
1 48 118 7 6 
1 92 2 10 6 
1 98 26 10 11 
1 132 26 9 11 
1 116 2 10 9 
1 121 18 10 9 
1 78 38 14 14 
1 61 44 9 12 
1 50 72 10 10 
1 63 64 6 7 
1 75 71 7 10 
1 121 50 7 10 
1 109 38 11 10 
1 102 44 12 12 
1 74 69 9 11 
1 65 72 9 10 
1 57 101 11 10 
1 51 72 8 10 
1 78 91 8 11 
1 85 105 7 9 
1 74 174 8 9 
1 86 206 9 11 
1 113 203 7 11 
1 123 190 7 9 
1 125 236 8 11 
1 103 238 10 11 
1 93 218 6 13 
1 85 204 9 13 
1 59 256 11 11 
1 87 269 8 8 
1 55 281 6 14 
1 76 364 8 9 
1 95 354 9 10 
1 104 334 8 13 
1 95 319 8 11 
1 83 325 6 9 
1 93 335 8 10 
1 109 355 11 10 
1 111 355 9 12 
1 95 356 11 10 
1 74 363 15 10 
1 100 334 13 11 
1 93 321 10 7 
1 91 335 9 9 
1 96 354 9 9 
1 86 270 9 8 
1 130 271 10 12 
1 158 292 8 9 
1 159 313 8 10 
1 104 239 11 8 
1 86 202 9 13 
1 85 105 8 9 
1 75 89 12 14 
1 73 69 9 10 
1 76 38 14 14 
1 100 27 8 9 
1 110 37 8 13 
1 130 25 10 11 
1 124 58 9 12 
1 135 61 10 11 
1 132 26 10 11 
1 145 9 8 9 
1 169 41 10 11 
1 156 73 10 11 
1 132 23 8 11 
1 171 270 9 8 
1 162 281 9 8 
1 156 290 12 11 
1 159 313 6 9 
1 167 312 7 10 
1 181 296 12 12 
1 172 269 7 9 
1 152 123 7 9 
1 166 125 9 10 
1 156 71 10 13 
1 167 55 8 9 
1 168 42 9 11 
1 171 38 8 10 
1 172 13 12 11 
1 184 1 9 8 
1 184 368 9 10 
1 184 108 10 12 
1 186 124 8 10 
1 186 54 7 11 
1 98 26 11 11 
1 185 0 6 9 
1 190 9 6 5 
1 193 16 9 8 
1 194 28 8 8 
1 211 33 8 9 
1 223 51 7 9 
1 181 33 7 9 
1 173 41 9 7 
1 167 44 8 8 
1 157 72 8 12 
1 185 108 7 7 
1 222 48 7 12 
1 227 68 6 9 
1 224 81 9 13 
1 184 126 8 8 
1 220 156 11 19 
1 207 206 12 15 
1 213 201 9 11 
1 202 230 11 11 
1 224 243 9 11 
1 171 268 10 10 
1 164 280 8 9 
1 157 288 8 13 
1 191 284 9 7 
1 206 299 11 11 
1 182 298 10 10 
1 173 302 7 8 
1 166 315 9 7 
1 159 313 6 8 
1 213 311 9 11 
1 232 314 14 11 
1 197 325 7 11 
1 224 342 8 9 
1 213 341 6 7 
1 185 367 8 11 
1 225 363 6 13 
1 218 387 11 9 
1 247 96 11 13 
1 245 122 8 11 
1 237 128 6 5 
1 241 228 10 12 
1 236 313 9 13 
1 222 339 10 13 
1 223 364 8 10 
1 221 384 7 12 
1 271 44 8 8 
1 291 35 9 7 
1 314 3 9 12 
1 298 58 8 8 
1 292 64 7 8 
1 240 43 9 7 
1 222 52 9 8 
1 226 68 8 10 
1 253 69 9 9 
1 304 73 6 8 
1 224 84 9 10 
1 248 93 11 14 
1 301 96 7 9 
1 261 125 8 9 
1 246 123 8 9 
1 237 128 7 8 
1 237 135 7 8 
1 264 136 8 6 
1 306 130 9 10 
1 290 147 7 10 
1 262 136 11 9 
1 258 157 9 10 
1 240 173 8 7 
1 250 182 7 7 
1 262 188 5 7 
1 269 193 8 7 
1 247 181 12 9 
1 285 216 7 9 
1 283 231 8 8 
1 265 235 6 9 
1 290 243 14 15 
1 225 243 10 12 
1 225 268 11 11 
1 280 267 5 8 
1 283 276 9 10 
1 272 270 6 8 
1 266 276 9 8 
1 234 313 14 13 
1 224 336 13 17 
1 224 365 9 10 
1 220 388 10 10 
1 270 372 8 12 
1 293 384 16 16 
1 284 353 7 7 
1 288 343 6 7 
1 284 333 6 8 
1 280 320 6 9 
1 293 304 7 9 
1 298 264 11 13 
1 289 243 15 13 
1 312 2 10 11 
1 278 51 12 12 
1 292 36 7 7 
1 295 48 7 7 
1 299 59 5 8 
1 363 58 10 11 
1 325 70 8 12 
1 341 93 8 14 
1 348 104 7 13 
1 364 59 7 10 
1 349 71 8 10 
1 326 69 8 12 
1 341 94 10 11 
1 344 104 13 14 
1 315 92 8 9 
1 301 97 7 9 
1 342 118 8 10 
1 356 140 7 9 
1 322 136 8 10 
1 330 147 7 10 
1 303 156 8 10 
1 289 147 8 9 
1 321 136 8 11 
1 330 147 7 10 
1 316 158 9 9 
1 302 174 8 10 
1 310 176 9 10 
1 370 186 10 11 
1 363 193 9 9 
1 360 198 8 9 
1 354 205 8 8 
1 346 210 6 9 
1 333 212 10 13 
1 320 226 8 7 
1 284 230 8 8 
1 289 241 13 14 
1 322 241 12 11 
1 333 233 9 11 
1 348 222 10 9 
1 358 235 12 13 
1 376 239 10 10 
1 343 242 10 10 
1 337 248 12 12 
1 369 262 7 8 
1 353 260 4 10 
1 299 267 9 9 
1 329 282 13 14 
1 361 284 11 7 
1 354 308 12 13 
1 382 316 14 14 
1 319 313 15 15 
1 329 283 11 15 
1 348 321 7 5 
1 334 337 8 8 
1 290 384 17 16 
1 347 391 11 8 
1 395 1 8 9 
1 431 32 7 15 
1 404 33 11 11 
1 401 41 10 13 
1 384 38 5 6 
1 379 45 9 8 
1 365 59 7 10 
1 430 55 8 9 
1 440 67 7 9 
1 429 80 12 14 
1 339 93 11 13 
1 406 130 9 11 
1 395 130 9 11 
1 362 194 9 10 
1 362 194 9 10 
1 395 186 7 8 
1 383 194 7 7 
1 374 180 8 8 
1 374 180 8 8 
1 371 188 9 10 
1 371 188 9 10 
1 395 208 9 11 
1 374 214 8 8 
1 357 213 8 9 
1 360 220 8 6 
1 358 233 12 14 
1 345 243 9 9 
1 376 240 8 9 
1 387 250 7 9 
1 398 250 9 9 
1 338 246 9 14 
1 345 243 9 8 
1 369 262 8 10 
1 387 248 7 8 
1 397 251 9 7 
1 402 285 8 10 
1 383 317 10 10 
1 412 319 9 11 
1 355 310 11 12 
1 409 342 9 8 
1 386 363 9 8 
1 411 374 13 16 
1 347 389 14 13 
1 395 2 9 8 
1 448 7 7 8 
1 477 1 8 5 
1 480 26 10 12 
1 449 6 6 7 
1 427 33 13 12 
1 404 31 11 12 
1 399 41 12 16 
1 408 54 6 7 
1 401 56 7 9 
1 429 56 11 10 
1 480 27 9 12 
1 477 47 7 8 
1 441 68 10 9 
1 432 55 8 10 
1 428 79 19 15 
1 441 101 16 16 
1 436 103 7 9 
1 425 115 6 11 
1 405 129 9 11 
1 395 130 10 10 
1 441 125 9 10 
1 463 121 8 10 
1 476 120 8 8 
1 461 138 9 10 
1 440 144 10 10 
1 446 172 7 7 
1 451 190 27 22 
1 445 188 9 7 
1 416 206 9 9 
1 395 209 7 10 
1 405 128 10 11 
1 395 131 9 10 
1 443 216 9 10 
1 452 225 9 10 
1 469 226 10 9 
1 440 235 10 9 
1 399 250 6 8 
1 386 248 8 9 
1 393 260 6 7 
1 405 268 9 11 
1 402 283 7 11 
1 452 295 10 9 
1 480 294 7 9 
1 486 310 12 14 
1 413 318 10 11 
1 383 314 11 15 
1 409 342 8 8 
1 386 363 9 10 
1 408 373 19 19 
1 451 379 9 9 
1 448 296 12 10 
1 476 296 11 10 
1 487 295 10 8 
1 473 119 10 10 
1 479 26 11 12 
1 462 120 9 9 
1 461 138 9 11 
1 439 143 11 13 
1 440 124 9 13 
1 411 340 7 11 
1 449 379 10 9 
1 477 0 11 6 
1 508 0 8 10 
1 529 6 7 9 
1 540 42 7 7 
1 527 27 8 10 
1 515 31 5 6 
1 506 34 6 9 
1 478 25 11 12 
1 494 46 6 6 
1 478 45 8 7 
1 474 65 8 6 
1 513 61 23 22 
1 535 60 8 9 
1 540 38 10 11 
1 546 72 7 12 
1 537 84 9 7 
1 532 92 9 8 
1 523 106 13 13 
1 505 123 7 7 
1 489 106 9 11 
1 490 119 12 14 
1 507 121 7 8 
1 497 131 9 10 
1 473 119 11 9 
1 462 121 8 9 
1 460 136 11 12 
1 520 128 14 12 
1 541 140 9 9 
1 543 167 9 9 
1 516 167 12 9 
1 492 173 11 11 
1 460 137 10 11 
1 455 188 26 25 
1 469 225 9 9 
1 495 232 20 20 
1 548 219 11 9 
1 545 227 8 11 
1 530 293 8 12 
1 487 311 13 13 
1 478 295 8 8 
1 486 294 8 9 
1 472 354 33 42 
1 495 347 7 9 
1 451 380 10 10 
1 514 365 7 10 
1 515 357 9 11 
1 533 385 9 9 
1 541 371 10 9 
1 526 344 14 18 
1 548 340 8 11 
1 529 315 16 17 
1 530 296 11 9 
1 519 275 12 11 
1 500 233 14 18 
1 537 239 7 11 
1 505 217 7 10 
1 516 208 8 10 
1 526 216 8 11 
1 548 222 12 16 
1 543 168 8 8 
1 540 139 7 11 
1 493 174 10 9 
1 581 3 6 9 
1 589 2 6 7 
1 573 25 8 8 
1 539 40 10 10 
1 528 29 6 6 
1 568 38 8 10 
1 563 53 10 11 
1 573 57 9 10 
1 534 63 8 8 
1 545 72 11 11 
1 538 81 8 9 
1 535 94 5 9 
1 526 105 7 12 
1 554 95 12 11 
1 519 128 10 13 
1 542 140 8 9 
1 563 165 18 24 
1 557 178 10 11 
1 565 189 12 13 
1 580 215 13 13 
1 580 209 11 8 
1 545 220 12 16 
1 536 240 8 9 
1 551 280 21 17 
1 529 296 9 11 
1 520 275 9 12 
1 584 294 10 10 
1 527 317 21 16 
1 546 341 12 12 
1 572 330 6 7 
1 527 346 15 17 
1 561 371 11 10 
1 542 371 9 10 
1 534 386 7 10 
1 586 364 10 7 
1 6 148 10 10 
1 17 176 16 14 
1 120 49 8 10 
1 94 220 9 10 
1 135 314 10 10 
1 261 126 9 8 
1 401 106 18 17 
1 522 191 8 10 
1 553 205 9 12 
1 554 260 10 11 
1 436 247 8 10 
1 64 233 9 9 
1 44 233 8 7 
1 48 245 8 8 
1 226 24 11 11 
1 474 84 11 11 
1 218 153 26 27 
1 405 31 14 16 
1 427 32 13 15 
