1 388 196 46 45 
1 417 341 33 33 
1 16 79 178 178 
1 283 31 27 26 
1 215 33 28 28 
1 144 71 30 29 
1 37 117 114 101 
1 208 260 21 22 
1 254 190 25 21 
1 113 200 17 19 
1 17 240 12 15 
1 16 223 15 15 
1 118 40 22 22 
1 144 72 33 32 
1 274 0 22 17 
1 267 22 19 19 
1 280 29 26 26 
1 323 55 19 18 
1 387 197 44 40 
1 529 259 56 74 
1 471 145 24 23 
1 403 58 19 18 
1 402 118 21 17 
1 406 131 17 15 
1 480 36 14 17 
1 515 73 15 18 
1 452 111 17 16 
1 442 137 14 16 
1 382 158 27 26 
1 434 188 14 16 
1 517 8 15 20 
1 478 84 27 26 
1 249 230 11 12 
1 255 214 12 12 
1 256 118 17 17 
1 189 134 14 13 
1 45 346 16 14 
1 119 3 19 20 
1 437 41 12 10 
1 459 2 11 11 
1 500 190 12 15 
1 337 312 11 11 
1 266 233 9 11 
1 281 223 12 13 
1 522 231 14 15 
1 457 215 12 17 
1 501 159 6 9 
1 557 66 9 11 
1 307 106 15 19 
1 311 75 18 20 
1 339 76 17 19 
1 384 110 14 15 
1 384 82 12 12 
1 403 80 12 10 
1 233 138 20 18 
1 234 203 18 18 
1 234 265 12 15 
1 150 213 13 12 
1 342 177 19 16 
1 351 238 19 18 
1 516 115 21 23 
