1 359 116 35 35 
1 101 186 46 46 
1 121 246 83 83 
1 46 124 41 41 
1 260 231 41 41 
1 251 116 29 28 
1 586 374 15 19 
1 565 300 15 15 
1 595 310 6 18 
1 487 380 33 22 
1 539 376 10 9 
1 564 299 17 18 
1 527 260 17 17 
1 515 272 10 10 
1 555 159 13 14 
1 527 148 15 15 
1 498 166 14 14 
1 471 167 15 16 
1 483 306 13 11 
1 428 282 13 13 
1 436 382 10 12 
1 387 379 15 15 
1 368 376 16 17 
1 380 353 14 15 
1 340 315 26 24 
1 351 332 9 9 
1 337 317 10 10 
1 330 389 12 10 
1 329 382 8 9 
1 274 373 11 12 
1 243 376 23 23 
1 241 388 11 11 
1 253 336 19 23 
1 273 337 10 12 
1 228 305 17 18 
1 224 328 15 15 
1 222 339 11 12 
1 205 376 11 13 
1 188 344 11 11 
1 189 354 9 9 
1 139 365 50 37 
1 167 375 9 10 
1 148 337 34 36 
1 117 247 92 85 
1 109 283 18 19 
1 116 342 26 25 
1 69 322 27 24 
1 79 316 13 15 
1 20 345 16 14 
1 17 357 20 18 
1 41 355 19 19 
1 102 229 31 34 
1 98 187 53 48 
1 124 180 12 13 
1 39 115 54 58 
1 51 152 18 15 
1 89 123 22 20 
1 108 79 27 28 
1 84 48 22 22 
1 76 35 14 16 
1 39 18 22 23 
1 45 39 11 9 
1 15 35 12 13 
1 61 5 22 21 
1 181 86 26 24 
1 276 66 30 27 
1 249 115 32 30 
1 269 111 10 11 
1 280 104 11 12 
1 323 82 14 15 
1 324 102 14 15 
1 317 115 12 13 
1 336 118 14 14 
1 373 99 17 17 
1 357 115 43 43 
1 404 87 11 13 
1 440 44 23 22 
1 479 22 19 20 
1 402 3 14 14 
1 271 10 17 16 
1 123 1 10 9 
1 151 7 10 9 
1 451 91 15 16 
1 441 102 13 14 
1 446 115 12 12 
1 457 127 9 9 
1 524 24 10 10 
1 525 51 9 9 
1 519 62 9 9 
1 442 19 10 10 
1 430 13 10 11 
1 414 40 9 9 
1 396 235 27 27 
1 381 238 13 15 
1 350 259 12 11 
1 345 282 11 11 
1 393 222 12 12 
1 389 209 12 14 
1 359 218 13 13 
1 324 235 22 22 
1 324 254 10 10 
1 336 217 10 11 
1 335 224 16 12 
1 313 152 12 14 
1 298 211 12 13 
1 305 254 15 14 
1 303 279 27 24 
1 344 51 17 17 
1 335 363 11 11 
1 555 356 13 13 
1 571 377 12 11 
1 303 357 11 12 
1 238 214 17 18 
1 258 201 11 11 
1 260 187 13 12 
1 236 182 20 19 
1 251 177 9 11 
1 278 222 10 11 
1 176 191 35 37 
1 160 202 17 20 
1 151 131 23 23 
1 180 140 15 16 
1 134 135 18 19 
1 161 115 9 10 
1 187 38 9 11 
1 41 79 20 20 
1 36 71 10 11 
1 0 295 10 14 
1 41 327 14 15 
1 26 291 44 44 
1 47 300 9 9 
1 47 310 10 10 
1 93 285 9 11 
1 73 264 11 14 
1 85 244 18 20 
1 96 221 13 15 
1 91 235 12 11 
1 81 215 10 12 
1 26 170 8 9 
1 36 71 12 11 
1 36 223 16 15 
1 35 211 15 16 
1 42 259 12 13 
1 78 354 15 16 
1 86 369 14 16 
1 103 377 12 13 
1 1 342 8 12 
1 38 215 39 41 
1 34 213 12 13 
1 206 186 24 28 
1 143 164 11 12 
1 137 159 9 10 
1 163 69 12 13 
1 200 0 11 11 
1 241 61 10 11 
1 262 62 12 12 
1 255 57 8 10 
1 239 73 9 9 
1 229 97 16 15 
1 248 106 13 13 
1 287 10 11 15 
1 297 8 11 11 
1 331 13 9 9 
1 344 12 6 7 
1 451 267 12 12 
1 458 255 11 11 
1 485 247 9 11 
1 465 233 8 9 
1 446 228 10 10 
1 452 201 10 12 
1 416 16 10 10 
1 260 232 45 43 
1 429 183 8 9 
1 416 186 9 9 
1 365 157 9 10 
1 477 97 9 8 
1 317 346 17 18 
1 319 372 14 13 
1 518 304 12 11 
1 178 252 12 12 
1 189 264 11 12 
1 177 263 9 9 
1 176 76 15 15 
1 285 51 12 13 
1 276 45 12 12 
1 230 0 11 10 
1 242 14 11 11 
1 256 156 10 10 
1 265 153 10 10 
1 274 159 8 8 
1 512 171 19 19 
1 467 349 8 8 
1 248 145 10 11 
1 246 153 8 8 
1 247 35 10 10 
1 240 29 11 12 
1 112 42 9 11 
1 15 310 7 8 
1 89 387 10 10 
1 70 199 9 9 
1 63 182 10 11 
1 119 106 9 10 
1 133 35 9 10 
1 97 38 10 12 
1 47 121 12 12 
1 26 150 10 12 
1 494 130 13 13 
1 302 104 11 10 
1 387 293 38 39 
1 379 70 14 14 
