1 159 29 34 34 
1 521 335 42 42 
1 556 33 37 37 
1 523 28 32 31 
1 19 239 245 172 
1 256 354 36 33 
1 282 315 17 16 
1 306 341 16 13 
1 300 347 9 12 
1 7 367 11 12 
1 14 344 7 8 
1 348 328 11 11 
1 375 332 14 16 
1 398 349 11 13 
1 361 375 14 13 
1 386 382 15 17 
1 446 391 12 9 
1 463 369 16 15 
1 453 368 12 15 
1 478 349 11 11 
1 522 362 11 12 
1 514 366 12 13 
1 512 378 7 7 
1 535 372 11 12 
1 531 380 14 14 
1 578 369 13 15 
1 573 324 13 15 
1 550 315 21 21 
1 522 322 17 18 
1 546 292 19 20 
1 524 340 31 29 
1 573 258 25 27 
1 559 203 14 15 
1 585 200 10 10 
1 567 165 13 13 
1 564 138 12 11 
1 582 126 16 16 
1 562 114 16 16 
1 568 76 34 39 
1 553 34 45 42 
1 525 25 34 35 
1 514 45 15 14 
1 498 68 17 18 
1 417 55 17 15 
1 367 62 23 22 
1 351 40 13 13 
1 366 5 15 16 
1 324 47 12 13 
1 277 26 18 17 
1 250 6 20 18 
1 259 20 10 10 
1 264 31 9 9 
1 205 25 14 16 
1 191 54 24 24 
1 254 101 16 18 
1 287 120 22 24 
1 305 166 20 22 
1 273 195 15 16 
1 158 25 40 42 
1 147 71 21 22 
1 147 142 22 22 
1 145 131 13 13 
1 96 118 16 16 
1 98 129 11 11 
1 42 129 23 22 
1 35 128 13 13 
1 34 53 10 12 
1 12 52 12 14 
1 18 13 11 13 
1 16 30 12 13 
1 24 40 10 9 
1 0 26 11 11 
1 97 11 9 10 
1 106 2 14 11 
1 251 7 17 15 
1 20 101 19 19 
1 39 98 9 9 
1 41 177 19 18 
1 58 225 15 16 
1 35 71 9 10 
1 45 93 29 24 
1 38 99 8 9 
1 100 86 16 17 
1 97 67 22 20 
1 94 58 14 14 
1 137 24 12 14 
1 126 42 10 11 
1 406 282 19 17 
1 426 268 22 21 
1 340 270 17 17 
1 369 168 23 22 
1 478 196 15 16 
1 518 257 15 17 
1 462 280 12 11 
1 494 268 10 12 
1 492 308 94 91 
1 490 123 17 16 
1 450 95 12 11 
1 377 126 14 15 
1 368 169 24 22 
1 240 254 18 17 
1 311 216 20 19 
1 326 202 22 22 
1 280 112 10 11 
1 249 126 14 15 
1 303 55 11 12 
1 186 257 11 12 
1 162 202 11 12 
1 144 202 14 14 
1 119 171 13 13 
1 80 202 17 17 
1 99 148 9 11 
1 89 148 9 9 
1 58 83 8 9 
1 110 54 10 11 
1 195 132 11 12 
1 213 113 14 14 
1 217 101 11 14 
1 248 127 13 13 
1 279 110 12 13 
1 304 55 11 12 
1 417 13 10 11 
1 562 28 9 9 
1 541 20 9 8 
1 528 202 10 11 
1 583 237 8 9 
1 402 173 14 14 
1 423 135 13 14 
1 472 233 11 11 
1 520 170 11 12 
1 533 166 13 12 
1 223 213 11 12 
1 239 210 8 9 
1 271 218 14 14 
1 221 41 10 10 
1 217 52 11 12 
1 500 1 8 9 
1 150 0 50 19 
1 472 234 9 10 
1 99 184 14 13 
1 124 100 25 25 
1 132 118 9 9 
1 134 127 7 9 
1 126 97 9 9 
1 263 326 18 18 
1 307 313 11 11 
1 588 300 10 12 
1 402 250 10 10 
1 275 77 9 10 
1 161 224 10 11 
1 148 226 9 9 
1 70 247 13 14 
1 66 279 14 15 
1 430 5 11 11 
1 209 248 9 11 
1 71 141 12 12 
