1 83 113 81 81 
1 477 182 33 33 
1 125 68 55 55 
1 303 221 29 29 
1 344 39 37 36 
1 458 379 32 21 
1 24 362 23 26 
1 90 360 21 20 
1 265 386 23 14 
1 540 372 20 22 
1 575 216 14 16 
1 578 363 14 17 
1 582 355 13 15 
1 577 77 15 15 
1 581 42 16 17 
1 197 364 14 17 
1 213 353 14 16 
1 126 71 60 47 
1 56 112 37 34 
1 84 121 88 72 
1 475 176 44 40 
1 448 198 23 25 
1 302 218 33 32 
1 204 77 17 17 
1 228 102 21 19 
1 190 142 19 18 
1 205 128 16 14 
1 26 26 16 13 
1 58 29 17 15 
1 59 20 18 16 
1 125 246 23 22 
1 93 278 15 16 
1 90 263 13 14 
1 104 242 11 17 
1 85 315 19 17 
1 111 333 15 16 
1 95 332 12 15 
1 151 275 18 21 
1 126 305 17 17 
1 189 172 24 21 
1 198 188 32 27 
1 235 196 29 22 
1 250 187 17 13 
1 218 164 16 12 
1 173 30 16 16 
1 11 76 17 16 
1 27 54 14 11 
1 294 70 23 17 
1 266 71 17 14 
1 243 66 11 15 
1 275 0 26 18 
1 245 29 23 22 
1 202 16 19 17 
1 225 20 18 13 
1 388 161 23 23 
1 232 251 28 23 
1 244 268 29 21 
1 350 308 23 23 
1 384 267 20 20 
1 352 240 17 17 
1 319 262 14 12 
1 321 270 16 12 
1 273 281 16 15 
1 230 333 15 12 
1 226 316 12 13 
1 159 198 12 15 
1 181 192 20 13 
1 131 58 9 12 
1 86 68 15 14 
1 12 182 17 18 
1 458 31 22 16 
1 420 3 23 11 
1 321 151 16 16 
1 316 128 13 13 
1 306 117 16 16 
1 279 144 14 12 
1 324 173 21 14 
1 358 168 18 18 
1 355 150 15 14 
1 315 320 22 19 
1 496 127 16 16 
1 378 141 12 12 
1 506 247 20 22 
1 521 45 15 16 
1 477 72 17 14 
1 485 59 17 16 
1 300 56 17 14 
1 306 26 13 14 
1 451 113 17 11 
1 574 265 18 19 
1 571 298 14 14 
1 517 343 17 18 
1 553 342 11 14 
1 429 272 16 13 
1 437 262 17 16 
1 470 235 14 13 
1 459 245 12 12 
1 301 195 17 13 
1 508 91 11 11 
1 516 96 13 11 
1 568 129 15 10 
1 510 18 12 12 
1 264 30 14 12 
1 403 193 13 11 
1 436 206 14 12 
1 521 171 16 17 
1 551 222 21 18 
1 520 225 20 19 
1 491 327 14 14 
