1 71 181 104 104 
1 311 29 34 35 
1 335 275 30 31 
1 250 298 26 25 
1 5 61 62 62 
1 9 141 55 54 
1 461 200 60 59 
1 448 35 33 32 
1 168 198 24 26 
1 242 245 24 24 
1 250 292 31 33 
1 334 270 39 39 
1 311 27 37 37 
1 316 163 29 29 
1 363 238 22 22 
1 501 292 30 30 
1 494 104 31 31 
1 485 40 29 29 
1 449 32 35 36 
1 524 5 18 19 
1 160 75 24 24 
1 187 40 24 23 
1 312 99 20 20 
1 381 114 21 21 
1 436 116 18 18 
1 388 62 26 26 
1 406 90 15 15 
1 386 15 16 14 
1 48 11 23 23 
1 15 135 18 18 
1 8 165 14 15 
1 18 208 20 20 
1 58 243 21 20 
1 10 280 18 19 
1 19 306 17 17 
1 9 312 15 15 
1 212 180 22 23 
1 310 220 27 28 
1 332 219 20 21 
1 415 305 23 23 
1 461 290 22 28 
1 524 230 22 22 
1 538 241 16 15 
1 459 343 24 21 
1 479 200 16 17 
1 468 181 16 16 
1 279 157 18 18 
1 521 202 22 22 
1 529 164 18 18 
1 508 165 17 19 
1 256 82 20 19 
1 262 95 19 19 
1 285 135 17 16 
1 369 39 21 21 
1 404 273 29 29 
1 89 116 19 20 
1 57 178 18 18 
1 29 243 14 15 
1 46 323 20 19 
1 179 146 22 17 
1 368 147 19 20 
1 269 215 18 18 
1 104 44 16 16 
1 91 0 21 19 
1 292 8 30 28 
1 190 239 17 18 
1 282 256 17 18 
1 265 323 14 14 
1 388 248 17 18 
1 378 263 15 16 
1 205 118 15 15 
1 497 137 16 15 
1 123 27 19 17 
1 72 50 15 15 
1 123 71 12 12 
1 255 137 13 13 
1 237 70 21 22 
1 146 5 18 17 
1 29 117 20 19 
