1 278 250 28 29 
1 514 81 28 28 
1 490 336 26 25 
1 444 252 89 89 
1 371 108 165 164 
1 273 244 37 36 
1 514 76 34 34 
1 485 330 31 30 
1 262 304 30 33 
1 144 324 37 27 
1 101 314 29 23 
1 82 252 27 25 
1 0 0 240 233 
1 255 0 29 22 
1 542 162 21 20 
1 478 108 20 18 
1 384 12 15 14 
1 443 25 16 11 
1 580 100 16 16 
1 489 208 22 20 
1 568 206 17 19 
1 374 310 23 21 
1 387 242 15 18 
1 435 243 14 15 
1 428 241 11 11 
1 106 372 21 19 
1 422 351 17 15 
1 463 343 11 11 
1 580 333 20 17 
1 336 146 19 25 
1 304 147 19 17 
1 395 65 14 14 
1 350 29 15 13 
1 350 73 12 12 
1 358 95 12 11 
1 505 229 17 16 
1 484 243 13 14 
1 307 376 14 17 
1 289 371 17 17 
1 460 3 18 15 
1 577 0 15 17 
1 557 140 19 18 
1 550 148 15 14 
1 2 286 18 17 
1 483 62 27 24 
1 134 383 12 10 
1 110 279 17 19 
1 290 233 12 11 
1 417 378 11 10 
1 348 261 12 13 
1 314 11 8 7 
1 0 353 14 16 
1 10 366 14 13 
1 0 383 14 10 
1 211 379 15 12 
1 253 282 17 14 
1 247 318 13 14 
1 443 136 20 17 
1 581 305 15 16 
1 260 363 13 16 
1 547 210 12 11 
1 519 169 11 12 
1 519 185 13 13 
1 509 195 14 11 
1 123 350 13 11 
1 462 369 12 9 
1 444 371 10 11 
1 343 341 21 17 
1 299 179 13 12 
1 333 183 16 14 
1 497 107 14 13 
1 512 348 17 21 
1 415 146 14 15 
1 436 191 15 17 
1 356 8 20 12 
