1 512 147 45 45 
1 97 135 32 32 
1 0 0 73 54 
1 511 142 49 54 
1 88 134 47 34 
1 172 224 34 30 
1 212 278 24 22 
1 188 140 26 20 
1 101 73 27 21 
1 23 302 28 21 
1 10 330 36 29 
1 291 160 27 30 
1 247 208 27 22 
1 338 256 25 30 
1 308 329 24 26 
1 229 137 25 23 
1 0 0 82 66 
1 484 218 40 36 
1 500 266 25 20 
1 272 169 20 25 
1 208 152 23 20 
1 105 268 24 24 
1 168 290 21 21 
1 344 135 22 21 
1 396 300 21 20 
1 514 4 33 19 
1 554 85 18 19 
1 382 153 11 12 
1 535 43 13 13 
1 404 324 14 16 
1 345 177 13 14 
1 245 228 14 16 
1 252 240 11 12 
1 248 320 12 12 
1 381 284 12 14 
1 374 180 14 14 
1 541 63 15 14 
1 290 215 17 19 
1 339 320 13 16 
1 314 285 15 15 
1 213 200 16 18 
