1 401 0 74 67 
1 502 25 73 72 
1 9 183 34 33 
1 92 202 30 30 
1 314 122 41 41 
1 91 116 35 35 
1 93 57 9 10 
1 100 72 8 7 
1 89 80 6 9 
1 127 56 9 8 
1 143 58 10 9 
1 159 57 8 7 
1 164 95 8 8 
1 153 88 8 8 
1 118 88 12 12 
1 95 101 9 8 
1 96 110 6 7 
1 112 101 10 11 
1 121 108 10 10 
1 152 88 8 8 
1 163 94 5 9 
1 166 104 7 8 
1 145 104 9 9 
1 122 109 8 9 
1 100 113 9 10 
1 159 123 7 8 
1 104 161 10 9 
1 131 178 10 11 
1 144 183 10 8 
1 167 171 8 9 
1 171 181 7 7 
1 139 195 7 10 
1 162 217 10 11 
1 123 228 11 12 
1 90 200 25 29 
1 95 244 12 16 
1 146 252 9 12 
1 99 261 8 9 
1 124 292 15 14 
1 128 311 10 9 
1 165 217 9 11 
1 85 289 121 110 
1 157 1 11 8 
1 184 5 8 7 
1 201 0 9 7 
1 221 0 5 6 
1 221 18 8 8 
1 216 29 7 9 
1 186 36 14 16 
1 159 57 8 7 
1 225 56 9 9 
1 219 62 10 12 
1 220 86 9 9 
1 204 78 7 8 
1 183 76 7 6 
1 183 86 7 9 
1 154 89 6 6 
1 163 95 6 7 
1 166 106 6 6 
1 158 122 6 9 
1 204 78 8 8 
1 221 86 8 9 
1 233 94 11 13 
1 220 63 9 12 
1 206 119 8 9 
1 204 128 6 7 
1 159 122 7 10 
1 175 128 8 13 
1 215 148 8 8 
1 204 139 9 8 
1 204 139 9 8 
1 219 155 13 13 
1 214 173 9 9 
1 194 159 9 9 
1 167 171 8 8 
1 171 180 7 8 
1 185 178 13 13 
1 212 192 8 8 
1 221 190 7 8 
1 206 213 8 9 
1 184 216 8 9 
1 175 218 9 9 
1 163 217 11 11 
1 190 251 9 10 
1 173 269 10 10 
1 223 259 8 10 
1 208 270 10 10 
1 214 277 14 15 
1 205 287 8 10 
1 184 280 17 16 
1 201 312 13 15 
1 186 320 12 12 
1 197 346 12 11 
1 178 330 21 26 
1 208 375 10 9 
1 209 383 10 8 
1 215 391 10 10 
1 227 366 9 11 
1 227 366 9 11 
1 225 353 8 8 
1 227 322 9 11 
1 208 271 11 11 
1 214 278 13 14 
1 205 288 9 9 
1 203 315 12 12 
1 203 315 12 12 
1 215 252 7 7 
1 213 192 5 8 
1 205 190 6 8 
1 222 190 6 7 
1 222 190 6 7 
1 213 171 10 12 
1 220 156 12 14 
1 215 148 8 8 
1 203 126 8 9 
1 208 118 8 10 
1 261 1 9 6 
1 245 2 11 13 
1 239 4 6 7 
1 239 4 6 7 
1 217 29 5 8 
1 229 24 7 7 
1 240 29 7 9 
1 234 36 8 6 
1 263 2 6 6 
1 243 2 15 13 
1 264 40 7 7 
1 253 48 11 11 
1 235 44 8 8 
1 225 56 9 7 
1 220 63 11 11 
1 251 76 5 6 
1 256 78 7 8 
1 256 78 7 8 
1 238 78 10 9 
1 221 86 7 9 
1 232 96 11 10 
1 256 104 7 8 
1 258 111 10 10 
1 243 103 8 8 
1 246 110 8 9 
1 238 111 9 9 
1 238 111 9 9 
1 222 135 8 9 
1 233 137 8 9 
1 254 131 7 7 
1 263 154 7 8 
1 241 155 10 9 
1 219 155 15 14 
1 234 188 11 13 
1 243 173 9 9 
1 246 183 7 7 
1 254 182 8 7 
1 248 198 9 9 
1 264 184 9 9 
1 263 194 8 7 
1 242 241 16 20 
1 224 260 10 10 
1 213 275 16 19 
1 226 320 10 10 
1 239 314 11 10 
1 239 314 11 10 
1 247 347 15 15 
1 257 367 10 10 
1 257 367 10 10 
1 229 369 7 7 
1 236 359 11 11 
1 240 370 13 17 
1 256 378 8 10 
1 253 388 11 11 
1 236 384 10 12 
1 246 392 10 12 
1 266 184 6 8 
1 262 154 7 7 
1 254 130 7 8 
1 263 140 7 8 
1 256 103 7 9 
1 260 112 7 8 
1 266 107 8 9 
1 263 38 8 9 
1 263 0 8 7 
1 302 1 9 9 
1 318 8 6 8 
1 283 12 10 11 
1 268 8 7 6 
1 268 8 7 6 
1 301 18 5 7 
1 292 25 7 7 
1 292 25 7 7 
1 305 30 9 8 
1 302 38 8 8 
1 285 30 6 6 
1 273 34 11 9 
1 265 38 6 7 
1 285 40 7 9 
1 302 39 7 6 
1 313 51 9 8 
1 289 60 8 8 
1 272 57 6 9 
1 313 73 7 9 
1 295 89 9 9 
1 277 86 8 8 
1 287 88 10 9 
1 301 99 7 7 
1 306 112 9 11 
1 285 118 9 10 
1 271 127 9 9 
1 304 130 7 8 
1 307 130 14 21 
1 264 154 6 8 
1 309 169 12 11 
1 292 170 8 7 
1 282 169 8 8 
1 283 132 1 42 
1 266 183 6 8 
1 265 192 8 11 
1 279 206 9 9 
1 305 199 9 9 
1 280 206 8 8 
1 280 206 8 8 
1 310 219 8 9 
1 278 225 8 9 
1 274 245 7 8 
1 310 253 8 9 
1 321 255 15 19 
1 303 281 5 8 
1 286 289 7 9 
1 307 301 8 10 
1 317 301 7 11 
1 293 315 7 8 
1 276 305 8 7 
1 277 314 8 10 
1 315 322 9 10 
1 296 346 6 7 
1 288 347 6 7 
1 307 361 8 10 
1 318 376 8 10 
1 268 385 7 8 
1 278 391 9 9 
1 272 368 9 11 
1 259 366 8 11 
1 268 336 5 7 
1 276 339 8 6 
1 288 347 7 8 
1 297 346 7 7 
1 292 315 9 9 
1 277 314 8 10 
1 277 305 7 6 
1 286 289 6 9 
1 274 245 6 9 
1 277 225 8 9 
1 279 205 7 10 
1 281 170 6 8 
1 265 185 7 8 
1 286 118 8 11 
1 271 128 6 7 
1 280 112 8 9 
1 270 58 7 7 
1 284 41 10 10 
1 274 33 8 10 
1 283 15 9 9 
1 302 2 9 9 
1 335 1 9 7 
1 316 6 10 10 
1 319 18 19 20 
1 304 29 9 9 
1 304 39 7 6 
1 327 47 8 8 
1 330 47 15 16 
1 314 73 8 8 
1 334 73 9 9 
1 336 87 8 9 
1 337 94 7 9 
1 327 117 8 6 
1 337 116 8 12 
1 307 129 13 23 
1 315 127 29 29 
1 335 184 11 12 
1 306 199 7 9 
1 310 219 9 10 
1 309 252 9 10 
1 335 273 3 2 
1 341 264 8 10 
1 303 280 7 9 
1 307 300 10 11 
1 317 301 9 10 
1 315 321 11 10 
1 328 330 10 10 
1 329 346 9 9 
1 306 359 8 12 
1 327 364 11 13 
1 338 360 11 10 
1 319 376 8 11 
1 352 377 10 12 
1 368 4 6 9 
1 350 7 7 9 
1 350 19 9 8 
1 375 22 12 11 
1 386 21 6 7 
1 381 42 9 9 
1 369 50 8 9 
1 360 51 7 8 
1 346 60 13 12 
1 354 69 8 9 
1 366 74 10 13 
1 382 94 7 6 
1 356 81 13 17 
1 347 98 13 12 
1 364 103 14 15 
1 383 125 11 11 
1 367 131 11 12 
1 363 145 12 9 
1 379 140 9 11 
1 370 157 13 12 
1 376 148 9 10 
1 353 154 15 15 
1 346 174 9 9 
1 358 176 6 8 
1 349 181 7 8 
1 340 185 9 9 
1 361 195 13 14 
1 377 195 8 8 
1 390 197 10 9 
1 347 212 8 8 
1 363 215 11 10 
1 371 230 15 15 
1 387 236 8 11 
1 366 258 7 8 
1 371 268 7 9 
1 363 296 6 7 
1 355 299 7 8 
1 352 305 7 8 
1 362 310 8 8 
1 381 317 6 7 
1 360 325 8 7 
1 350 335 8 7 
1 381 346 10 10 
1 350 378 14 12 
1 378 24 10 11 
1 385 21 8 8 
1 403 29 15 16 
1 412 78 9 11 
1 413 89 9 11 
1 394 76 8 8 
1 382 92 8 9 
1 406 97 14 14 
1 387 91 15 21 
1 402 122 11 13 
1 390 137 14 15 
1 379 141 9 9 
1 403 192 10 11 
1 390 198 9 8 
1 411 195 9 8 
1 404 201 9 10 
1 397 213 10 9 
1 416 217 15 18 
1 399 222 10 8 
1 407 232 11 12 
1 388 237 8 10 
1 373 233 12 14 
1 393 271 11 16 
1 401 268 14 21 
1 422 261 7 7 
1 409 321 7 9 
1 413 316 12 17 
1 409 331 10 12 
1 382 345 7 10 
1 407 361 6 9 
1 417 363 9 8 
1 420 373 10 10 
1 399 374 8 8 
1 394 379 6 7 
1 399 386 9 8 
1 32 24 10 13 
1 11 7 6 5 
1 1 20 4 7 
1 0 30 10 8 
1 37 38 5 5 
1 38 47 7 6 
1 32 65 9 7 
1 34 87 7 7 
1 13 86 6 8 
1 1 83 5 6 
1 31 108 18 19 
1 30 149 4 6 
1 2 144 5 8 
1 28 149 8 7 
1 29 174 8 10 
1 0 175 8 12 
1 12 183 22 28 
1 1 219 7 9 
1 9 226 6 9 
1 15 239 5 7 
1 18 247 9 9 
1 23 242 6 6 
1 22 260 7 5 
1 23 277 6 10 
1 29 279 8 9 
1 24 266 7 9 
1 23 259 9 8 
1 9 315 6 8 
1 12 310 6 8 
1 17 358 8 9 
1 53 0 7 7 
1 83 0 7 8 
1 74 0 9 5 
1 83 0 9 8 
1 94 1 6 8 
1 84 14 5 7 
1 81 22 6 8 
1 31 25 10 12 
1 38 37 8 6 
1 104 35 9 11 
1 38 45 5 7 
1 48 47 8 7 
1 93 55 11 13 
1 33 65 7 9 
1 101 71 5 8 
1 80 74 9 8 
1 88 81 9 9 
1 33 66 8 7 
1 30 76 7 10 
1 36 80 7 7 
1 32 85 10 11 
1 42 92 10 8 
1 55 89 6 9 
1 64 99 8 10 
1 94 101 8 9 
1 33 109 16 20 
1 66 113 6 7 
1 97 108 6 9 
1 100 115 10 9 
1 96 101 6 7 
1 71 132 10 9 
1 30 150 7 7 
1 42 151 9 9 
1 77 148 8 9 
1 101 156 10 14 
1 70 163 10 8 
1 30 174 8 10 
1 47 184 7 9 
1 75 195 6 9 
1 82 196 8 10 
1 45 197 9 11 
1 54 202 8 8 
1 54 211 6 8 
1 91 206 21 23 
1 43 218 7 9 
1 62 231 7 7 
1 63 241 5 9 
1 93 246 15 14 
1 99 259 6 10 
1 28 282 11 8 
1 99 262 6 8 
1 59 294 6 8 
1 37 314 11 8 
1 68 318 6 10 
1 88 320 6 6 
1 65 328 8 9 
1 70 331 9 10 
1 82 342 9 11 
1 94 326 12 16 
1 65 350 8 10 
1 63 369 10 8 
1 55 356 13 21 
1 79 365 9 10 
1 41 371 6 7 
1 161 1 6 9 
1 148 0 9 6 
1 124 2 10 7 
1 95 1 5 9 
1 118 24 181 14 
1 111 24 7 9 
1 140 22 6 7 
1 104 36 10 9 
1 118 32 8 9 
1 94 57 10 10 
1 127 57 8 7 
1 127 57 8 7 
1 144 59 6 9 
1 159 58 9 9 
1 90 82 6 6 
1 118 88 11 10 
1 154 89 7 7 
1 162 94 9 7 
1 165 105 5 7 
1 137 110 6 7 
1 122 109 7 7 
1 113 103 8 10 
1 96 100 7 7 
1 96 110 6 7 
1 99 113 10 10 
1 159 123 7 8 
1 102 160 8 10 
1 140 154 6 10 
1 167 173 10 9 
1 132 178 8 9 
1 145 184 8 7 
1 140 195 7 11 
1 93 202 19 26 
1 128 210 7 8 
1 163 218 9 10 
1 121 229 13 12 
1 95 244 13 17 
1 147 252 11 13 
1 98 262 10 9 
1 134 270 8 7 
1 128 281 8 9 
1 124 290 12 16 
1 128 309 10 9 
1 128 309 10 9 
1 97 327 8 16 
1 112 327 10 13 
1 130 337 6 13 
1 132 328 9 9 
1 109 300 93 100 
1 145 253 12 13 
1 145 253 12 13 
1 198 1 15 5 
1 158 1 10 8 
1 182 4 12 10 
1 223 20 6 8 
1 216 28 9 8 
1 173 19 9 8 
1 184 39 18 15 
1 159 57 6 7 
1 184 76 7 7 
1 234 44 7 9 
1 221 63 8 12 
1 222 86 8 9 
1 182 86 9 10 
1 163 93 6 11 
1 159 122 9 11 
1 206 120 9 8 
1 203 127 10 6 
1 172 131 11 12 
1 223 136 7 8 
1 233 140 6 4 
1 174 131 8 9 
1 219 154 16 16 
1 188 180 11 11 
1 172 179 7 9 
1 235 186 11 15 
1 184 217 8 8 
1 163 218 9 10 
1 225 261 9 11 
1 214 279 12 14 
1 207 271 10 10 
1 188 278 12 18 
1 204 288 8 8 
1 202 316 12 14 
1 227 321 10 7 
1 210 375 5 8 
1 215 391 8 7 
1 262 0 8 6 
1 245 2 10 11 
1 285 13 7 9 
1 239 31 7 7 
1 273 35 8 7 
1 285 40 9 9 
1 234 43 6 10 
1 272 60 7 5 
1 239 80 7 6 
1 249 76 7 8 
1 233 97 10 12 
1 243 104 7 8 
1 240 111 6 8 
1 247 109 7 8 
1 257 104 6 8 
1 259 111 9 9 
1 280 111 10 9 
1 286 118 7 11 
1 272 127 6 7 
1 223 156 13 14 
1 241 155 9 9 
1 263 153 8 9 
1 242 171 10 13 
1 265 186 10 6 
1 282 170 6 8 
1 248 184 5 7 
1 248 197 6 9 
1 280 207 7 8 
1 241 244 16 16 
1 224 262 9 10 
1 422 126 11 12 
1 466 145 15 16 
1 440 239 16 16 
1 420 181 35 33 
1 408 234 12 10 
1 421 284 27 29 
1 412 315 15 16 
1 407 328 12 13 
1 0 0 0 0 
1 448 342 15 17 
1 457 371 12 14 
1 486 345 30 31 
1 481 316 10 9 
1 578 291 22 24 
1 542 286 21 23 
1 536 233 18 19 
1 537 164 18 21 
1 516 172 16 14 
1 501 202 23 25 
1 572 26 8 9 
1 585 34 6 8 
1 568 2 7 6 
1 578 68 8 9 
1 489 28 10 10 
1 451 51 7 8 
1 448 62 11 12 
1 450 163 9 10 
1 429 109 10 10 
1 434 94 8 9 
1 509 284 9 10 
