1 39 317 32 32 
1 444 372 57 28 
1 120 356 29 29 
1 577 329 23 30 
1 575 297 15 15 
1 587 89 13 18 
1 290 358 15 15 
1 252 83 27 27 
1 222 69 21 23 
1 95 56 23 28 
1 70 220 23 25 
1 110 292 28 23 
1 57 277 23 22 
1 98 270 20 22 
1 158 115 28 20 
1 100 141 19 19 
1 84 88 19 17 
1 50 102 13 16 
1 31 120 15 15 
1 322 34 30 24 
1 400 82 17 16 
1 360 123 17 17 
1 40 312 41 40 
1 0 174 17 11 
1 53 135 15 14 
1 131 66 16 16 
1 182 23 23 17 
1 195 52 13 15 
1 261 127 30 24 
1 270 111 20 17 
1 198 184 14 13 
1 205 238 16 14 
1 244 210 14 14 
1 245 224 16 16 
1 175 250 14 14 
1 128 324 17 18 
1 210 283 15 14 
1 171 320 21 20 
1 166 348 19 17 
1 96 8 14 16 
1 366 41 16 15 
1 340 110 26 28 
1 454 79 24 26 
1 439 17 14 13 
1 495 12 18 20 
1 473 3 17 17 
1 396 132 22 18 
1 397 158 16 17 
1 420 173 19 15 
1 298 269 17 17 
1 464 232 14 10 
1 541 175 20 21 
1 566 163 21 29 
1 548 84 18 21 
1 545 44 19 20 
1 552 56 16 15 
1 459 47 15 14 
1 495 60 20 19 
1 478 76 23 32 
1 569 52 19 23 
1 542 231 20 19 
1 408 326 17 15 
1 387 206 13 13 
1 512 260 20 18 
1 439 273 17 16 
1 479 312 14 15 
1 561 342 23 19 
1 562 323 13 16 
1 548 325 15 15 
1 526 329 11 12 
1 222 154 17 15 
1 346 183 13 12 
1 379 172 19 17 
1 291 218 19 18 
1 125 16 14 13 
1 261 35 19 14 
