1 223 331 64 64 
1 297 198 29 29 
1 144 259 27 27 
1 513 203 35 35 
1 445 168 25 26 
1 344 307 42 42 
1 295 192 40 39 
1 443 164 31 33 
1 33 206 29 29 
1 161 217 26 26 
1 145 254 36 36 
1 350 296 18 19 
1 451 100 28 28 
1 266 15 23 23 
1 250 16 20 20 
1 231 35 18 18 
1 77 61 22 22 
1 59 56 22 22 
1 3 189 20 20 
1 10 299 18 19 
1 22 0 27 19 
1 245 192 15 15 
1 444 41 23 22 
1 17 260 19 20 
1 132 311 14 14 
1 304 301 16 16 
1 462 259 20 19 
1 420 274 23 23 
1 348 275 16 16 
1 316 258 14 14 
1 315 276 15 15 
1 389 243 13 14 
1 376 248 20 19 
1 388 132 17 18 
1 170 287 17 17 
1 276 96 15 15 
1 237 115 12 12 
1 201 107 14 14 
1 129 179 13 14 
1 44 306 16 16 
1 17 343 19 17 
1 108 70 16 15 
1 383 46 18 19 
1 394 82 17 19 
1 500 106 20 21 
1 540 3 23 21 
1 459 7 22 27 
1 438 230 19 18 
1 418 230 17 17 
1 517 307 18 18 
1 425 342 20 19 
1 98 107 16 16 
1 221 9 20 21 
1 340 86 15 15 
1 187 171 17 17 
1 197 0 18 14 
1 91 35 14 14 
1 406 156 13 13 
1 480 23 18 18 
1 491 86 20 20 
1 502 239 17 20 
1 339 207 20 20 
1 280 339 17 17 
1 522 151 18 20 
1 566 240 21 23 
1 541 123 15 15 
1 297 120 14 13 
1 386 10 15 14 
1 319 82 13 15 
1 199 334 21 21 
1 158 29 15 18 
1 35 135 16 17 
1 507 29 13 15 
1 462 64 19 20 
1 426 100 18 18 
1 527 92 17 17 
1 187 278 29 26 
1 222 263 15 15 
1 324 12 17 17 
1 466 318 21 21 
1 480 324 24 24 
1 498 333 17 16 
1 324 35 14 15 
1 139 188 17 17 
1 141 108 16 16 
1 196 195 13 13 
1 494 57 14 14 
1 543 143 25 25 
1 277 312 15 15 
1 186 121 12 12 
1 145 30 14 14 
1 265 191 26 26 
1 208 148 21 23 
1 138 241 19 18 
1 521 60 14 14 
1 58 292 17 17 
1 68 349 18 14 
1 0 88 11 16 
1 353 87 16 14 
1 369 154 15 16 
1 165 96 14 14 
1 256 324 16 16 
