1 51 48 36 36 
1 46 351 26 22 
1 326 386 15 14 
1 280 367 17 16 
1 299 17 35 33 
1 126 152 29 31 
1 110 174 23 20 
1 24 167 25 27 
1 17 234 24 27 
1 0 197 23 23 
1 1 324 17 21 
1 509 292 30 28 
1 433 225 21 19 
1 394 210 24 27 
1 348 193 21 21 
1 383 128 21 22 
1 433 144 28 20 
1 453 127 22 25 
1 19 2 19 19 
1 103 11 19 17 
1 146 18 20 14 
1 147 0 24 18 
1 248 72 47 40 
1 337 71 22 16 
1 342 52 17 20 
1 361 56 16 17 
1 389 52 18 17 
1 444 1 16 17 
1 187 295 19 21 
1 295 262 16 12 
1 329 289 18 17 
1 9 93 15 20 
1 3 53 13 15 
1 37 58 17 13 
1 62 26 11 15 
1 123 69 15 12 
1 117 103 13 18 
1 76 137 13 13 
1 115 234 24 21 
1 72 293 19 18 
1 129 300 17 13 
1 85 238 15 17 
1 60 226 14 12 
1 67 192 17 13 
1 211 48 15 11 
1 224 4 18 17 
1 228 14 17 16 
1 284 151 15 16 
1 366 245 36 30 
1 289 198 17 11 
1 263 215 15 17 
1 268 268 18 14 
1 246 165 12 12 
1 548 2 16 18 
1 553 154 22 21 
1 532 203 25 24 
1 412 325 16 13 
1 408 316 14 14 
1 380 160 25 24 
1 310 54 13 16 
1 430 35 20 20 
1 430 47 19 15 
1 489 60 20 15 
1 537 37 31 27 
1 554 19 18 18 
1 569 59 14 13 
1 572 0 14 14 
1 523 85 23 23 
1 267 181 14 16 
1 17 121 33 37 
1 73 98 15 15 
1 262 13 16 17 
1 496 91 18 18 
1 489 293 22 23 
1 268 143 15 13 
1 149 249 15 18 
1 340 21 17 16 
1 0 169 19 19 
