1 198 63 80 79 
1 303 131 23 25 
1 202 77 56 52 
1 369 90 21 20 
1 182 215 40 41 
1 294 245 25 29 
1 276 275 22 23 
1 329 316 24 24 
1 368 254 13 17 
1 354 286 13 13 
1 395 132 29 26 
1 346 149 20 15 
1 325 162 21 19 
1 293 166 27 24 
1 550 101 26 27 
1 543 46 15 16 
1 521 81 11 14 
1 539 139 14 16 
1 453 131 13 10 
1 430 89 15 13 
1 440 121 11 11 
1 446 145 8 7 
1 388 180 18 16 
1 413 176 13 11 
1 108 6 22 17 
1 31 120 24 24 
1 7 152 17 18 
1 9 201 21 25 
1 84 214 18 19 
1 16 289 20 18 
1 154 269 16 14 
1 240 254 18 18 
1 235 228 15 16 
1 227 213 11 15 
1 251 167 19 20 
1 244 136 13 12 
1 202 49 12 13 
1 227 63 16 12 
1 305 8 17 16 
1 293 5 17 16 
1 483 91 10 11 
1 405 27 15 16 
1 365 45 8 11 
1 376 55 14 15 
1 384 47 9 11 
1 568 230 13 14 
1 545 298 22 22 
1 477 291 18 15 
1 511 337 21 24 
1 388 340 35 23 
1 381 342 14 14 
1 367 337 12 11 
1 371 300 14 12 
1 364 319 19 15 
1 430 334 11 13 
1 440 332 12 12 
1 455 251 12 10 
1 485 266 12 11 
1 527 263 14 10 
1 536 198 17 12 
1 563 198 13 11 
1 277 226 18 17 
1 359 23 16 13 
1 302 37 14 16 
1 324 73 14 12 
1 329 102 17 21 
1 330 31 9 11 
1 319 250 15 13 
1 320 271 12 12 
1 336 272 10 9 
1 339 281 9 12 
1 324 308 11 13 
1 279 349 25 16 
1 341 297 12 13 
1 419 9 10 12 
1 117 20 15 15 
1 125 33 10 11 
1 135 14 10 13 
1 136 64 14 13 
