1 228 117 118 118 
1 91 91 123 123 
1 0 90 63 66 
1 339 355 26 26 
1 408 139 33 32 
1 413 92 27 26 
1 18 241 29 29 
1 560 166 34 34 
1 79 317 53 53 
1 413 87 30 28 
1 434 66 25 22 
1 244 128 115 114 
1 402 134 47 46 
1 4 89 65 67 
1 96 90 122 130 
1 165 178 26 28 
1 168 97 29 28 
1 99 46 19 21 
1 89 9 20 17 
1 28 19 26 18 
1 13 0 23 16 
1 202 6 89 66 
1 66 314 56 50 
1 220 333 28 27 
1 274 326 20 17 
1 398 286 21 23 
1 412 333 20 24 
1 386 343 15 15 
1 459 337 14 15 
1 362 305 15 18 
1 384 264 14 16 
1 386 197 18 21 
1 369 108 17 18 
1 385 108 17 17 
1 372 91 12 13 
1 389 91 11 10 
1 418 24 15 16 
1 373 48 12 15 
1 265 73 18 14 
1 257 60 15 14 
1 207 68 18 17 
1 130 48 18 21 
1 76 120 13 13 
1 21 147 21 20 
1 57 161 20 11 
1 46 137 12 11 
1 69 196 16 18 
1 27 196 20 22 
1 16 240 23 26 
1 39 274 35 29 
1 98 271 20 17 
1 140 242 17 18 
1 167 230 13 16 
1 184 230 14 20 
1 185 257 16 17 
1 169 325 15 18 
1 211 310 23 21 
1 308 229 15 13 
1 543 43 17 18 
1 550 165 13 15 
1 457 39 13 14 
1 261 102 19 17 
1 210 133 17 18 
1 482 330 17 18 
1 426 252 18 12 
1 406 240 20 18 
1 351 239 15 12 
1 290 43 11 12 
1 300 62 11 15 
1 340 15 11 11 
1 409 1 17 10 
1 484 14 16 11 
1 498 292 13 14 
1 429 216 15 14 
1 480 179 18 17 
1 460 124 14 13 
1 548 1 17 14 
1 545 97 19 20 
