1 26 117 46 46 
1 572 235 25 25 
1 391 201 80 80 
1 293 291 65 66 
1 374 130 47 48 
1 8 18 8 11 
1 4 0 6 6 
1 18 49 8 9 
1 28 45 11 11 
1 2 61 11 11 
1 9 80 8 10 
1 25 89 9 7 
1 17 143 9 8 
1 12 170 12 11 
1 1 187 10 12 
1 12 214 9 9 
1 54 160 8 9 
1 27 115 46 48 
1 63 164 8 10 
1 63 180 10 14 
1 48 188 9 15 
1 39 193 9 8 
1 57 207 15 18 
1 82 224 12 9 
1 66 229 7 8 
1 1 254 11 10 
1 5 268 8 9 
1 44 264 9 6 
1 36 277 12 13 
1 48 282 8 9 
1 3 299 12 15 
1 28 296 7 8 
1 47 308 8 8 
1 23 321 8 9 
1 66 336 8 9 
1 73 323 8 8 
1 59 321 9 8 
1 122 335 13 12 
1 88 297 13 15 
1 107 308 8 9 
1 101 281 10 11 
1 111 288 6 7 
1 110 241 20 19 
1 136 183 12 14 
1 88 157 10 12 
1 103 125 14 11 
1 82 55 9 10 
1 65 15 15 16 
1 87 10 7 11 
1 101 13 7 12 
1 74 43 11 11 
1 124 28 19 17 
1 105 48 14 19 
1 124 47 8 8 
1 132 102 7 7 
1 153 124 17 20 
1 168 142 10 11 
1 172 128 11 12 
1 212 283 11 11 
1 250 340 16 15 
1 253 289 11 12 
1 228 255 12 13 
1 248 247 13 21 
1 110 95 7 8 
1 121 93 8 9 
1 157 174 9 9 
1 144 173 9 8 
1 122 0 17 13 
1 111 2 6 11 
1 140 56 8 10 
1 155 97 7 8 
1 199 135 9 11 
1 169 65 9 10 
1 180 68 10 10 
1 193 82 10 12 
1 211 85 8 11 
1 225 136 13 11 
1 233 148 8 9 
1 91 349 8 8 
1 141 252 6 10 
1 148 249 8 10 
1 187 219 9 10 
1 203 193 11 13 
1 199 168 9 11 
1 222 184 8 10 
1 231 171 16 18 
1 241 201 13 12 
1 238 217 12 16 
1 266 210 10 9 
1 257 219 25 24 
1 277 237 11 10 
1 268 241 12 13 
1 282 254 8 11 
1 197 309 8 9 
1 234 97 9 9 
1 181 25 9 9 
1 191 19 7 8 
1 200 14 8 6 
1 212 9 8 10 
1 220 1 8 8 
1 236 15 10 11 
1 244 26 17 14 
1 230 38 10 11 
1 223 30 10 10 
1 208 38 10 14 
1 257 62 10 11 
1 273 55 15 17 
1 277 82 11 9 
1 285 83 8 10 
1 279 101 9 10 
1 271 112 15 14 
1 270 143 17 15 
1 269 159 24 23 
1 277 181 9 9 
1 294 199 6 10 
1 301 196 12 13 
1 307 189 7 8 
1 253 9 10 11 
1 298 33 12 12 
1 357 0 11 10 
1 388 9 15 15 
1 426 3 14 19 
1 494 4 17 16 
1 554 4 15 15 
1 500 23 6 7 
1 508 25 6 8 
1 491 24 10 13 
1 408 51 13 10 
1 411 66 6 8 
1 448 80 10 10 
1 300 270 9 10 
1 303 280 8 10 
1 307 301 12 10 
1 316 318 10 10 
1 364 296 9 10 
1 370 292 10 11 
1 375 276 13 13 
1 357 267 9 11 
1 326 242 10 10 
1 386 231 14 14 
1 417 252 12 16 
1 431 270 11 11 
1 414 286 9 10 
1 400 278 7 8 
1 382 262 8 10 
1 395 257 6 9 
1 356 211 8 10 
1 387 174 8 11 
1 416 175 10 12 
1 412 165 6 9 
1 427 157 7 7 
1 435 156 12 15 
1 453 161 10 12 
1 454 179 6 9 
1 400 197 11 11 
1 409 333 9 11 
1 453 310 10 11 
1 520 276 9 8 
1 572 330 16 27 
1 558 354 11 8 
1 516 257 8 8 
1 530 211 16 13 
1 570 232 19 27 
1 573 272 8 9 
1 570 204 11 14 
1 545 183 9 10 
1 495 178 11 13 
1 505 172 10 12 
1 528 168 10 12 
1 541 161 11 12 
1 543 132 11 11 
1 573 118 13 12 
1 562 138 6 8 
1 502 145 10 13 
1 533 86 13 17 
1 541 80 11 11 
1 544 65 6 7 
1 547 63 18 19 
1 548 35 9 10 
1 543 41 9 9 
1 525 15 10 9 
1 506 44 10 9 
1 519 47 8 11 
1 452 34 7 8 
1 471 73 8 9 
1 157 44 7 8 
1 163 41 8 8 
1 177 49 6 7 
1 147 107 7 9 
1 310 82 7 7 
1 410 78 8 10 
1 376 73 7 8 
1 361 69 7 7 
1 295 7 7 7 
1 487 164 9 8 
1 141 376 14 13 
1 147 388 11 10 
1 0 0 0 0 
1 150 357 24 25 
1 163 342 26 24 
1 208 365 12 12 
1 229 383 12 10 
1 415 358 14 15 
1 392 383 9 10 
1 544 204 11 14 
1 588 109 12 17 
