1 553 192 35 35 
1 433 287 26 26 
1 333 289 27 27 
1 0 5 38 50 
1 213 0 39 23 
1 0 4 50 56 
1 66 228 26 25 
1 269 273 19 19 
1 331 284 38 38 
1 432 283 32 32 
1 432 118 25 25 
1 197 104 27 27 
1 33 134 22 23 
1 7 65 22 23 
1 269 37 21 20 
1 86 1 22 21 
1 30 100 22 21 
1 63 99 17 19 
1 84 121 19 19 
1 102 58 19 19 
1 101 79 15 15 
1 125 101 21 21 
1 117 95 14 14 
1 128 144 19 19 
1 48 221 13 13 
1 295 106 23 22 
1 220 141 21 21 
1 212 73 20 21 
1 212 0 39 27 
1 167 59 16 16 
1 189 44 14 14 
1 173 41 13 13 
1 71 305 15 15 
1 365 128 15 14 
1 379 128 17 15 
1 470 262 30 30 
1 487 195 33 34 
1 550 189 34 43 
1 513 66 22 24 
1 539 124 29 30 
1 548 98 29 28 
1 336 215 20 19 
1 347 241 22 23 
1 348 60 18 18 
1 311 15 16 16 
1 447 27 22 21 
1 127 302 12 13 
1 156 159 16 16 
1 357 163 17 18 
1 465 142 23 25 
1 497 157 22 22 
1 567 50 18 23 
1 557 12 17 20 
1 182 173 15 15 
1 258 240 15 15 
1 419 98 13 13 
1 379 274 15 16 
1 286 165 14 14 
1 534 255 17 17 
