1 201 265 50 50 
1 121 258 41 40 
1 429 0 26 23 
1 493 137 27 27 
1 305 12 39 38 
1 532 265 25 26 
1 202 265 45 41 
1 189 260 19 16 
1 122 258 44 41 
1 80 271 22 19 
1 87 223 19 22 
1 61 226 18 17 
1 51 246 30 22 
1 17 241 18 19 
1 31 217 19 19 
1 121 168 19 20 
1 194 143 28 16 
1 309 82 32 31 
1 284 95 28 23 
1 258 70 25 20 
1 143 26 26 27 
1 145 66 18 15 
1 127 94 21 21 
1 290 220 18 12 
1 439 218 20 23 
1 529 261 33 34 
1 381 333 38 29 
1 222 343 29 16 
1 307 20 38 29 
1 379 23 18 19 
1 423 2 36 22 
1 378 69 24 19 
1 390 111 18 14 
1 462 145 23 24 
1 488 132 33 27 
1 520 88 26 23 
1 563 188 15 15 
1 433 297 21 25 
1 485 199 21 21 
1 523 6 19 18 
1 382 102 16 13 
1 1 1 147 118 
1 512 325 15 14 
1 355 170 21 23 
1 268 147 19 18 
1 179 27 18 18 
1 160 6 25 21 
1 423 32 20 17 
1 532 32 16 15 
1 440 104 19 16 
1 389 180 16 18 
1 443 201 12 11 
1 502 240 13 12 
1 429 345 13 15 
1 92 322 22 21 
1 37 342 12 11 
1 243 32 13 13 
1 251 45 12 12 
1 476 60 17 16 
1 468 17 13 13 
1 542 149 16 16 
1 517 198 16 11 
1 366 257 17 14 
1 305 238 13 13 
1 342 241 18 16 
1 233 240 15 14 
1 160 248 18 16 
1 126 231 16 16 
1 184 176 21 25 
1 181 340 17 13 
1 162 320 14 11 
1 182 315 16 12 
1 207 322 16 14 
1 217 307 15 10 
1 269 303 13 16 
1 314 285 15 13 
1 419 266 13 10 
1 8 254 9 12 
1 46 320 12 9 
1 178 299 10 11 
1 528 213 10 11 
1 428 149 14 12 
1 457 176 12 12 
1 466 84 10 11 
1 563 233 11 13 
1 366 347 10 12 
1 464 334 18 15 
