1 256 0 41 23 
1 471 178 30 29 
1 496 266 28 28 
1 439 313 30 30 
1 142 201 38 38 
1 467 176 37 31 
1 445 139 26 31 
1 464 98 15 18 
1 483 99 18 20 
1 442 313 29 26 
1 435 346 29 33 
1 550 249 19 19 
1 536 271 22 23 
1 176 325 26 23 
1 165 370 23 21 
1 283 290 23 25 
1 269 360 18 20 
1 289 341 23 25 
1 307 360 25 26 
1 322 305 19 25 
1 341 299 17 21 
1 313 242 21 20 
1 277 198 22 21 
1 182 234 19 18 
1 198 247 22 22 
1 225 220 17 19 
1 249 247 11 17 
1 252 301 18 18 
1 100 282 19 21 
1 106 313 14 14 
1 40 298 20 22 
1 45 338 13 18 
1 61 335 16 19 
1 123 234 18 24 
1 149 167 16 23 
1 168 161 16 17 
1 40 98 22 22 
1 75 25 25 22 
1 154 65 19 19 
1 214 38 18 19 
1 196 11 19 21 
1 135 0 13 16 
1 124 41 14 10 
1 138 46 10 14 
1 216 85 12 9 
1 125 141 12 17 
1 82 134 13 14 
1 88 205 16 16 
1 49 231 13 13 
1 205 181 12 14 
1 287 256 14 17 
1 267 264 14 14 
1 216 382 16 17 
1 332 137 13 14 
1 395 106 15 16 
1 389 124 13 13 
1 385 136 15 19 
1 403 60 17 17 
1 401 87 21 24 
1 552 154 14 18 
1 533 168 15 15 
1 555 220 18 16 
1 563 199 7 8 
1 585 213 12 12 
1 184 70 10 12 
1 168 23 13 14 
1 152 34 13 10 
1 173 206 18 17 
1 149 286 21 18 
1 148 333 13 15 
1 195 297 13 13 
1 197 311 11 12 
1 245 172 16 12 
1 221 199 10 15 
1 237 128 12 15 
1 118 121 16 13 
1 121 102 14 15 
1 272 73 18 16 
1 251 51 15 14 
1 266 382 9 11 
1 282 389 9 11 
1 488 379 10 14 
1 507 390 9 10 
1 555 364 9 15 
1 570 293 14 15 
1 126 386 12 13 
1 62 181 14 14 
1 55 0 11 14 
1 0 22 13 11 
1 309 56 16 18 
1 339 96 16 19 
1 368 112 17 23 
1 357 277 16 16 
1 308 292 14 16 
1 301 107 13 9 
1 165 123 12 11 
1 250 0 53 28 
1 361 23 10 14 
1 372 24 11 13 
1 472 12 12 14 
1 284 169 22 25 
1 515 303 22 18 
1 72 214 10 9 
1 88 243 14 10 
1 38 169 17 13 
1 33 51 14 14 
1 191 266 17 14 
1 221 129 12 14 
1 91 87 18 16 
1 179 142 11 11 
1 394 331 15 17 
