1 222 179 30 29 
1 518 37 37 37 
1 483 11 32 32 
1 176 0 28 28 
1 287 249 51 51 
1 443 207 56 55 
1 514 36 46 45 
1 479 6 48 45 
1 549 83 13 14 
1 527 95 18 19 
1 535 79 16 18 
1 446 23 18 18 
1 431 11 16 18 
1 400 30 15 15 
1 386 59 12 13 
1 384 80 19 18 
1 358 73 17 18 
1 352 48 15 16 
1 340 36 20 19 
1 303 28 12 13 
1 272 28 18 18 
1 270 40 10 11 
1 263 47 13 14 
1 253 10 13 13 
1 238 1 15 13 
1 221 24 11 12 
1 194 25 19 22 
1 169 1 37 36 
1 157 15 15 15 
1 146 52 19 19 
1 136 62 14 16 
1 136 39 11 12 
1 126 41 11 12 
1 110 26 11 12 
1 103 78 18 20 
1 108 69 15 15 
1 54 14 13 12 
1 43 13 12 13 
1 29 17 10 8 
1 21 16 9 10 
1 23 4 8 10 
1 31 9 7 8 
1 16 62 21 22 
1 7 70 16 19 
1 24 86 21 20 
1 45 105 12 12 
1 55 127 22 22 
1 79 129 17 18 
1 97 152 9 10 
1 81 173 17 15 
1 221 175 36 38 
1 267 185 20 22 
1 277 164 24 26 
1 271 263 19 18 
1 272 242 14 15 
1 289 247 59 59 
1 319 242 14 15 
1 329 232 11 14 
1 371 283 23 24 
1 372 252 25 24 
1 364 229 19 19 
1 405 360 26 23 
1 397 352 17 18 
1 389 341 14 16 
1 383 368 15 13 
1 395 373 14 15 
1 371 339 11 13 
1 370 351 12 12 
1 284 342 17 16 
1 248 331 15 14 
1 119 378 44 26 
1 50 277 19 19 
1 470 196 32 30 
1 452 216 37 36 
1 508 226 16 19 
1 561 285 16 17 
1 551 283 15 14 
1 531 261 15 16 
1 519 282 17 16 
1 531 284 11 13 
1 498 361 19 19 
1 490 353 10 13 
1 579 386 20 18 
1 453 351 17 18 
1 408 360 24 25 
1 398 352 16 16 
1 389 340 13 17 
1 393 373 16 15 
1 384 368 13 13 
1 354 386 26 16 
1 575 345 25 30 
1 415 294 36 35 
1 459 335 16 15 
1 456 295 14 16 
1 505 264 13 14 
1 495 274 13 13 
1 473 252 18 19 
1 530 174 11 13 
1 591 200 9 14 
1 535 136 10 12 
1 540 144 11 11 
1 489 123 15 14 
1 495 104 9 9 
1 469 85 11 13 
1 434 149 22 23 
1 418 137 16 18 
1 400 171 13 13 
1 404 148 13 15 
1 426 248 17 19 
1 293 105 17 17 
1 322 97 14 14 
1 351 157 18 17 
1 316 131 11 12 
1 316 142 9 10 
1 355 123 13 12 
1 235 95 14 14 
1 210 113 13 12 
1 211 86 25 27 
1 171 87 17 18 
1 172 107 14 14 
1 168 119 11 11 
1 135 90 14 15 
1 123 113 16 16 
1 159 164 15 15 
1 187 181 12 12 
1 160 199 14 16 
1 142 193 17 18 
1 185 293 14 15 
1 232 292 9 9 
1 250 343 9 10 
1 108 274 12 12 
1 98 313 11 11 
1 53 374 11 11 
1 16 314 12 14 
1 14 272 11 11 
1 9 252 13 14 
1 21 228 10 10 
1 23 240 10 12 
1 11 230 11 12 
1 75 43 12 13 
1 59 48 12 11 
1 304 9 10 10 
1 320 0 17 8 
1 536 376 13 13 
1 553 390 12 11 
1 546 358 12 13 
1 581 99 10 11 
1 481 178 14 15 
1 461 145 15 15 
1 467 165 12 12 
1 447 99 10 10 
1 455 111 9 8 
1 434 119 8 8 
1 381 121 11 11 
1 377 115 9 11 
1 361 138 9 10 
1 352 141 9 9 
1 347 126 9 11 
1 359 112 9 11 
1 345 104 9 11 
1 330 170 14 15 
1 269 134 11 12 
1 267 104 9 9 
1 289 65 10 11 
1 332 68 13 14 
1 206 171 13 12 
1 214 196 10 10 
1 185 225 9 10 
1 94 214 13 13 
1 277 301 12 11 
1 301 318 11 13 
1 186 359 15 14 
1 431 389 12 10 
1 443 378 8 9 
1 487 368 9 9 
1 467 374 10 10 
1 395 316 14 15 
1 364 276 13 12 
1 438 202 10 10 
1 191 120 17 18 
1 143 221 12 12 
1 133 240 14 14 
1 152 254 15 15 
1 170 295 10 9 
1 131 340 7 8 
1 261 318 10 12 
1 267 287 9 11 
1 567 316 12 14 
1 581 270 10 10 
1 431 227 14 12 
1 445 222 12 12 
1 459 203 14 15 
1 539 38 12 14 
1 495 64 14 15 
1 422 42 9 10 
1 418 60 10 11 
1 410 15 12 13 
1 409 0 14 14 
1 279 6 15 15 
1 172 18 10 11 
1 75 1 75 12 
1 323 82 46 43 
1 326 118 34 36 
1 367 124 33 33 
1 375 169 24 23 
1 384 159 16 16 
1 417 204 16 17 
1 562 232 11 12 
1 548 187 9 8 
1 577 144 14 13 
1 567 151 15 13 
1 574 159 10 11 
1 592 322 8 10 
1 323 338 23 27 
1 59 253 18 18 
1 43 257 11 11 
1 52 99 11 11 
1 182 77 29 32 
1 370 24 10 10 
1 373 3 8 7 
1 526 3 12 11 
1 268 216 16 17 
1 299 235 16 16 
1 406 133 12 11 
1 255 96 10 12 
1 411 1 11 11 
