1 236 104 101 102 
1 4 331 50 51 
1 273 302 37 37 
1 495 109 45 45 
1 119 164 28 28 
1 201 95 34 33 
1 209 9 42 42 
1 94 0 74 46 
1 489 50 31 29 
1 542 46 26 27 
1 540 117 21 25 
1 551 100 20 25 
1 568 68 15 17 
1 4 328 46 53 
1 5 244 19 22 
1 42 262 24 23 
1 116 162 31 28 
1 191 301 22 20 
1 249 120 83 76 
1 203 6 49 48 
1 76 0 102 37 
1 81 73 25 25 
1 34 48 21 21 
1 488 110 45 47 
1 519 280 23 20 
1 446 255 21 19 
1 480 236 17 20 
1 525 182 12 15 
1 269 297 40 43 
1 198 94 35 33 
1 317 12 25 23 
1 333 101 19 19 
1 337 136 15 15 
1 381 124 15 14 
1 366 118 11 12 
1 374 139 12 19 
1 389 141 17 16 
1 410 134 18 18 
1 405 110 18 19 
1 164 173 26 27 
1 136 131 21 22 
1 113 131 24 26 
1 19 89 18 19 
1 41 108 15 17 
1 79 127 21 22 
1 235 344 26 23 
1 228 293 21 24 
1 90 376 21 20 
1 187 273 20 20 
1 223 211 17 22 
1 249 214 16 15 
1 258 244 15 12 
1 249 231 16 12 
1 226 238 15 15 
1 29 195 19 21 
1 59 221 17 14 
1 40 227 13 13 
1 109 258 13 13 
1 133 269 16 15 
1 142 306 16 14 
1 170 348 11 13 
1 172 371 12 11 
1 191 337 10 13 
1 197 345 12 11 
1 206 340 11 10 
1 549 367 15 15 
1 369 347 14 15 
1 340 384 12 11 
1 123 225 13 12 
1 106 229 12 11 
1 375 67 12 12 
1 402 94 10 13 
1 442 49 14 12 
1 436 88 13 14 
1 440 112 13 13 
1 475 142 14 13 
1 520 246 12 15 
1 41 0 18 10 
1 411 367 14 14 
1 257 313 11 16 
1 130 201 17 14 
1 67 164 14 17 
1 442 140 10 11 
1 14 146 12 11 
1 190 20 10 13 
1 342 367 11 10 
1 462 225 16 16 
1 269 218 12 12 
1 262 205 14 13 
1 276 195 17 14 
1 356 321 12 13 
1 341 311 12 13 
1 267 23 16 15 
1 251 45 13 15 
1 370 221 16 14 
1 301 229 15 12 
1 328 256 12 14 
1 317 258 13 11 
1 500 244 12 12 
1 504 270 11 13 
1 581 322 17 19 
1 581 293 11 16 
1 549 230 11 12 
1 543 254 11 12 
1 565 126 20 17 
1 538 102 62 187 
1 339 69 18 19 
1 396 33 16 12 
1 431 27 9 11 
1 441 15 14 11 
1 508 15 22 19 
1 537 21 21 15 
1 533 36 13 12 
1 526 46 12 13 
1 466 84 9 12 
1 471 72 11 10 
1 462 101 19 20 
1 150 77 17 20 
1 58 7 13 16 
1 170 80 12 17 
1 163 331 17 12 
1 153 343 14 14 
1 373 7 20 20 
1 580 43 16 14 
1 572 31 14 12 
1 483 380 19 20 
1 314 70 21 18 
1 385 312 12 11 
1 476 202 19 19 
1 148 163 17 13 
1 256 96 17 14 
1 345 30 18 20 
