1 391 176 28 29 
1 447 35 38 38 
1 486 62 26 26 
1 358 355 26 26 
1 138 275 63 63 
1 56 337 34 34 
1 81 83 38 39 
1 195 6 30 30 
1 148 11 29 29 
1 122 97 25 26 
1 225 339 30 30 
1 457 120 30 30 
1 10 0 9 9 
1 22 4 9 8 
1 12 11 6 9 
1 30 85 7 8 
1 12 105 8 9 
1 24 123 8 9 
1 26 135 9 17 
1 24 155 11 13 
1 20 167 11 14 
1 20 214 8 10 
1 35 199 5 8 
1 20 328 8 11 
1 43 4 7 9 
1 68 8 6 7 
1 76 11 6 7 
1 95 12 7 7 
1 112 21 5 8 
1 116 31 6 7 
1 83 24 6 6 
1 76 11 5 7 
1 54 53 5 5 
1 38 28 10 10 
1 44 3 7 9 
1 69 9 6 6 
1 75 10 7 9 
1 81 22 7 10 
1 56 97 8 10 
1 68 103 8 12 
1 80 84 30 31 
1 87 116 12 12 
1 87 113 16 17 
1 61 118 8 10 
1 65 125 7 10 
1 103 137 7 9 
1 111 147 8 10 
1 94 147 6 7 
1 77 146 12 12 
1 68 144 9 11 
1 58 97 6 8 
1 38 28 9 10 
1 40 130 7 9 
1 46 146 8 8 
1 49 151 12 12 
1 68 146 7 7 
1 77 146 10 11 
1 42 245 7 9 
1 58 172 14 19 
1 89 166 3 8 
1 97 177 8 12 
1 111 148 7 10 
1 102 137 7 9 
1 79 238 7 9 
1 90 231 8 8 
1 43 244 8 10 
1 52 247 11 13 
1 64 262 10 9 
1 87 268 6 6 
1 104 288 9 11 
1 87 318 18 14 
1 44 316 16 16 
1 54 340 33 28 
1 86 355 12 13 
1 96 11 5 7 
1 110 9 10 11 
1 120 0 14 12 
1 170 1 9 9 
1 145 14 23 23 
1 110 21 8 7 
1 115 31 6 8 
1 119 32 7 8 
1 129 35 8 10 
1 141 38 13 10 
1 79 86 29 45 
1 129 86 13 14 
1 119 98 18 19 
1 175 76 6 10 
1 169 102 11 14 
1 149 92 5 8 
1 136 124 10 11 
1 118 123 11 8 
1 102 137 11 9 
1 160 127 10 11 
1 149 146 7 7 
1 163 151 11 11 
1 110 150 8 7 
1 119 167 9 12 
1 118 177 8 11 
1 127 179 11 10 
1 139 174 11 9 
1 148 146 6 10 
1 162 151 11 13 
1 160 170 11 12 
1 170 178 9 11 
1 140 193 8 10 
1 142 174 7 10 
1 155 214 9 10 
1 172 215 7 9 
1 164 224 8 10 
1 80 239 8 10 
1 124 245 10 8 
1 142 254 9 7 
1 139 268 9 10 
1 105 288 8 11 
1 89 318 14 14 
1 134 278 49 57 
1 150 11 17 26 
1 196 11 18 21 
1 220 19 10 12 
1 226 13 7 8 
1 237 14 10 11 
1 237 31 7 8 
1 214 30 8 9 
1 228 50 7 8 
1 228 55 9 11 
1 210 57 9 10 
1 215 73 15 13 
1 174 75 8 10 
1 175 84 7 7 
1 170 80 7 8 
1 167 89 9 9 
1 167 101 16 15 
1 197 98 12 12 
1 220 94 9 10 
1 229 109 8 12 
1 212 126 11 9 
1 166 123 15 12 
1 160 127 10 12 
1 183 127 7 7 
1 154 137 8 9 
1 148 146 7 8 
1 178 140 13 15 
1 162 153 11 9 
1 187 164 11 14 
1 168 178 12 11 
1 163 173 8 10 
1 213 181 10 9 
1 223 189 11 13 
1 209 189 11 11 
1 158 216 8 9 
1 171 216 7 8 
1 185 222 6 5 
1 196 210 6 5 
1 198 214 10 6 
1 201 230 4 8 
1 206 236 9 9 
1 216 236 10 12 
1 186 241 8 8 
1 187 253 8 8 
1 188 347 12 13 
1 184 363 12 12 
1 191 384 14 12 
1 221 346 8 10 
1 222 186 12 15 
1 222 20 7 8 
1 227 12 6 7 
1 238 16 8 10 
1 230 22 6 7 
1 230 57 7 9 
1 228 50 5 8 
1 240 61 7 9 
1 212 59 7 7 
1 250 58 8 6 
1 247 67 6 7 
1 217 74 8 11 
1 255 92 10 10 
1 238 105 7 8 
1 228 112 9 9 
1 225 119 7 8 
1 238 153 9 10 
1 238 162 9 10 
1 245 166 8 8 
1 234 171 6 9 
1 215 183 8 8 
1 222 190 11 11 
1 210 191 6 9 
1 230 195 10 9 
1 234 202 14 14 
1 242 217 6 8 
1 217 236 10 13 
1 239 275 14 19 
1 236 299 12 10 
1 223 332 23 37 
1 238 16 7 11 
1 271 15 9 10 
1 285 5 7 9 
1 279 21 5 8 
1 273 59 10 11 
1 266 64 7 7 
1 249 57 8 8 
1 241 62 8 9 
1 247 66 9 10 
1 254 90 14 12 
1 274 60 8 9 
1 265 65 9 8 
1 301 72 8 9 
1 285 107 7 8 
1 274 104 9 12 
1 278 123 8 11 
1 265 132 13 13 
1 255 141 9 10 
1 237 142 9 10 
1 281 163 12 14 
1 284 180 9 8 
1 275 190 12 13 
1 255 193 9 10 
1 233 200 14 18 
1 241 216 10 11 
1 262 244 14 14 
1 268 230 8 7 
1 260 236 7 9 
1 262 261 13 11 
1 288 259 14 18 
1 277 283 8 9 
1 293 274 10 7 
1 234 301 12 10 
1 278 307 8 11 
1 276 322 6 9 
1 255 353 7 8 
1 280 359 9 12 
1 279 351 6 9 
1 268 366 8 9 
1 249 370 8 9 
1 262 393 11 9 
1 280 386 6 9 
1 269 379 10 10 
1 283 371 10 9 
1 294 0 8 8 
1 347 0 9 5 
1 313 26 6 10 
1 287 16 9 8 
1 285 7 8 10 
1 271 15 9 11 
1 273 58 9 12 
1 285 71 8 8 
1 300 69 11 14 
1 304 82 7 6 
1 330 74 6 8 
1 336 87 5 9 
1 328 96 6 7 
1 337 95 6 10 
1 299 70 12 12 
1 304 81 7 8 
1 296 89 10 13 
1 303 96 11 13 
1 283 80 9 8 
1 287 98 8 10 
1 305 113 6 8 
1 278 124 9 11 
1 319 134 8 12 
1 277 161 15 17 
1 301 168 9 8 
1 333 156 6 8 
1 319 165 12 18 
1 332 171 9 14 
1 334 184 7 10 
1 338 186 17 17 
1 347 207 9 9 
1 329 196 9 10 
1 313 192 12 12 
1 313 192 12 12 
1 306 180 10 9 
1 301 167 8 9 
1 278 164 13 15 
1 276 191 10 12 
1 286 197 9 13 
1 284 217 16 15 
1 302 219 8 11 
1 295 235 8 9 
1 264 244 11 11 
1 262 259 11 13 
1 287 259 16 18 
1 309 269 8 9 
1 343 261 12 13 
1 294 305 15 12 
1 296 321 6 10 
1 305 318 11 14 
1 322 318 7 8 
1 341 308 9 13 
1 317 347 10 12 
1 333 355 10 12 
1 299 363 12 12 
1 281 357 10 12 
1 281 357 10 12 
1 290 354 12 12 
1 381 9 7 10 
1 395 19 7 9 
1 368 20 10 9 
1 354 18 9 10 
1 372 34 7 8 
1 380 33 9 11 
1 394 36 6 7 
1 379 46 17 18 
1 392 62 8 9 
1 398 66 11 11 
1 360 58 9 7 
1 367 79 6 7 
1 393 101 8 8 
1 372 92 7 7 
1 381 143 7 9 
1 395 108 9 8 
1 362 134 7 8 
1 341 161 15 19 
1 331 170 11 16 
1 341 187 13 16 
1 379 143 10 10 
1 387 176 26 27 
1 346 208 8 8 
1 382 218 9 8 
1 396 222 8 9 
1 368 231 8 10 
1 347 208 8 8 
1 344 259 10 14 
1 358 261 12 14 
1 389 254 10 12 
1 406 261 7 9 
1 404 278 10 10 
1 377 286 11 13 
1 342 259 14 16 
1 347 276 10 12 
1 355 280 7 9 
1 365 288 10 9 
1 378 287 8 11 
1 387 299 8 7 
1 407 278 5 9 
1 355 309 9 8 
1 338 308 11 13 
1 340 346 8 9 
1 331 354 11 14 
1 359 355 20 24 
1 411 388 5 6 
1 380 325 6 9 
1 387 299 9 9 
1 392 180 18 22 
1 380 47 14 16 
1 380 7 10 11 
1 430 10 12 13 
1 461 0 11 9 
1 447 38 22 31 
1 451 90 8 8 
1 428 71 11 10 
1 414 85 11 13 
1 422 130 12 11 
1 412 145 11 9 
1 390 179 22 25 
1 471 180 10 14 
1 446 238 11 11 
1 415 198 7 8 
1 425 200 7 9 
1 425 210 8 9 
1 395 222 10 10 
1 432 258 14 18 
1 406 263 9 9 
1 404 280 8 9 
1 417 275 6 7 
1 422 284 8 8 
1 433 299 13 11 
1 439 295 11 13 
1 414 319 9 8 
1 428 313 7 10 
1 440 313 7 7 
1 445 317 7 8 
1 434 323 12 11 
1 454 356 10 12 
1 411 386 10 9 
1 402 350 10 8 
1 430 368 26 30 
1 464 1 7 6 
1 481 2 6 6 
1 469 11 9 11 
1 498 15 8 11 
1 481 24 10 9 
1 498 19 8 8 
1 490 28 14 12 
1 463 28 6 8 
1 451 37 22 29 
1 484 63 17 21 
1 475 62 6 10 
1 468 67 7 6 
1 477 64 6 6 
1 483 62 19 23 
1 470 81 9 7 
1 466 86 8 8 
1 490 104 13 13 
1 488 144 6 8 
1 451 88 7 9 
1 483 172 7 7 
1 470 180 12 14 
1 455 178 7 7 
1 492 191 16 18 
1 490 215 10 12 
1 476 228 10 10 
1 456 357 10 9 
1 469 358 8 12 
1 454 374 10 14 
1 505 7 6 6 
1 518 15 9 8 
1 490 27 11 12 
1 524 39 8 8 
1 511 59 15 16 
1 487 61 14 24 
1 490 105 15 14 
1 519 126 9 8 
1 525 146 10 11 
1 487 142 7 10 
1 504 140 7 7 
1 522 159 9 8 
1 527 178 6 9 
1 519 176 7 8 
1 496 171 10 11 
1 491 189 15 18 
1 510 217 11 12 
1 490 214 10 13 
1 526 208 5 7 
1 528 229 6 7 
1 503 242 7 8 
1 511 272 10 10 
1 505 269 7 7 
1 492 275 8 8 
1 488 285 8 6 
1 487 295 7 6 
1 501 288 6 7 
1 514 295 6 8 
1 514 307 8 6 
1 507 311 7 9 
1 493 318 9 8 
1 523 345 9 10 
1 500 355 7 6 
1 499 377 7 7 
1 483 384 8 6 
1 490 392 6 7 
1 511 383 7 8 
1 528 381 8 9 
1 523 344 7 11 
1 541 1 14 11 
1 563 0 10 7 
1 536 17 8 14 
1 549 24 11 11 
1 575 16 8 10 
1 590 23 10 13 
1 554 37 10 10 
1 575 40 10 9 
1 582 47 8 8 
1 538 44 8 7 
1 534 48 11 11 
1 526 62 12 13 
1 546 72 7 9 
1 551 66 11 10 
1 567 57 9 7 
1 585 55 9 9 
1 554 80 16 13 
1 588 99 8 10 
1 575 91 9 7 
1 563 101 10 12 
1 571 111 12 8 
1 559 121 11 9 
1 575 138 10 12 
1 527 145 8 10 
1 538 170 6 7 
1 547 166 7 9 
1 576 164 8 9 
1 536 189 8 12 
1 579 189 7 9 
1 525 207 6 8 
1 528 228 8 9 
1 538 245 9 9 
1 549 250 10 10 
1 565 258 9 12 
1 576 288 12 15 
1 575 329 15 14 
1 571 311 9 7 
1 555 325 8 9 
1 536 350 7 9 
1 528 381 9 8 
1 545 391 9 8 
1 553 380 7 7 
1 568 383 8 9 
1 578 386 8 7 
1 16 345 11 11 
1 372 390 13 9 
1 194 109 10 11 
1 89 63 8 9 
1 15 78 9 10 
1 3 26 12 14 
1 26 38 11 13 
1 3 45 9 10 
1 4 60 10 8 
1 4 116 10 9 
1 326 4 16 15 
1 479 344 16 17 
1 172 190 22 20 
