1 386 220 45 45 
1 414 306 49 48 
1 530 321 31 31 
1 483 101 33 33 
1 190 3 27 27 
1 141 16 46 45 
1 66 29 27 27 
1 22 155 26 26 
1 14 208 69 69 
1 234 248 79 79 
1 405 307 46 38 
1 496 313 21 18 
1 526 312 37 44 
1 451 237 31 39 
1 504 236 24 23 
1 375 213 62 55 
1 347 216 30 27 
1 307 232 22 23 
1 345 327 24 20 
1 327 338 29 23 
1 110 238 24 23 
1 82 276 26 21 
1 105 347 18 16 
1 106 337 18 10 
1 326 294 27 19 
1 409 113 32 33 
1 476 103 32 34 
1 531 135 19 24 
1 573 126 15 25 
1 520 100 22 21 
1 490 82 16 13 
1 386 78 19 16 
1 419 90 16 13 
1 429 69 17 12 
1 451 70 12 15 
1 443 93 18 13 
1 472 29 14 16 
1 458 37 14 12 
1 257 323 18 15 
1 230 254 52 54 
1 201 204 20 20 
1 218 209 21 27 
1 236 172 22 21 
1 5 272 21 28 
1 32 280 12 18 
1 15 212 38 55 
1 58 230 19 32 
1 0 149 57 47 
1 75 168 19 21 
1 0 102 24 31 
1 142 13 42 59 
1 184 3 34 31 
1 194 61 17 20 
1 304 88 35 29 
1 360 84 13 18 
1 369 93 15 19 
1 381 98 18 14 
1 367 66 13 16 
1 341 48 16 18 
1 284 24 17 24 
1 274 13 15 20 
1 326 29 13 11 
1 556 293 15 18 
1 572 326 15 25 
1 464 334 13 14 
1 200 310 14 17 
1 2 138 14 12 
1 67 30 29 26 
1 54 45 27 22 
1 69 69 15 14 
1 74 96 18 15 
1 78 130 16 17 
1 6 43 15 12 
1 11 57 13 14 
1 29 1 17 7 
1 221 1 18 11 
1 516 296 16 12 
1 326 320 12 10 
1 252 218 18 12 
1 287 187 26 18 
1 358 127 15 15 
1 376 183 18 15 
1 381 198 17 14 
1 391 158 19 25 
1 394 147 17 13 
1 482 193 19 19 
1 468 179 13 20 
1 477 275 23 22 
1 238 111 16 14 
1 247 120 21 21 
1 57 324 13 12 
