1 350 200 48 48 
1 514 185 83 82 
1 492 116 38 38 
1 1 0 185 111 
1 197 266 31 30 
1 198 267 34 34 
1 149 269 20 21 
1 160 243 11 13 
1 139 248 16 16 
1 175 280 9 10 
1 173 289 9 9 
1 183 285 28 26 
1 178 317 12 12 
1 126 317 14 14 
1 135 351 14 15 
1 125 350 9 10 
1 129 377 32 23 
1 161 380 12 11 
1 88 376 16 16 
1 83 386 19 17 
1 103 382 23 20 
1 71 345 19 22 
1 62 360 20 21 
1 83 330 10 12 
1 86 343 10 10 
1 66 274 33 34 
1 88 297 12 13 
1 22 332 12 12 
1 31 348 14 15 
1 32 307 9 11 
1 24 254 17 19 
1 2 241 10 10 
1 28 205 26 26 
1 60 178 36 38 
1 35 142 20 20 
1 55 137 9 11 
1 52 168 11 11 
1 21 162 15 15 
1 14 176 10 10 
1 30 182 10 10 
1 38 187 12 12 
1 37 179 10 9 
1 53 167 12 13 
1 69 169 11 10 
1 65 143 17 19 
1 75 136 9 10 
1 96 145 15 16 
1 80 155 15 15 
1 74 99 13 14 
1 47 70 20 21 
1 79 69 13 13 
1 91 35 23 23 
1 36 61 17 16 
1 27 79 15 14 
1 1 1 21 25 
1 170 13 14 15 
1 221 0 14 13 
1 260 10 12 12 
1 309 0 23 16 
1 329 7 12 13 
1 366 8 11 14 
1 388 14 14 13 
1 388 5 14 14 
1 423 5 23 22 
1 405 37 19 19 
1 367 49 33 30 
1 344 61 13 14 
1 309 74 13 14 
1 268 95 13 12 
1 190 70 244 234 
1 256 211 18 19 
1 234 210 16 17 
1 206 211 15 15 
1 211 204 8 9 
1 218 209 10 13 
1 268 233 16 14 
1 346 192 56 59 
1 393 190 43 45 
1 420 212 11 14 
1 431 216 12 12 
1 409 136 24 23 
1 456 92 17 17 
1 448 92 13 14 
1 425 92 13 13 
1 489 117 42 41 
1 553 146 16 18 
1 508 179 81 86 
1 588 232 13 18 
1 511 221 15 16 
1 506 208 14 16 
1 534 240 12 13 
1 515 265 14 15 
1 474 285 14 13 
1 465 274 12 11 
1 523 343 32 32 
1 521 369 19 19 
1 574 385 14 13 
1 451 359 19 19 
1 446 316 25 27 
1 418 333 18 19 
1 397 324 23 22 
1 386 349 12 12 
1 377 374 13 12 
1 371 382 23 23 
1 332 329 21 21 
1 307 378 22 21 
1 321 343 17 18 
1 241 344 15 16 
1 238 384 13 14 
1 237 373 12 12 
1 232 367 12 13 
1 221 330 15 18 
1 209 346 13 14 
1 199 369 15 15 
1 23 44 14 15 
1 10 1 112 75 
1 189 35 15 17 
1 262 36 13 14 
1 492 29 16 18 
1 479 42 14 15 
1 507 33 10 12 
1 501 6 13 14 
1 524 28 10 11 
1 533 20 8 9 
1 547 17 33 32 
1 546 9 9 11 
1 533 70 19 20 
1 568 85 18 19 
1 569 60 10 11 
1 552 100 41 45 
1 546 142 10 13 
1 516 172 12 13 
1 519 184 9 10 
1 516 191 11 10 
1 487 175 16 18 
1 499 169 13 15 
1 520 309 13 14 
1 511 312 13 13 
1 548 319 11 12 
1 490 319 12 14 
1 486 329 12 13 
1 456 296 10 11 
1 455 303 11 12 
1 452 198 16 16 
1 462 209 17 18 
1 455 218 11 12 
1 455 229 10 12 
1 419 255 12 14 
1 420 271 13 13 
1 423 282 11 11 
1 392 286 16 17 
1 373 316 17 19 
1 365 329 13 14 
1 298 268 16 17 
1 286 273 13 14 
1 286 309 11 12 
1 282 303 9 10 
1 295 318 11 12 
1 233 291 11 13 
1 226 256 17 16 
1 184 235 10 11 
1 219 303 11 12 
1 217 314 12 13 
1 194 339 11 13 
1 177 119 32 34 
1 145 141 26 27 
1 130 121 14 13 
1 157 95 18 17 
1 110 295 13 14 
1 12 285 14 13 
1 2 296 13 14 
1 34 99 22 21 
1 22 109 17 17 
1 16 120 16 15 
1 29 123 14 14 
1 58 248 10 12 
1 189 90 14 14 
1 211 20 11 11 
1 292 253 12 12 
1 277 255 11 12 
1 304 207 11 13 
1 306 216 15 17 
1 305 229 11 12 
1 343 204 11 12 
1 342 235 13 14 
1 391 234 16 16 
1 410 100 10 10 
1 423 79 9 9 
1 421 74 9 9 
1 412 80 9 9 
1 439 87 11 12 
1 437 75 11 12 
1 430 52 9 10 
1 433 60 11 11 
1 483 120 12 13 
1 504 107 12 13 
1 482 105 13 13 
1 487 77 16 17 
1 466 69 11 12 
1 565 269 16 16 
1 562 282 13 13 
1 567 362 40 43 
1 444 154 14 16 
1 408 154 11 12 
1 420 152 10 12 
1 425 310 11 11 
1 418 300 12 13 
1 363 100 10 12 
1 334 112 11 12 
1 308 134 12 13 
1 294 139 12 13 
1 267 115 18 19 
1 247 138 15 16 
1 272 351 13 16 
1 124 75 11 12 
1 105 100 13 14 
1 41 278 13 12 
1 55 259 12 13 
1 455 4 13 14 
1 409 28 11 11 
1 415 59 13 13 
1 420 49 9 10 
1 394 47 10 11 
1 465 108 11 13 
1 541 168 9 10 
1 425 375 14 14 
1 431 356 16 17 
1 273 73 9 11 
