1 356 219 32 33 
1 23 311 25 26 
1 76 142 43 43 
1 33 16 30 30 
1 25 11 41 35 
1 70 138 47 42 
1 353 216 28 37 
1 391 195 21 24 
1 459 358 24 21 
1 524 252 22 26 
1 564 273 14 17 
1 552 304 15 15 
1 550 345 12 17 
1 567 376 11 10 
1 484 379 8 10 
1 494 378 10 12 
1 502 365 9 12 
1 512 365 8 10 
1 471 272 13 13 
1 149 316 23 29 
1 323 273 27 32 
1 295 172 26 26 
1 166 180 27 27 
1 199 158 14 17 
1 227 157 24 24 
1 123 103 25 19 
1 163 29 22 17 
1 138 26 15 13 
1 120 29 14 16 
1 93 0 18 12 
1 19 315 25 22 
1 188 322 23 18 
1 205 305 14 18 
1 172 253 22 20 
1 88 241 18 18 
1 58 219 18 18 
1 56 179 15 13 
1 126 137 13 14 
1 148 73 13 15 
1 173 103 11 16 
1 437 321 14 13 
1 443 339 15 14 
1 448 294 13 14 
1 445 306 15 15 
1 446 280 12 11 
1 479 236 12 14 
1 535 100 19 23 
1 555 188 23 20 
1 127 303 20 22 
1 23 342 15 15 
1 71 338 10 12 
1 81 363 10 9 
1 97 369 12 12 
1 77 304 14 13 
1 21 155 23 24 
1 82 83 8 9 
1 60 100 11 14 
1 44 140 14 13 
1 101 65 11 13 
1 101 31 12 13 
1 109 17 11 9 
1 281 266 14 12 
1 290 282 14 14 
1 333 309 24 16 
1 257 279 19 20 
1 252 303 13 13 
1 248 338 14 16 
1 147 279 17 15 
1 428 143 20 17 
1 360 113 17 17 
1 331 107 17 15 
1 386 114 17 16 
1 332 171 21 19 
1 317 162 11 10 
1 318 178 11 10 
1 513 270 20 18 
1 505 293 11 11 
1 168 341 26 18 
1 194 201 16 16 
1 255 179 9 13 
1 204 36 12 13 
1 516 337 18 16 
1 269 360 18 16 
1 239 230 16 16 
1 238 132 11 11 
1 373 357 13 14 
1 319 378 13 14 
1 494 103 16 14 
1 570 147 15 15 
1 585 173 15 13 
1 157 295 20 18 
1 273 218 15 17 
1 247 27 22 24 
1 494 238 16 15 
1 279 107 16 17 
1 4 349 22 19 
1 8 302 10 14 
1 275 192 7 8 
1 282 191 11 15 
1 122 366 11 12 
1 86 192 12 12 
1 522 198 13 10 
1 126 251 14 12 
1 148 243 10 9 
1 525 235 12 10 
1 265 342 19 14 
1 326 136 35 34 
