1 246 121 53 52 
1 301 282 42 42 
1 119 33 36 35 
1 173 151 28 28 
1 243 120 51 51 
1 167 149 31 29 
1 121 33 35 36 
1 87 85 29 28 
1 52 64 14 18 
1 69 48 21 16 
1 239 249 31 33 
1 203 218 11 17 
1 297 284 41 39 
1 432 210 24 23 
1 518 265 29 29 
1 538 202 18 25 
1 500 75 22 21 
1 302 131 14 12 
1 300 144 13 11 
1 230 186 12 13 
1 212 169 11 13 
1 188 126 11 12 
1 403 271 16 14 
1 321 339 19 24 
1 256 312 14 17 
1 320 165 12 14 
1 364 136 9 12 
1 345 139 9 9 
1 373 158 10 10 
1 372 172 13 12 
1 453 169 16 9 
1 452 109 10 12 
1 477 100 6 12 
1 569 251 15 21 
1 563 228 13 13 
1 568 218 13 12 
1 469 219 12 14 
1 529 11 13 12 
1 535 5 10 8 
1 383 39 11 12 
1 191 8 13 10 
1 134 170 9 11 
