1 242 171 89 88 
1 31 87 51 51 
1 0 133 50 56 
1 15 324 28 29 
1 558 39 29 29 
1 242 178 78 72 
1 288 237 13 12 
1 302 252 19 20 
1 14 323 35 29 
1 176 315 24 21 
1 82 277 22 22 
1 103 279 11 13 
1 109 291 17 13 
1 0 131 55 59 
1 24 85 58 52 
1 556 35 31 37 
1 279 372 11 12 
1 331 286 13 15 
1 141 28 32 30 
1 272 352 11 10 
1 286 349 15 12 
1 392 324 12 11 
1 334 345 14 13 
1 499 277 18 18 
1 79 162 19 23 
1 51 184 14 13 
1 386 1 19 11 
1 369 0 14 11 
1 368 19 11 11 
1 555 341 21 16 
1 144 126 16 10 
1 97 208 15 15 
1 147 389 11 8 
1 16 297 13 12 
1 143 221 14 13 
1 96 29 14 12 
1 11 29 10 10 
1 14 21 10 9 
1 389 264 11 8 
1 365 210 10 11 
1 383 223 11 8 
