1 76 0 48 43 
1 434 236 37 37 
1 547 216 34 34 
1 484 0 71 56 
1 136 103 31 30 
1 65 294 26 26 
1 168 182 30 31 
1 342 14 26 26 
1 182 118 26 26 
1 10 2 6 6 
1 18 2 8 8 
1 15 10 10 8 
1 9 14 11 11 
1 14 27 9 8 
1 32 35 11 20 
1 27 77 12 15 
1 32 63 6 6 
1 40 64 7 8 
1 51 73 7 8 
1 57 80 11 11 
1 69 91 12 13 
1 17 106 10 10 
1 20 119 11 18 
1 32 140 8 9 
1 46 139 7 7 
1 57 135 9 8 
1 44 147 7 5 
1 39 160 9 9 
1 37 171 20 15 
1 40 189 6 8 
1 26 216 9 11 
1 2 224 12 13 
1 9 243 8 8 
1 5 261 7 7 
1 1 274 9 11 
1 26 263 22 25 
1 44 261 10 11 
1 44 281 16 17 
1 25 298 11 11 
1 7 305 7 9 
1 11 290 8 7 
1 2 344 11 11 
1 39 333 7 7 
1 29 336 12 12 
1 37 345 11 9 
1 31 356 12 12 
1 27 366 11 12 
1 7 380 8 13 
1 49 377 7 9 
1 61 362 12 10 
1 69 388 12 11 
1 90 380 9 8 
1 35 1 14 11 
1 43 0 11 8 
1 61 1 10 8 
1 56 4 7 7 
1 85 2 6 7 
1 100 0 6 8 
1 97 29 11 15 
1 86 35 10 14 
1 100 46 10 14 
1 109 56 8 6 
1 93 111 11 11 
1 111 110 5 6 
1 116 99 8 12 
1 80 149 8 4 
1 96 157 9 11 
1 45 199 11 13 
1 55 194 16 17 
1 64 209 8 10 
1 76 216 6 8 
1 76 224 26 22 
1 47 218 7 6 
1 21 237 9 8 
1 103 250 9 11 
1 113 260 10 11 
1 109 272 22 22 
1 66 298 21 21 
1 83 316 11 11 
1 81 340 10 13 
1 100 344 11 10 
1 104 332 6 6 
1 106 320 7 9 
1 115 310 9 12 
1 123 355 10 13 
1 132 349 9 8 
1 138 358 9 9 
1 146 354 8 8 
1 155 351 11 10 
1 132 389 8 9 
1 161 339 16 15 
1 176 332 10 11 
1 189 368 10 10 
1 193 388 9 8 
1 210 376 11 11 
1 227 378 9 12 
1 205 331 12 12 
1 199 320 10 12 
1 149 295 14 19 
1 124 249 11 10 
1 126 234 11 11 
1 137 235 11 11 
1 144 216 11 12 
1 156 230 12 11 
1 118 168 15 31 
1 139 91 33 44 
1 130 19 18 17 
1 141 46 10 8 
1 134 61 10 10 
1 183 121 18 20 
1 155 187 14 14 
1 168 174 12 12 
1 170 186 24 23 
1 178 213 17 18 
1 208 265 13 15 
1 207 251 10 11 
1 224 250 10 10 
1 245 307 11 12 
1 285 339 7 8 
1 315 365 7 8 
1 344 354 10 11 
1 377 369 10 8 
1 402 368 8 8 
1 462 365 12 12 
1 456 355 11 9 
1 503 319 8 10 
1 556 322 10 12 
1 582 331 7 10 
1 591 348 8 10 
1 592 367 7 8 
1 590 303 5 9 
1 570 277 9 11 
1 540 266 16 19 
1 522 300 9 11 
1 533 230 14 15 
1 549 219 26 28 
1 137 0 9 8 
1 153 0 10 7 
1 166 12 6 7 
1 189 16 6 8 
1 200 5 7 7 
1 216 6 9 11 
1 239 25 8 10 
1 171 25 9 6 
1 218 65 9 8 
1 186 86 9 10 
1 232 119 11 10 
1 255 80 10 12 
1 217 172 11 11 
1 259 151 10 11 
1 262 199 9 7 
1 252 210 10 11 
1 260 249 9 8 
1 260 279 7 8 
1 302 287 11 11 
1 285 275 10 11 
1 279 217 17 16 
1 285 242 9 10 
1 295 250 9 9 
1 300 259 11 9 
1 271 8 11 11 
1 275 33 11 9 
1 280 25 13 12 
1 279 107 7 9 
1 323 248 10 10 
1 338 235 12 12 
1 321 229 7 9 
1 395 290 9 11 
1 419 277 7 7 
1 435 242 27 26 
1 461 216 8 11 
1 496 212 9 9 
1 327 160 15 14 
1 312 126 15 15 
1 329 92 9 9 
1 361 62 10 11 
1 344 15 23 22 
1 375 9 7 10 
1 400 30 10 12 
1 414 156 8 9 
1 428 136 7 10 
1 433 124 9 7 
1 444 33 7 10 
1 453 109 6 6 
1 447 128 13 16 
1 466 133 11 9 
1 483 138 13 14 
1 514 157 7 11 
1 490 173 17 17 
1 536 193 10 8 
1 560 192 7 8 
1 376 69 7 8 
1 501 99 10 9 
1 507 85 9 9 
1 521 64 10 16 
1 544 43 10 12 
1 530 124 7 10 
1 546 130 9 9 
1 567 120 7 8 
1 538 104 8 11 
1 577 0 6 6 
1 506 8 11 10 
1 481 22 9 7 
1 466 20 9 6 
1 488 40 9 8 
1 497 40 10 8 
1 589 224 9 7 
1 347 136 9 11 
