1 499 121 33 33 
1 556 16 38 37 
1 277 100 29 29 
1 152 187 21 21 
1 54 322 18 18 
1 497 117 39 39 
1 551 16 36 38 
1 377 301 20 20 
1 140 379 18 18 
1 16 355 22 22 
1 445 81 15 15 
1 374 226 23 25 
1 379 249 18 18 
1 560 200 17 18 
1 222 146 16 16 
1 115 75 16 15 
1 166 84 19 19 
1 8 200 18 15 
1 76 254 26 25 
1 152 339 22 21 
1 441 320 16 15 
1 508 336 16 16 
1 515 309 16 16 
1 546 303 22 22 
1 437 280 14 13 
1 397 217 19 17 
1 435 213 18 18 
1 367 58 20 20 
1 304 68 17 17 
1 329 144 20 20 
1 257 72 17 17 
1 158 47 22 22 
1 530 217 19 18 
1 208 333 20 19 
1 242 353 16 16 
1 212 253 15 15 
1 316 245 14 13 
1 377 170 13 13 
1 424 55 15 15 
1 424 14 14 13 
1 255 365 15 15 
1 137 234 13 13 
1 582 379 16 17 
1 563 385 14 13 
1 378 209 13 14 
1 128 157 17 16 
1 344 182 13 13 
1 409 249 16 16 
1 329 57 13 12 
1 458 66 15 15 
