1 91 174 52 53 
1 284 277 29 29 
1 19 172 30 30 
1 194 86 29 29 
1 387 92 59 59 
1 341 102 253 210 
1 394 97 52 40 
1 437 87 23 24 
1 533 254 25 22 
1 528 212 22 21 
1 438 322 20 23 
1 523 380 20 20 
1 274 163 22 21 
1 284 277 32 31 
1 185 266 20 20 
1 442 73 11 8 
1 568 106 13 12 
1 399 375 14 13 
1 400 385 19 15 
1 194 84 31 31 
1 131 69 21 25 
1 80 122 20 22 
1 98 255 22 21 
1 121 248 13 14 
1 136 240 15 14 
1 64 302 14 13 
1 249 158 23 20 
1 255 113 20 19 
1 249 137 20 20 
1 271 87 11 12 
1 17 170 33 32 
1 0 97 25 25 
1 26 99 14 15 
1 0 147 16 22 
1 15 124 22 22 
1 6 0 23 15 
1 7 25 13 12 
1 269 264 20 21 
1 212 15 13 14 
1 265 48 14 11 
1 248 89 13 15 
1 238 95 14 13 
1 186 148 13 13 
1 266 232 14 10 
1 114 347 12 12 
1 172 367 14 13 
1 333 138 14 13 
1 553 392 13 8 
1 414 42 11 11 
1 35 57 16 14 
1 41 18 10 12 
1 173 57 12 12 
1 149 359 15 13 
1 489 69 17 14 
1 161 210 17 16 
1 20 379 14 14 
1 301 94 10 10 
1 119 160 11 14 
1 133 150 11 10 
1 162 144 11 11 
1 139 48 10 11 
1 133 287 11 13 
1 123 271 18 16 
1 155 315 12 10 
1 134 326 10 10 
1 154 306 10 10 
1 162 290 10 11 
1 67 175 11 9 
1 117 33 13 11 
1 106 10 16 13 
1 490 323 18 18 
1 470 295 13 12 
1 370 98 18 16 
1 383 110 11 11 
1 366 123 11 10 
1 260 9 14 14 
