1 263 0 152 87 
1 512 131 48 48 
1 399 180 26 26 
1 439 233 28 26 
1 393 175 36 34 
1 402 321 28 22 
1 286 327 78 69 
1 240 0 143 93 
1 123 257 19 19 
1 38 186 21 19 
1 21 367 22 19 
1 565 370 25 19 
1 556 345 24 24 
1 507 130 43 41 
1 172 211 23 16 
1 171 314 22 22 
1 200 316 12 17 
1 216 354 19 20 
1 193 358 19 17 
1 199 262 17 14 
1 75 89 18 16 
1 344 283 17 16 
1 318 288 18 16 
1 264 364 18 14 
1 123 83 18 14 
1 92 66 21 18 
1 8 47 21 23 
1 418 103 25 20 
1 76 314 14 16 
1 7 274 17 20 
1 4 250 13 15 
1 28 262 18 15 
1 81 238 15 15 
1 64 209 22 15 
1 382 269 24 16 
1 557 79 19 18 
1 479 385 17 15 
1 48 117 31 20 
1 38 74 18 13 
1 241 15 19 19 
