1 557 163 32 32 
1 250 97 29 28 
1 169 58 27 28 
1 465 287 61 60 
1 169 58 27 26 
1 250 98 33 28 
1 91 92 27 25 
1 63 1 9 10 
1 57 11 7 9 
1 1 23 12 15 
1 1 53 10 7 
1 16 56 8 8 
1 26 78 12 13 
1 21 104 7 7 
1 7 111 8 9 
1 3 85 9 7 
1 6 121 18 17 
1 36 124 7 7 
1 35 132 8 8 
1 32 155 9 9 
1 7 177 12 12 
1 7 204 12 15 
1 40 218 19 21 
1 8 273 10 13 
1 0 275 8 20 
1 10 294 7 7 
1 2 307 8 10 
1 9 345 9 10 
1 4 378 10 9 
1 36 350 8 8 
1 36 374 16 19 
1 41 309 10 12 
1 47 333 14 15 
1 58 364 8 9 
1 88 360 11 10 
1 94 373 13 11 
1 112 386 8 8 
1 134 381 14 14 
1 92 338 8 12 
1 57 317 10 10 
1 53 269 12 11 
1 44 184 8 7 
1 52 98 10 12 
1 35 25 11 13 
1 80 22 10 11 
1 72 36 12 12 
1 68 49 14 10 
1 63 129 12 9 
1 73 134 13 12 
1 61 180 13 14 
1 101 0 10 10 
1 119 22 8 12 
1 126 11 11 12 
1 104 120 11 13 
1 121 118 12 12 
1 128 128 10 11 
1 98 143 9 8 
1 101 170 15 12 
1 81 187 12 11 
1 86 202 12 10 
1 79 223 11 12 
1 101 215 12 9 
1 96 251 13 15 
1 104 272 13 12 
1 99 285 12 8 
1 134 348 10 9 
1 108 329 10 9 
1 113 356 9 9 
1 107 189 14 13 
1 117 203 15 15 
1 135 182 10 10 
1 133 196 10 9 
1 149 210 9 11 
1 137 223 12 12 
1 136 239 14 16 
1 154 236 8 9 
1 136 152 12 15 
1 153 176 15 12 
1 163 184 12 13 
1 114 141 9 11 
1 138 54 14 11 
1 150 0 17 12 
1 179 0 10 8 
1 165 32 10 10 
1 187 27 11 10 
1 163 57 11 9 
1 181 92 11 9 
1 199 86 11 9 
1 157 122 10 11 
1 153 134 10 8 
1 162 142 8 9 
1 185 128 10 9 
1 198 121 10 9 
1 213 135 8 10 
1 177 369 14 17 
1 186 365 8 9 
1 176 355 13 14 
1 168 361 8 9 
1 190 342 16 15 
1 182 329 8 10 
1 208 379 12 10 
1 222 361 12 12 
1 232 366 10 9 
1 242 363 10 12 
1 249 354 11 13 
1 255 372 8 9 
1 238 390 13 10 
1 291 376 7 9 
1 286 387 6 5 
1 333 390 10 10 
1 321 363 9 9 
1 321 355 8 8 
1 331 358 11 9 
1 399 378 9 7 
1 415 377 9 9 
1 425 387 11 10 
1 466 388 9 8 
1 490 386 12 12 
1 570 366 9 8 
1 583 376 8 9 
1 509 360 10 9 
1 495 362 10 11 
1 487 340 14 13 
1 503 335 8 9 
1 500 346 10 9 
1 560 328 6 10 
1 576 324 9 11 
1 579 314 6 9 
1 586 277 9 11 
1 475 327 11 10 
1 470 299 19 19 
1 436 313 8 10 
1 370 328 14 14 
1 416 306 13 12 
1 292 320 18 20 
1 232 305 14 12 
1 243 287 14 12 
1 308 286 12 12 
1 244 270 9 11 
1 213 216 12 10 
1 212 201 12 12 
1 224 142 11 12 
1 236 157 12 14 
1 248 134 13 12 
1 264 144 10 14 
1 303 155 10 12 
1 308 190 11 12 
1 326 221 10 13 
1 329 211 11 8 
1 331 194 12 11 
1 333 164 11 13 
1 367 218 7 10 
1 359 236 11 9 
1 258 191 12 10 
1 213 66 12 13 
1 246 54 11 9 
1 296 82 11 13 
1 335 0 11 8 
1 377 80 11 11 
1 427 126 10 14 
1 393 23 12 14 
1 439 2 12 11 
1 466 18 12 15 
1 477 51 11 10 
1 520 13 10 11 
1 489 29 9 11 
1 530 32 9 10 
1 553 45 9 9 
1 558 58 12 10 
1 572 61 16 15 
1 569 65 7 10 
1 546 72 10 10 
1 535 81 14 15 
1 560 72 13 17 
1 582 110 13 19 
1 550 133 12 12 
1 526 124 16 15 
1 559 162 32 34 
1 519 145 9 8 
1 507 185 10 9 
1 493 195 12 9 
1 504 210 11 7 
1 525 226 13 15 
1 531 257 12 10 
1 569 232 8 8 
1 555 244 9 9 
1 501 237 10 8 
1 469 266 16 15 
1 487 270 9 8 
1 446 282 10 10 
1 478 283 9 6 
1 471 247 12 15 
1 470 227 14 14 
1 457 246 12 12 
1 392 240 11 13 
1 405 216 14 14 
1 417 188 16 15 
1 551 16 9 7 
1 462 45 10 10 
1 294 313 31 30 
1 378 100 41 39 
1 42 219 24 22 
1 4 122 19 20 
1 90 90 28 27 
1 167 54 32 32 
