1 172 0 26 23 
1 347 176 51 51 
1 454 292 43 42 
1 34 197 84 83 
1 1 20 31 30 
1 206 56 33 34 
1 33 0 74 67 
1 296 14 40 31 
1 384 8 24 26 
1 98 73 25 24 
1 42 12 44 37 
1 490 121 28 30 
1 400 82 26 26 
1 354 172 22 20 
1 167 0 43 26 
1 122 272 28 26 
1 9 300 23 20 
1 20 340 28 20 
1 177 338 22 22 
1 540 120 23 24 
1 520 312 21 19 
1 0 0 0 0 
1 411 251 26 26 
1 561 33 19 22 
1 518 40 14 16 
1 174 67 14 16 
1 272 123 20 17 
1 509 260 19 19 
1 568 87 13 27 
1 50 136 22 18 
1 441 252 20 18 
1 444 209 20 23 
1 558 240 22 20 
1 557 255 21 19 
1 302 331 18 15 
1 137 76 16 14 
1 22 71 17 15 
1 2 234 14 16 
1 173 320 15 14 
1 349 45 17 16 
1 479 69 13 12 
1 234 85 19 16 
1 348 113 16 15 
1 294 77 16 16 
1 387 316 16 17 
1 505 217 14 17 
1 516 224 17 16 
1 558 273 13 13 
1 564 291 18 19 
1 416 4 19 15 
1 376 31 20 19 
1 198 137 15 16 
1 83 107 23 24 
1 111 298 16 13 
1 186 212 16 16 
1 296 172 12 14 
1 328 90 15 14 
