1 217 168 35 35 
1 11 47 86 86 
1 191 48 39 39 
1 10 320 44 43 
1 384 25 22 22 
1 337 21 22 22 
1 320 33 20 20 
1 326 65 13 13 
1 302 60 19 21 
1 260 52 13 13 
1 301 23 11 12 
1 286 11 11 9 
1 234 14 14 13 
1 167 24 19 20 
1 190 47 42 40 
1 118 55 16 15 
1 116 39 19 17 
1 86 10 13 13 
1 61 23 16 15 
1 47 34 11 12 
1 47 0 12 8 
1 17 44 84 84 
1 60 78 11 10 
1 17 88 13 14 
1 0 40 23 31 
1 24 75 13 13 
1 29 62 12 12 
1 76 128 15 15 
1 91 144 15 16 
1 63 149 22 22 
1 59 147 8 9 
1 53 160 11 13 
1 38 152 9 9 
1 38 165 9 9 
1 91 145 14 19 
1 106 189 12 13 
1 114 178 14 16 
1 136 180 8 10 
1 155 186 9 11 
1 165 199 10 12 
1 173 194 11 12 
1 189 203 9 11 
1 214 165 42 44 
1 265 203 13 13 
1 220 148 14 14 
1 219 249 18 18 
1 210 221 14 14 
1 204 239 10 10 
1 200 246 10 9 
1 201 254 11 12 
1 165 226 12 13 
1 164 236 11 12 
1 147 250 13 12 
1 198 280 14 14 
1 215 302 12 13 
1 123 264 16 15 
1 120 252 13 11 
1 121 305 13 14 
1 126 375 29 24 
1 147 358 14 15 
1 146 369 16 15 
1 57 368 24 22 
1 82 344 14 14 
1 3 346 13 14 
1 11 356 12 12 
1 11 378 11 11 
1 17 324 29 29 
1 44 282 14 13 
1 11 239 20 20 
1 0 244 10 20 
1 0 176 13 28 
1 503 7 17 19 
1 499 0 14 11 
1 467 4 19 20 
1 290 28 14 15 
1 269 14 9 11 
1 251 4 12 14 
1 195 5 9 9 
1 200 0 13 6 
1 208 93 34 35 
1 135 154 9 11 
1 137 109 11 12 
1 37 36 9 9 
1 73 0 11 8 
1 36 205 13 12 
1 69 205 11 11 
1 77 214 9 9 
1 80 206 10 10 
1 144 206 14 15 
1 82 313 15 15 
1 106 317 10 12 
1 74 320 10 12 
1 81 313 15 14 
1 73 321 11 12 
1 67 303 10 11 
1 51 307 8 8 
1 11 315 12 12 
1 36 204 13 13 
1 90 32 9 10 
1 74 0 9 8 
1 131 77 11 12 
1 101 106 10 11 
1 99 96 8 9 
1 124 213 10 11 
1 175 216 10 11 
1 191 150 10 11 
1 200 144 12 13 
1 208 142 12 14 
1 87 268 13 15 
1 84 110 9 9 
1 47 389 11 11 
1 158 47 18 17 
1 124 89 12 14 
1 32 251 9 9 
1 0 18 11 12 
1 170 105 9 9 
1 153 302 12 13 
1 191 339 8 9 
1 96 366 9 10 
1 43 363 8 9 
1 50 196 11 11 
1 26 150 10 11 
1 7 120 8 8 
1 9 126 7 7 
1 5 80 10 12 
1 1 219 12 14 
1 182 84 9 9 
