1 419 67 30 30 
1 194 54 26 27 
1 393 26 30 30 
1 222 62 26 26 
1 21 56 31 31 
1 105 57 31 32 
1 150 372 26 26 
1 440 167 30 30 
1 279 221 28 28 
1 229 283 28 29 
1 192 52 31 30 
1 222 63 26 25 
1 150 75 16 16 
1 107 60 29 26 
1 87 64 15 13 
1 21 59 30 28 
1 18 14 13 11 
1 53 18 11 12 
1 81 11 9 10 
1 164 22 17 17 
1 165 13 9 10 
1 234 24 19 18 
1 223 62 27 27 
1 249 53 14 16 
1 268 37 11 12 
1 257 1 19 15 
1 247 11 10 10 
1 313 28 10 10 
1 340 21 9 10 
1 313 51 9 8 
1 296 79 18 20 
1 356 67 16 17 
1 391 24 41 36 
1 400 70 17 15 
1 415 64 38 37 
1 407 96 14 15 
1 470 87 18 17 
1 491 76 22 22 
1 529 62 13 14 
1 552 78 11 12 
1 540 60 31 33 
1 543 14 16 16 
1 585 115 15 16 
1 548 188 12 14 
1 553 179 12 11 
1 520 192 17 18 
1 538 227 20 20 
1 523 265 18 17 
1 591 271 11 13 
1 581 293 9 11 
1 568 299 12 13 
1 595 304 6 14 
1 556 295 11 12 
1 553 331 9 9 
1 555 340 10 11 
1 573 363 10 11 
1 579 374 17 18 
1 552 380 9 9 
1 511 389 26 16 
1 496 167 16 14 
1 497 178 19 19 
1 477 169 20 22 
1 445 172 25 25 
1 429 145 12 15 
1 418 140 12 12 
1 402 136 13 15 
1 399 150 12 10 
1 412 159 10 9 
1 422 166 11 12 
1 417 175 11 12 
1 423 189 14 14 
1 387 150 13 14 
1 393 255 15 15 
1 431 258 13 14 
1 322 205 14 15 
1 308 203 14 16 
1 334 167 12 12 
1 328 179 9 9 
1 319 172 12 12 
1 316 160 11 11 
1 273 213 40 40 
1 259 242 20 21 
1 260 276 10 11 
1 228 281 30 29 
1 215 250 13 13 
1 223 270 8 9 
1 211 306 10 10 
1 213 316 12 13 
1 199 323 22 22 
1 186 373 17 16 
1 175 357 14 14 
1 162 344 14 14 
1 146 370 33 28 
1 126 379 9 10 
1 116 349 10 12 
1 129 327 17 18 
1 88 317 14 17 
1 80 289 11 14 
1 89 265 8 10 
1 100 257 14 16 
1 120 263 6 8 
1 90 239 22 23 
1 101 224 15 17 
1 122 230 18 17 
1 115 212 13 14 
1 140 202 12 13 
1 203 187 23 23 
1 199 173 21 20 
1 123 144 17 19 
1 119 159 16 15 
1 129 178 14 14 
1 92 180 9 11 
1 94 200 9 9 
1 81 211 11 11 
1 50 193 13 14 
1 62 210 10 11 
1 49 233 10 9 
1 49 225 9 9 
1 35 252 13 15 
1 1 248 17 18 
1 1 126 13 13 
1 1 115 11 10 
1 13 380 8 9 
1 22 395 11 8 
1 57 365 10 13 
1 61 152 19 20 
1 51 102 14 13 
1 43 112 10 10 
1 7 92 10 12 
1 60 342 20 22 
1 43 342 12 12 
1 13 319 10 11 
1 5 324 9 9 
1 6 333 10 9 
1 158 247 12 12 
1 176 298 12 12 
1 118 87 12 12 
1 165 126 9 9 
1 156 138 10 10 
1 115 2 9 9 
1 192 212 13 13 
1 189 252 14 13 
1 195 263 7 8 
1 204 217 10 10 
1 219 125 25 26 
1 222 92 9 10 
1 168 0 14 8 
1 296 106 21 24 
1 274 141 14 14 
1 282 127 10 10 
1 289 119 8 9 
1 272 115 9 10 
1 297 304 14 14 
1 273 322 11 11 
1 213 363 10 11 
1 322 298 22 20 
1 341 323 11 12 
1 348 370 12 13 
1 423 339 12 14 
1 417 357 10 11 
1 394 212 12 13 
1 393 230 9 10 
1 450 24 9 10 
1 450 36 13 16 
1 435 6 11 11 
1 424 15 10 10 
1 514 31 9 9 
1 556 0 10 7 
1 576 171 11 12 
1 592 193 9 12 
1 581 210 22 24 
1 519 222 14 15 
1 454 226 12 13 
1 491 264 12 12 
1 518 282 15 17 
1 490 297 11 13 
1 484 322 11 11 
1 496 323 11 13 
1 441 350 10 10 
1 365 266 14 14 
1 556 161 12 12 
1 192 111 13 16 
1 184 152 16 16 
1 182 133 18 18 
1 174 187 9 9 
1 165 236 9 10 
1 169 215 9 10 
1 168 284 11 11 
1 110 309 10 9 
1 99 44 9 10 
1 90 49 11 12 
1 72 82 9 9 
1 26 107 8 9 
1 24 99 6 7 
1 31 180 7 7 
1 1 157 9 15 
1 403 198 13 14 
1 379 54 10 10 
1 385 61 12 12 
1 364 28 12 11 
1 43 155 20 22 
1 0 55 8 19 
1 334 182 26 27 
1 573 46 8 9 
1 549 36 10 10 
1 538 2 10 12 
1 463 338 8 9 
1 464 368 8 8 
1 377 331 10 10 
1 374 326 7 8 
