1 7 27 48 47 
1 20 75 42 42 
1 406 107 47 48 
1 316 294 28 28 
1 259 338 32 31 
1 456 328 40 39 
1 164 68 41 41 
1 316 37 73 73 
1 6 35 43 35 
1 18 76 36 38 
1 95 25 21 25 
1 119 110 21 21 
1 163 75 26 31 
1 203 121 26 27 
1 406 104 49 54 
1 337 29 22 21 
1 397 207 26 28 
1 333 231 20 20 
1 316 292 27 27 
1 453 327 40 37 
1 458 249 18 25 
1 499 13 19 24 
1 459 24 22 20 
1 24 257 27 26 
1 0 292 16 21 
1 21 322 14 18 
1 79 211 24 21 
1 148 228 28 25 
1 147 183 19 11 
1 188 293 13 15 
1 135 294 14 10 
1 158 331 21 25 
1 256 341 28 21 
1 248 275 21 21 
1 225 44 17 21 
1 209 82 13 22 
1 227 88 14 18 
1 374 26 9 6 
1 435 20 17 20 
1 307 66 25 27 
1 307 39 20 21 
1 190 164 16 19 
1 184 230 16 18 
1 209 211 13 20 
1 233 188 10 11 
1 259 192 15 15 
1 280 199 9 17 
1 275 201 12 14 
1 313 99 11 11 
1 303 132 12 15 
1 304 158 14 13 
1 320 180 10 11 
1 517 21 15 15 
1 486 105 15 12 
1 505 91 16 18 
1 501 126 15 19 
1 519 59 12 14 
1 556 24 16 17 
1 484 306 16 16 
1 492 259 17 16 
1 408 340 13 14 
1 408 278 11 12 
1 431 263 18 15 
1 347 97 15 17 
1 366 123 13 16 
1 73 317 12 14 
1 155 291 17 13 
1 215 251 20 16 
1 248 71 14 10 
1 129 78 13 13 
1 110 89 7 10 
1 92 89 12 13 
1 346 10 12 11 
1 184 108 8 11 
1 166 128 11 13 
