1 381 199 52 52 
1 292 83 43 44 
1 234 0 98 82 
1 295 289 34 34 
1 38 358 29 29 
1 186 77 34 35 
1 393 0 31 20 
1 210 196 27 27 
1 5 49 28 28 
1 129 211 25 26 
1 30 13 9 10 
1 46 0 6 6 
1 65 5 5 6 
1 68 8 9 7 
1 74 14 9 7 
1 56 27 10 11 
1 12 38 22 36 
1 31 52 10 10 
1 70 64 9 9 
1 48 88 14 17 
1 27 149 21 21 
1 78 215 18 18 
1 41 257 10 12 
1 49 265 7 9 
1 43 273 10 10 
1 26 289 6 8 
1 46 310 8 8 
1 17 310 8 9 
1 21 340 8 8 
1 49 347 10 10 
1 94 37 11 11 
1 88 54 18 16 
1 105 78 22 19 
1 113 99 10 7 
1 136 116 12 11 
1 73 136 13 12 
1 89 139 13 11 
1 104 149 12 11 
1 122 166 13 12 
1 127 197 15 13 
1 133 216 20 18 
1 64 253 8 10 
1 72 250 8 10 
1 84 244 6 8 
1 105 246 7 9 
1 81 266 8 8 
1 83 299 9 11 
1 82 352 12 12 
1 116 298 7 10 
1 114 322 80 44 
1 203 289 14 13 
1 181 247 9 11 
1 145 237 10 10 
1 151 175 13 12 
1 173 155 10 13 
1 167 118 17 14 
1 194 119 14 13 
1 185 122 11 10 
1 165 86 7 10 
1 128 47 8 7 
1 138 50 6 9 
1 149 27 15 19 
1 170 36 10 10 
1 174 2 12 16 
1 151 2 8 8 
1 146 15 9 8 
1 198 18 8 10 
1 197 36 17 20 
1 206 62 7 9 
1 215 68 9 8 
1 222 47 9 9 
1 228 58 11 11 
1 181 62 8 9 
1 218 140 9 8 
1 239 135 11 11 
1 227 147 11 10 
1 222 161 19 18 
1 187 183 11 10 
1 181 200 9 10 
1 226 185 10 9 
1 200 247 10 8 
1 199 264 11 9 
1 217 270 9 11 
1 222 256 12 14 
1 240 8 25 24 
1 250 1 54 60 
1 297 1 12 16 
1 326 1 10 9 
1 264 64 17 17 
1 282 91 6 8 
1 316 66 7 10 
1 327 66 9 9 
1 295 83 40 45 
1 288 219 17 19 
1 303 213 8 10 
1 314 207 10 10 
1 369 152 12 13 
1 372 122 11 11 
1 361 87 10 13 
1 295 291 24 25 
1 313 252 10 9 
1 333 295 8 8 
1 374 272 12 11 
1 388 284 9 9 
1 372 317 10 8 
1 349 334 10 11 
1 339 347 10 9 
1 239 328 9 9 
1 222 311 10 9 
1 311 232 10 12 
1 332 226 7 7 
1 340 217 8 8 
1 374 194 8 9 
1 288 132 11 9 
1 383 28 9 10 
1 388 39 12 10 
1 384 75 9 11 
1 406 98 13 13 
1 428 113 12 10 
1 400 144 11 9 
1 417 165 8 9 
1 380 210 33 29 
1 447 294 11 12 
1 443 312 10 9 
1 456 290 9 7 
1 424 290 9 10 
1 425 278 7 8 
1 402 325 8 11 
1 439 190 13 14 
1 437 228 7 7 
1 440 238 8 8 
1 479 226 12 11 
1 471 241 9 8 
1 466 192 8 7 
1 459 173 5 9 
1 461 164 8 9 
1 478 167 9 9 
1 490 155 11 13 
1 510 150 12 12 
1 500 97 21 20 
1 505 81 8 10 
1 446 90 8 7 
1 426 47 8 7 
1 391 0 32 23 
1 438 29 14 13 
1 449 40 9 10 
1 455 29 8 6 
1 551 14 11 10 
1 554 3 8 8 
1 541 53 10 9 
1 550 144 11 11 
1 572 139 9 10 
1 562 167 12 13 
1 555 200 13 12 
1 548 201 36 124 
1 530 292 13 10 
1 545 331 25 34 
1 500 324 10 10 
1 495 294 10 9 
1 490 276 14 15 
1 512 265 12 16 
1 529 243 10 10 
1 493 178 13 14 
1 513 177 16 17 
1 531 190 8 10 
1 547 178 10 12 
1 531 177 10 9 
1 496 196 9 7 
1 483 122 7 10 
1 14 103 7 9 
1 68 382 8 9 
1 8 390 7 7 
1 490 378 12 14 
1 516 382 13 14 
1 440 372 7 7 
1 475 385 9 9 
1 356 376 8 7 
1 386 362 9 9 
