1 282 0 30 27 
1 298 87 33 33 
1 428 308 39 39 
1 52 108 28 28 
1 0 237 30 46 
1 491 106 31 31 
1 123 24 49 50 
1 2 123 35 91 
1 0 239 31 54 
1 0 313 39 35 
1 294 87 38 33 
1 361 76 27 36 
1 284 4 34 23 
1 142 11 20 11 
1 51 105 27 32 
1 53 138 32 32 
1 55 89 26 19 
1 180 127 14 18 
1 167 76 18 22 
1 222 130 18 19 
1 237 150 10 16 
1 426 307 36 49 
1 390 271 41 42 
1 359 251 41 44 
1 248 243 12 13 
1 222 252 19 19 
1 275 274 19 20 
1 533 196 23 20 
1 503 216 16 18 
1 485 101 38 37 
1 414 57 23 24 
1 439 17 21 20 
1 506 7 30 27 
1 548 9 20 18 
1 443 112 12 10 
1 445 114 17 16 
1 461 126 15 18 
1 463 98 15 15 
1 471 89 16 16 
1 487 77 10 12 
1 481 63 10 11 
1 455 73 16 16 
1 421 101 13 13 
1 389 149 15 16 
1 251 88 17 16 
1 251 135 24 20 
1 262 162 17 18 
1 210 78 11 12 
1 217 56 18 16 
1 227 42 14 14 
1 262 43 13 9 
1 122 35 37 35 
1 155 43 17 16 
1 198 18 10 15 
1 12 1 32 23 
1 74 11 15 23 
1 386 22 12 9 
1 404 6 13 9 
1 272 295 13 11 
1 274 306 11 19 
1 371 176 16 14 
1 399 180 12 13 
1 343 184 15 14 
1 313 167 20 19 
