1 150 246 30 31 
1 100 147 45 45 
1 472 113 28 27 
1 39 17 8 10 
1 5 18 6 7 
1 14 36 10 12 
1 6 38 4 6 
1 7 46 9 9 
1 3 57 9 9 
1 2 73 7 9 
1 38 16 10 13 
1 48 92 9 10 
1 24 99 8 8 
1 22 112 7 6 
1 28 116 9 7 
1 43 119 6 11 
1 41 148 7 7 
1 37 152 7 10 
1 30 173 10 11 
1 32 193 10 13 
1 20 198 12 11 
1 3 205 12 14 
1 25 211 4 6 
1 27 231 8 10 
1 17 244 6 7 
1 5 249 8 7 
1 24 268 12 11 
1 19 300 6 10 
1 36 307 10 12 
1 0 300 6 13 
1 33 333 6 8 
1 27 365 8 9 
1 38 17 12 11 
1 91 58 6 11 
1 46 91 10 11 
1 101 92 9 9 
1 77 97 9 8 
1 98 107 7 10 
1 50 110 9 6 
1 43 119 9 10 
1 76 118 9 9 
1 97 124 10 9 
1 39 138 11 8 
1 36 150 10 11 
1 69 149 10 8 
1 32 173 10 12 
1 78 181 7 8 
1 80 191 7 7 
1 60 196 11 11 
1 32 192 14 14 
1 78 209 7 9 
1 29 230 6 11 
1 38 308 12 11 
1 101 280 7 10 
1 33 332 8 9 
1 53 358 11 9 
1 91 343 8 8 
1 95 330 10 8 
1 49 372 8 9 
1 67 371 6 10 
1 123 1 18 19 
1 152 7 8 9 
1 154 0 12 6 
1 153 58 12 9 
1 159 73 8 7 
1 114 62 11 12 
1 101 93 9 9 
1 137 93 8 9 
1 120 113 12 8 
1 124 127 11 11 
1 171 126 6 9 
1 154 59 9 9 
1 159 73 8 9 
1 167 68 5 8 
1 126 127 10 11 
1 98 148 31 40 
1 157 162 5 8 
1 162 156 8 8 
1 182 158 8 9 
1 179 170 9 10 
1 169 174 8 10 
1 158 196 13 11 
1 134 218 12 10 
1 129 229 11 9 
1 120 222 6 10 
1 104 227 9 10 
1 120 237 6 6 
1 102 243 8 6 
1 151 239 11 8 
1 149 247 24 29 
1 134 249 10 8 
1 120 258 10 7 
1 135 268 10 8 
1 133 278 7 8 
1 99 279 8 11 
1 165 284 9 11 
1 160 295 9 10 
1 135 321 12 11 
1 127 345 9 9 
1 104 374 7 8 
1 137 369 8 7 
1 142 391 8 8 
1 147 359 11 7 
1 201 7 10 8 
1 217 17 9 11 
1 210 37 6 10 
1 202 35 7 8 
1 175 34 7 7 
1 156 71 11 11 
1 166 69 10 7 
1 206 57 13 15 
1 196 67 6 7 
1 196 75 6 10 
1 178 97 8 10 
1 166 100 9 11 
1 167 119 7 10 
1 169 126 10 8 
1 223 104 8 9 
1 225 118 7 5 
1 170 126 8 10 
1 180 122 7 8 
1 211 143 8 10 
1 179 158 8 8 
1 179 170 7 9 
1 194 164 7 8 
1 195 171 14 12 
1 225 103 5 8 
1 195 195 9 8 
1 169 176 7 6 
1 162 199 7 7 
1 198 196 5 6 
1 209 202 6 7 
1 223 225 9 9 
1 200 230 7 8 
1 207 233 9 9 
1 198 247 10 8 
1 206 256 14 17 
1 189 289 9 8 
1 166 286 7 6 
1 173 283 6 7 
1 162 293 12 11 
1 185 304 9 10 
1 172 321 9 7 
1 200 321 6 10 
1 176 356 7 9 
1 188 358 6 10 
1 213 366 8 9 
1 216 381 8 9 
1 224 363 7 6 
1 216 395 11 6 
1 224 227 9 7 
1 297 3 7 8 
1 286 12 8 10 
1 232 8 6 10 
1 231 22 6 7 
1 279 35 7 10 
1 238 35 8 8 
1 283 55 7 8 
1 238 57 10 10 
1 255 59 10 18 
1 236 81 8 8 
1 241 121 7 8 
1 282 117 9 7 
1 278 99 7 9 
1 282 118 6 6 
1 242 122 7 8 
1 255 137 7 10 
1 274 142 9 9 
1 263 145 7 7 
1 279 172 8 8 
1 257 171 9 9 
1 239 170 8 9 
1 233 177 10 9 
1 279 172 8 8 
1 280 201 8 7 
1 275 228 10 8 
1 227 227 5 9 
1 273 252 8 8 
1 307 284 7 7 
1 257 295 9 8 
1 257 310 5 7 
1 275 338 7 7 
1 272 365 12 10 
1 250 386 7 8 
1 243 369 6 11 
1 227 378 9 6 
1 296 2 7 7 
1 333 6 7 8 
1 288 11 7 9 
1 328 37 6 12 
1 327 50 9 8 
1 323 60 8 9 
1 333 67 9 7 
1 352 89 7 9 
1 305 79 10 10 
1 301 94 6 8 
1 305 99 7 9 
1 312 122 6 7 
1 326 131 9 9 
1 342 140 7 9 
1 310 173 11 13 
1 352 173 6 10 
1 320 191 11 11 
1 314 206 9 8 
1 350 204 8 8 
1 326 214 7 8 
1 348 226 9 9 
1 319 256 9 13 
1 338 273 9 10 
1 306 280 7 8 
1 323 307 8 7 
1 315 320 9 8 
1 306 326 6 9 
1 341 360 7 10 
1 354 88 6 9 
1 386 102 8 6 
1 411 123 6 10 
1 358 145 6 9 
1 352 174 8 8 
1 410 169 7 6 
1 402 191 10 9 
1 394 211 10 12 
1 359 213 7 10 
1 352 204 7 7 
1 349 227 6 10 
1 358 241 7 8 
1 370 254 8 9 
1 362 252 7 9 
1 373 263 11 9 
1 366 311 14 17 
1 408 304 8 10 
1 400 310 12 13 
1 415 316 9 11 
1 382 361 10 9 
1 386 381 10 10 
1 377 384 6 9 
1 340 358 7 12 
1 459 147 8 13 
1 443 64 8 8 
1 460 27 6 7 
1 465 37 5 5 
1 479 69 6 10 
1 473 150 6 8 
1 448 176 7 10 
1 422 180 7 9 
1 451 205 10 13 
1 463 263 9 7 
1 424 273 6 9 
1 439 274 11 10 
1 431 277 7 9 
1 464 284 8 10 
1 474 307 10 11 
1 442 305 9 9 
1 410 303 8 8 
1 414 319 13 9 
1 471 382 10 15 
1 480 70 6 9 
1 502 113 9 9 
1 473 121 15 17 
1 534 149 10 9 
1 527 173 9 10 
1 473 150 7 11 
1 482 215 8 7 
1 536 209 9 13 
1 528 244 7 9 
1 521 258 6 6 
1 504 273 6 7 
1 507 276 7 9 
1 475 308 6 11 
1 510 372 9 7 
1 507 362 9 8 
1 505 389 7 6 
1 475 384 11 12 
1 547 1 7 10 
1 560 7 8 8 
1 589 64 10 12 
1 560 81 7 9 
1 583 103 6 10 
1 596 115 5 12 
1 552 141 9 9 
1 536 151 9 9 
1 581 149 13 19 
1 583 192 11 9 
1 578 208 12 9 
1 575 228 11 12 
1 536 210 9 12 
1 557 254 7 10 
1 583 290 9 6 
1 564 279 8 7 
1 550 305 8 9 
1 534 327 10 10 
1 590 315 5 9 
1 577 354 6 11 
1 589 360 8 10 
1 572 370 6 7 
1 592 383 7 10 
1 581 393 7 6 
1 504 138 12 12 
1 490 91 14 14 
1 467 96 10 11 
1 109 72 9 9 
1 53 41 10 11 
1 10 150 13 13 
1 109 207 10 10 
1 77 244 6 8 
1 20 185 11 11 
1 77 295 11 12 
