1 179 0 44 40 
1 347 282 27 26 
1 400 83 32 32 
1 520 83 28 29 
1 473 33 26 26 
1 176 0 47 46 
1 397 82 35 34 
1 467 30 28 32 
1 521 80 29 35 
1 296 62 27 20 
1 263 120 19 21 
1 230 142 22 15 
1 343 279 32 28 
1 401 299 18 18 
1 338 167 20 18 
1 424 182 24 22 
1 386 119 16 15 
1 247 238 20 22 
1 186 185 13 17 
1 189 170 14 13 
1 183 204 16 16 
1 206 192 15 23 
1 223 177 16 22 
1 70 268 16 16 
1 35 298 15 18 
1 17 181 17 16 
1 29 17 18 20 
1 49 7 14 14 
1 17 44 17 16 
1 45 57 13 14 
1 12 71 17 14 
1 109 28 25 22 
1 54 23 14 10 
1 33 34 23 21 
1 3 21 11 11 
1 314 262 14 15 
1 467 178 17 19 
1 483 227 12 25 
1 498 203 19 18 
1 475 310 10 15 
1 487 305 13 17 
1 441 293 17 17 
1 418 312 16 17 
1 378 268 17 16 
1 389 334 12 13 
1 489 90 12 13 
1 488 67 13 15 
1 512 49 11 14 
1 561 67 14 15 
1 498 1 19 15 
1 535 4 9 9 
1 539 40 9 10 
1 563 36 9 14 
1 80 230 11 6 
1 2 224 14 14 
1 12 235 17 19 
1 267 163 10 7 
1 299 16 12 12 
1 286 3 14 7 
1 176 93 9 7 
1 11 134 14 18 
