1 522 33 34 34 
1 8 206 35 34 
1 0 366 21 18 
1 424 384 11 11 
1 521 27 41 40 
1 550 214 22 25 
1 524 172 17 14 
1 368 20 36 33 
1 365 82 18 17 
1 391 55 20 17 
1 11 203 36 41 
1 35 231 15 14 
1 13 192 20 16 
1 306 267 28 24 
1 318 190 29 22 
1 267 223 19 16 
1 266 83 17 15 
1 92 36 16 11 
1 94 19 17 13 
1 20 2 16 9 
1 104 294 26 24 
1 47 341 20 19 
1 283 286 17 15 
1 423 98 21 16 
1 456 121 15 14 
1 487 135 17 12 
1 485 252 14 14 
1 495 340 14 11 
1 124 232 15 13 
1 124 339 18 18 
1 140 346 16 15 
1 478 64 25 18 
1 542 113 20 19 
1 37 124 17 16 
1 318 147 16 15 
1 393 212 15 13 
1 437 316 16 13 
1 311 333 13 14 
1 463 89 19 16 
1 437 54 18 14 
1 126 165 17 15 
1 230 203 13 12 
1 220 195 13 12 
1 292 173 17 14 
1 549 143 20 16 
1 573 37 12 10 
1 179 349 26 25 
1 498 246 16 15 
1 221 277 20 16 
1 240 282 18 19 
1 128 209 20 13 
1 23 68 10 14 
1 550 84 15 13 
1 539 97 14 16 
1 434 120 13 12 
1 424 186 14 11 
1 570 164 14 14 
1 14 290 17 14 
1 259 136 11 12 
1 353 231 12 11 
