1 58 92 29 29 
1 54 166 38 38 
1 106 106 41 41 
1 504 321 29 26 
1 550 339 10 11 
1 532 259 18 19 
1 523 189 27 28 
1 549 142 19 21 
1 539 132 13 12 
1 567 121 19 17 
1 583 111 12 13 
1 589 63 10 12 
1 584 45 13 16 
1 576 49 8 9 
1 566 5 23 22 
1 552 17 9 11 
1 531 9 9 11 
1 540 49 12 13 
1 484 0 15 10 
1 460 12 28 26 
1 460 6 11 9 
1 484 59 13 12 
1 466 79 13 16 
1 465 130 17 17 
1 429 112 16 18 
1 411 124 20 17 
1 418 145 13 14 
1 373 116 23 21 
1 423 229 18 17 
1 392 242 14 13 
1 409 282 10 11 
1 438 278 19 20 
1 446 325 25 22 
1 258 292 158 106 
1 242 382 22 19 
1 271 336 16 19 
1 299 325 15 15 
1 206 380 23 19 
1 194 353 17 15 
1 204 288 18 17 
1 125 333 12 14 
1 49 165 52 44 
1 126 141 51 53 
1 103 103 50 47 
1 54 89 37 36 
1 74 74 11 13 
1 135 68 27 29 
1 143 48 13 13 
1 130 38 12 12 
1 138 22 14 15 
1 190 39 17 18 
1 25 14 12 14 
1 6 0 17 12 
1 0 7 13 14 
1 284 14 11 11 
1 335 42 17 15 
1 351 47 13 15 
1 375 23 13 12 
1 372 3 15 14 
1 308 146 23 22 
1 265 157 18 19 
1 518 80 13 13 
1 528 77 8 8 
1 491 22 14 13 
1 455 260 14 14 
1 411 46 14 14 
1 431 27 14 13 
1 422 33 12 14 
1 439 180 16 18 
1 320 190 15 14 
1 323 69 14 14 
1 311 82 9 10 
1 294 85 14 14 
1 300 62 15 15 
1 323 31 11 12 
1 241 197 16 17 
1 176 222 20 19 
1 144 320 15 15 
1 244 23 11 11 
1 211 32 16 14 
1 194 14 10 10 
1 123 16 8 9 
1 17 59 11 13 
1 232 91 12 12 
1 234 113 11 12 
1 202 58 9 10 
1 193 64 9 9 
1 385 199 22 24 
1 379 218 10 9 
1 585 223 13 12 
1 381 83 12 12 
1 385 70 11 11 
1 377 60 11 11 
1 386 56 10 10 
1 61 32 8 9 
1 316 102 12 13 
1 324 110 14 14 
1 247 331 15 16 
1 237 339 16 17 
1 474 243 16 15 
1 479 108 22 22 
1 296 16 9 12 
1 169 386 21 16 
1 272 63 11 10 
1 256 61 13 12 
1 104 60 10 10 
1 14 324 12 12 
1 40 359 10 10 
1 274 87 11 10 
