1 235 167 62 62 
1 376 88 33 32 
1 232 167 65 65 
1 375 84 36 36 
1 501 46 29 22 
1 513 246 23 21 
1 411 285 23 25 
1 371 225 19 18 
1 406 149 18 16 
1 357 162 23 22 
1 450 89 21 20 
1 549 116 19 18 
1 548 103 12 13 
1 462 0 22 9 
1 536 29 12 12 
1 540 46 13 17 
1 526 44 13 14 
1 556 51 13 11 
1 546 71 14 15 
1 143 54 18 15 
1 83 257 14 13 
1 116 256 18 17 
1 43 241 13 14 
1 71 173 14 11 
1 174 116 18 14 
1 350 33 12 13 
1 259 55 21 16 
1 254 48 13 11 
1 205 59 13 14 
1 195 41 12 11 
1 462 242 12 10 
1 457 268 8 10 
1 317 271 11 9 
1 504 87 14 14 
1 513 74 16 16 
1 494 64 15 12 
1 540 293 13 14 
1 557 221 14 13 
1 401 65 11 11 
1 300 125 12 11 
1 294 154 13 14 
1 186 78 12 13 
1 190 96 10 13 
1 138 276 10 10 
1 83 329 10 10 
1 174 196 11 11 
1 137 167 14 12 
1 124 164 8 13 
1 242 131 12 10 
1 295 89 11 11 
1 298 104 8 8 
