1 114 201 26 26 
1 286 68 36 36 
1 534 83 39 38 
1 290 241 89 89 
1 396 360 27 27 
1 514 42 26 26 
1 124 261 34 34 
1 280 64 46 41 
1 308 104 23 20 
1 106 194 42 35 
1 179 186 27 28 
1 273 231 113 102 
1 527 74 43 53 
1 428 80 30 32 
1 470 205 25 29 
1 427 325 29 23 
1 30 75 20 21 
1 14 208 26 24 
1 398 264 34 35 
1 208 90 22 19 
1 526 3 22 18 
1 399 4 19 16 
1 244 172 20 19 
1 216 160 20 21 
1 474 254 21 17 
1 275 338 22 19 
1 84 247 14 17 
1 99 240 11 11 
1 105 279 13 16 
1 74 303 17 19 
1 65 323 16 17 
1 52 67 17 17 
1 194 280 27 28 
1 559 231 16 20 
1 489 78 19 21 
1 383 17 13 14 
1 263 90 18 19 
1 112 141 16 15 
1 230 59 19 20 
1 173 147 23 22 
1 182 213 13 13 
1 233 205 15 14 
1 0 148 13 14 
1 195 75 16 15 
1 316 130 12 12 
1 481 142 24 20 
1 449 14 14 12 
1 438 305 18 18 
1 401 315 14 11 
