1 182 49 29 29 
1 386 0 51 28 
1 215 193 94 94 
1 0 176 14 26 
1 383 85 27 27 
1 411 261 30 30 
1 208 16 21 21 
1 220 97 18 18 
1 152 26 15 15 
1 101 69 13 13 
1 16 148 15 15 
1 180 46 34 34 
1 27 95 15 16 
1 39 75 17 17 
1 414 267 23 23 
1 324 346 17 17 
1 321 9 17 17 
1 291 101 14 14 
1 128 116 16 16 
1 69 210 17 17 
1 169 316 23 23 
1 144 61 14 14 
1 319 36 18 18 
1 309 72 17 17 
1 263 61 17 17 
1 275 20 21 21 
1 349 9 11 11 
1 345 230 14 14 
1 338 307 15 15 
1 311 295 13 13 
1 208 259 18 18 
1 441 32 17 17 
1 454 166 21 21 
1 411 335 18 19 
1 150 87 14 14 
1 22 50 15 15 
