1 160 119 67 68 
1 467 124 37 37 
1 520 331 32 32 
1 96 299 36 36 
1 550 294 26 26 
1 163 118 72 70 
1 464 123 47 43 
1 482 93 26 31 
1 518 329 37 35 
1 492 365 27 22 
1 461 318 23 22 
1 428 219 30 28 
1 383 246 32 24 
1 399 277 25 27 
1 548 293 26 26 
1 552 168 23 23 
1 559 60 20 22 
1 196 249 24 27 
1 174 361 55 39 
1 46 372 20 18 
1 97 294 40 37 
1 43 128 17 16 
1 110 63 18 19 
1 255 38 28 28 
1 332 98 17 20 
1 385 109 39 38 
1 356 205 23 18 
1 296 134 27 24 
1 321 163 18 18 
1 311 212 12 14 
1 258 171 17 15 
1 250 189 21 19 
1 272 203 17 17 
1 41 199 14 16 
1 521 1 18 18 
1 378 5 13 13 
1 84 7 19 20 
1 82 69 19 19 
1 63 75 17 18 
1 0 81 14 18 
1 139 251 24 20 
1 135 272 23 16 
1 163 242 17 17 
1 151 234 12 11 
1 112 361 15 15 
1 69 347 13 13 
1 427 72 27 32 
1 62 221 19 19 
1 80 216 14 13 
1 90 233 14 11 
1 101 230 16 12 
1 116 222 12 12 
1 50 264 12 14 
1 29 269 13 12 
1 52 312 15 17 
1 66 296 12 14 
1 11 286 16 16 
1 111 335 9 11 
1 93 247 36 36 
1 116 103 15 15 
1 184 69 14 14 
1 204 87 18 14 
1 200 33 17 16 
1 197 51 15 13 
1 129 8 29 32 
1 372 20 19 16 
1 472 56 18 18 
1 483 30 15 14 
1 494 313 15 14 
1 495 166 16 16 
1 475 182 21 18 
1 465 165 22 15 
1 457 177 16 9 
1 414 174 15 12 
1 497 289 20 18 
1 482 293 19 15 
1 476 273 18 16 
1 579 202 19 21 
1 584 286 14 14 
1 584 301 12 14 
1 580 319 14 14 
1 509 207 18 19 
1 388 301 19 20 
1 380 276 15 20 
1 318 271 17 16 
1 287 268 23 15 
1 225 271 15 18 
1 230 249 14 18 
1 237 237 16 12 
1 126 187 14 12 
1 291 80 20 16 
1 297 97 21 21 
1 517 119 15 13 
1 123 171 18 13 
1 109 174 13 14 
1 118 154 11 13 
1 64 121 23 22 
1 103 36 18 17 
1 73 33 19 14 
1 83 49 19 17 
1 305 12 21 20 
1 352 101 9 12 
