1 250 300 33 32 
1 211 136 26 26 
1 43 105 33 33 
1 372 80 54 54 
1 275 185 25 20 
1 84 367 19 18 
1 346 19 20 20 
1 95 16 15 12 
1 116 65 21 22 
1 114 328 13 14 
1 428 185 22 24 
1 39 102 39 40 
1 209 133 30 29 
1 249 298 37 36 
1 243 39 29 25 
1 70 58 19 16 
1 102 222 21 20 
1 125 262 29 25 
1 166 270 23 23 
1 197 246 19 16 
1 42 380 32 20 
1 27 241 14 17 
1 65 215 16 17 
1 38 57 19 19 
1 94 60 16 16 
1 199 81 19 18 
1 206 89 19 17 
1 229 100 21 22 
1 356 246 26 23 
1 361 183 26 23 
1 15 94 35 35 
1 76 337 17 16 
1 93 346 15 16 
1 96 251 12 12 
1 112 241 14 13 
1 300 179 18 18 
1 283 164 15 15 
1 141 172 15 17 
1 139 204 15 15 
1 177 13 15 13 
1 206 11 14 14 
1 221 58 22 19 
1 153 52 12 11 
1 450 97 16 14 
1 459 51 30 26 
1 287 39 16 19 
1 315 255 21 18 
1 213 368 16 14 
1 112 349 16 14 
1 157 143 16 15 
1 563 327 23 20 
1 346 284 27 22 
1 397 203 27 26 
1 371 139 16 14 
1 88 305 16 16 
1 1 280 11 16 
1 14 284 14 15 
1 542 337 19 20 
1 391 285 19 18 
1 522 61 16 16 
1 467 190 20 19 
1 401 126 14 12 
1 132 36 13 12 
1 63 184 12 14 
1 235 341 13 13 
1 221 204 14 15 
1 323 36 11 11 
1 325 47 12 11 
1 323 59 13 12 
1 60 0 27 18 
1 557 187 18 16 
1 581 59 19 23 
1 563 54 19 18 
1 564 16 19 13 
1 525 291 17 18 
1 506 275 16 12 
1 441 304 18 16 
1 343 187 16 19 
1 528 381 17 15 
1 340 118 21 16 
1 134 358 16 17 
1 560 319 20 18 
1 573 347 22 23 
1 118 174 16 15 
1 455 134 15 14 
1 310 89 14 12 
1 205 36 13 13 
1 45 269 11 13 
1 97 272 12 12 
1 355 366 19 15 
1 322 368 13 11 
1 514 189 12 11 
1 471 22 13 12 
1 293 85 11 12 
1 181 57 11 10 
1 520 104 15 12 
1 584 188 16 19 
