1 466 290 57 58 
1 550 189 33 33 
1 263 186 47 47 
1 171 77 36 35 
1 482 62 35 35 
1 361 304 32 32 
1 268 182 49 49 
1 378 192 28 28 
1 365 305 31 31 
1 230 60 21 21 
1 483 57 43 43 
1 424 204 20 19 
1 467 292 58 58 
1 339 10 25 25 
1 20 32 29 29 
1 43 148 20 20 
1 47 226 30 31 
1 10 284 18 19 
1 121 127 19 19 
1 169 69 44 44 
1 367 143 19 19 
1 384 131 19 19 
1 453 152 22 22 
1 89 49 27 27 
1 300 6 22 23 
1 534 126 25 25 
1 273 95 22 23 
1 163 194 17 19 
1 117 269 19 20 
1 238 86 18 18 
1 125 14 12 12 
1 67 34 14 13 
1 118 227 16 16 
1 105 222 15 16 
1 123 200 16 16 
1 185 29 10 11 
1 461 48 20 20 
1 503 31 20 20 
1 486 8 20 20 
1 546 187 35 36 
1 510 201 14 14 
1 448 278 13 14 
1 446 223 19 20 
1 197 282 13 13 
1 319 138 16 16 
1 391 64 16 16 
1 444 26 16 16 
1 256 264 20 20 
1 260 20 14 14 
1 324 110 16 16 
1 508 111 26 26 
1 232 323 20 20 
1 330 273 13 13 
1 419 286 33 33 
1 556 292 14 14 
1 462 66 17 17 
1 283 41 17 17 
1 346 204 12 13 
1 404 333 20 20 
1 462 338 17 17 
1 160 244 13 14 
