1 296 277 26 26 
1 340 381 22 19 
1 307 357 13 11 
1 551 360 15 16 
1 488 376 17 18 
1 564 385 24 15 
1 571 367 22 24 
1 121 358 16 16 
1 124 381 11 15 
1 299 377 24 19 
1 256 391 19 9 
1 586 153 14 16 
1 577 221 10 12 
1 244 346 13 13 
1 127 46 24 21 
1 170 66 29 24 
1 190 79 15 13 
1 224 43 14 16 
1 241 37 12 13 
1 313 140 23 19 
1 291 276 34 31 
1 146 301 32 31 
1 170 240 25 23 
1 133 148 22 23 
1 139 133 16 18 
1 523 59 29 22 
1 534 21 19 17 
1 68 20 19 17 
1 95 28 13 15 
1 148 226 23 22 
1 508 187 20 19 
1 461 183 16 14 
1 428 243 21 19 
1 26 41 15 14 
1 42 34 11 10 
1 43 46 11 12 
1 23 93 14 14 
1 36 159 17 16 
1 53 152 14 13 
1 67 153 13 12 
1 18 242 20 20 
1 63 285 18 17 
1 226 8 12 14 
1 108 79 12 10 
1 78 118 14 15 
1 197 174 12 12 
1 214 171 11 11 
1 53 259 14 15 
1 293 340 19 17 
1 541 343 16 13 
1 234 188 15 13 
1 230 237 17 12 
1 27 182 12 11 
1 28 0 16 11 
1 26 117 10 10 
1 292 7 16 13 
1 557 102 18 14 
1 519 86 14 15 
1 531 0 14 10 
1 511 0 21 14 
1 490 48 14 15 
1 240 273 13 14 
1 273 231 15 12 
1 339 279 20 19 
1 380 204 17 13 
1 481 238 13 14 
1 562 237 15 13 
1 559 220 11 13 
1 551 213 11 13 
1 133 214 14 13 
1 470 260 12 11 
1 559 345 12 14 
1 540 329 12 11 
1 560 160 13 14 
1 460 0 19 11 
1 380 289 14 11 
1 542 86 13 16 
1 401 0 14 11 
1 488 82 14 14 
1 461 42 11 11 
1 520 23 15 12 
1 307 228 12 13 
1 309 238 12 10 
1 165 261 13 14 
1 109 245 13 12 
1 131 21 14 13 
1 364 139 13 14 
1 275 182 15 13 
1 235 113 9 14 
1 413 211 15 13 
1 389 62 10 12 
1 207 127 10 12 
1 559 299 9 9 
1 578 99 14 14 
1 552 57 16 13 
1 365 229 21 17 
1 185 0 18 12 
1 546 126 10 9 
1 258 85 10 9 
1 444 62 12 10 
1 291 185 14 16 
1 53 352 13 12 
1 364 327 12 10 
1 426 71 10 10 
1 50 12 10 10 
1 40 266 9 9 
1 312 164 10 11 
