1 201 116 25 26 
1 344 169 27 27 
1 551 306 26 27 
1 548 305 32 29 
1 558 290 22 22 
1 553 179 54 61 
1 543 203 13 14 
1 513 86 33 33 
1 424 247 14 15 
1 393 246 26 25 
1 397 329 25 24 
1 461 345 12 13 
1 499 351 12 14 
1 334 351 14 15 
1 317 349 12 13 
1 316 374 15 14 
1 304 362 9 10 
1 277 357 11 10 
1 280 371 10 12 
1 285 280 12 13 
1 283 273 9 10 
1 248 360 22 22 
1 239 365 11 12 
1 221 357 11 11 
1 211 343 15 17 
1 194 333 12 11 
1 181 312 8 8 
1 157 307 13 14 
1 147 289 13 14 
1 119 280 28 29 
1 144 269 11 12 
1 153 273 11 13 
1 137 250 9 10 
1 117 256 8 10 
1 96 263 15 16 
1 98 314 11 11 
1 94 241 14 14 
1 84 247 11 14 
1 46 279 11 10 
1 37 290 16 15 
1 36 307 9 10 
1 33 374 21 24 
1 23 383 8 10 
1 21 375 8 9 
1 8 352 9 11 
1 3 300 11 13 
1 21 266 13 14 
1 19 261 10 11 
1 63 218 17 17 
1 65 168 16 16 
1 70 190 12 14 
1 27 167 15 16 
1 19 150 13 13 
1 23 108 13 12 
1 14 95 17 17 
1 27 91 8 10 
1 145 8 17 19 
1 117 22 22 22 
1 135 38 11 11 
1 141 44 12 12 
1 134 54 14 14 
1 188 95 16 16 
1 200 115 29 31 
1 244 21 14 12 
1 228 4 13 13 
1 278 11 17 16 
1 291 0 12 8 
1 339 1 18 12 
1 393 38 11 11 
1 398 32 7 7 
1 453 89 24 25 
1 491 179 20 19 
1 446 157 11 12 
1 391 157 19 19 
1 343 161 38 42 
1 236 167 14 16 
1 229 186 19 19 
1 282 184 12 12 
1 223 175 11 13 
1 191 178 9 9 
1 271 97 20 20 
1 304 95 13 15 
1 326 113 12 13 
1 319 105 12 12 
1 283 73 11 10 
1 247 57 10 10 
1 241 41 11 14 
1 123 216 9 11 
1 123 162 13 13 
1 10 207 10 11 
1 37 105 14 15 
1 116 0 15 14 
1 129 1 11 11 
1 110 9 10 12 
1 191 0 16 9 
1 423 101 11 11 
1 422 117 10 11 
1 436 48 15 16 
1 437 297 11 13 
1 430 331 11 10 
1 374 47 11 13 
1 350 86 10 9 
1 373 120 9 10 
1 295 147 10 10 
1 184 394 11 9 
1 218 395 9 8 
1 121 358 21 22 
1 311 213 17 17 
1 419 144 12 11 
1 421 173 11 11 
1 414 167 9 9 
1 450 196 8 7 
1 405 225 12 12 
1 536 59 10 10 
1 326 142 10 10 
1 302 159 10 11 
1 239 113 10 10 
1 137 122 12 12 
1 85 144 15 18 
1 2 82 8 10 
1 8 92 9 10 
1 8 85 9 10 
1 158 37 9 11 
1 158 92 15 18 
1 199 258 9 9 
1 193 228 11 11 
1 87 297 8 10 
1 135 70 11 11 
1 122 80 10 9 
1 112 81 10 10 
1 101 79 12 12 
1 84 116 8 9 
1 85 109 9 10 
1 81 136 10 11 
1 25 132 11 10 
1 19 140 10 10 
1 37 142 9 10 
1 45 94 21 25 
1 59 242 23 25 
1 69 340 13 13 
1 102 364 17 17 
1 91 374 9 10 
1 369 84 9 9 
1 384 12 8 8 
1 452 43 9 9 
1 544 166 10 11 
1 465 241 11 12 
1 452 265 9 9 
1 475 378 8 8 
1 445 373 10 10 
1 406 368 10 11 
1 409 386 7 8 
1 380 314 9 9 
1 350 205 10 10 
1 174 167 18 20 
1 120 63 12 13 
1 109 60 12 14 
1 110 71 10 11 
1 3 241 11 11 
1 9 256 10 9 
1 18 309 8 7 
1 43 330 13 14 
1 58 54 9 10 
1 70 61 9 10 
1 73 76 9 11 
1 83 85 11 12 
1 112 110 9 9 
1 109 96 8 8 
1 112 27 8 9 
1 107 0 12 10 
1 177 115 9 9 
1 174 119 7 8 
1 178 125 8 9 
1 208 144 12 14 
1 225 141 8 9 
1 314 285 8 8 
1 116 184 10 10 
1 103 205 9 9 
1 469 184 8 9 
1 263 124 9 10 
1 195 38 9 9 
1 97 48 9 10 
1 84 21 8 9 
1 80 17 9 9 
1 46 70 11 12 
1 0 45 13 18 
1 0 1 13 16 
