1 182 274 35 34 
1 195 323 39 39 
1 0 323 45 47 
1 174 271 52 45 
1 184 316 53 44 
1 366 327 18 15 
1 402 338 26 24 
1 532 258 28 22 
1 499 250 29 26 
1 540 232 18 16 
1 552 123 16 19 
1 492 82 26 18 
1 431 104 19 18 
1 443 94 17 20 
1 288 21 28 24 
1 128 54 34 25 
1 135 6 16 12 
1 84 191 21 23 
1 19 95 19 16 
1 72 346 0 0 
1 1 322 38 38 
1 -1 301 15 20 
1 27 1 49 30 
1 437 197 40 36 
1 92 134 25 16 
1 534 107 20 19 
1 482 336 14 11 
1 11 185 24 17 
1 39 227 15 14 
1 21 246 24 15 
1 51 329 22 23 
1 458 14 14 17 
1 308 291 18 16 
1 176 218 14 12 
1 183 233 15 11 
1 109 245 16 12 
1 50 294 12 12 
