1 375 233 94 94 
1 365 130 38 38 
1 143 82 33 33 
1 141 113 26 26 
1 55 41 41 41 
1 87 188 37 37 
1 312 358 34 35 
1 512 303 61 61 
1 407 97 21 22 
1 428 10 19 19 
1 505 2 29 29 
1 431 132 20 20 
1 364 122 45 45 
1 388 155 20 19 
1 200 95 19 19 
1 52 35 50 50 
1 44 169 20 20 
1 73 181 20 20 
1 56 184 16 16 
1 221 204 20 20 
1 243 270 18 18 
1 163 228 29 30 
1 171 269 15 15 
1 347 246 15 15 
1 301 229 23 23 
1 47 308 15 16 
1 0 246 22 22 
1 86 185 44 44 
1 132 247 17 17 
1 143 81 32 32 
1 138 107 39 39 
1 236 170 23 23 
1 515 296 61 61 
1 470 211 20 20 
1 467 190 19 19 
1 512 146 14 14 
1 540 155 14 14 
1 269 0 24 19 
1 146 48 18 18 
1 153 39 15 15 
1 264 137 18 18 
1 156 269 16 16 
1 344 342 16 16 
1 360 222 15 15 
1 401 78 15 15 
1 222 36 22 22 
1 266 54 13 13 
1 230 97 18 18 
1 205 304 14 14 
1 230 296 16 17 
1 329 263 18 18 
1 210 11 19 19 
1 246 15 14 14 
1 255 81 21 21 
1 191 195 13 13 
1 131 177 17 17 
1 128 192 16 16 
1 94 316 15 15 
1 562 249 20 20 
1 519 268 18 18 
1 352 48 13 13 
1 280 252 14 14 
1 434 85 18 18 
1 529 95 13 13 
1 300 302 16 16 
1 304 19 15 15 
1 147 153 17 17 
1 173 305 18 19 
