1 404 28 66 67 
1 281 72 47 46 
1 375 309 74 73 
1 367 99 29 28 
1 441 152 74 73 
1 274 68 56 52 
1 398 29 64 61 
1 416 13 19 22 
1 364 98 29 28 
1 418 106 16 18 
1 465 326 25 27 
1 554 233 23 25 
1 546 264 23 20 
1 544 310 13 17 
1 185 308 23 26 
1 166 320 13 11 
1 77 379 25 21 
1 319 339 25 25 
1 305 271 22 19 
1 245 230 18 17 
1 222 200 24 18 
1 214 217 20 17 
1 62 291 24 24 
1 89 147 19 18 
1 2 122 18 19 
1 2 163 12 14 
1 17 153 11 17 
1 31 142 13 15 
1 28 174 21 15 
1 29 192 20 23 
1 33 40 22 18 
1 126 9 20 16 
1 133 49 17 17 
1 166 26 19 17 
1 132 80 15 14 
1 152 35 10 12 
1 240 130 14 12 
1 163 111 11 11 
1 180 86 14 15 
1 196 16 10 11 
1 357 36 17 16 
1 338 6 18 15 
1 308 25 20 18 
1 102 237 18 12 
1 140 188 17 13 
1 103 272 14 12 
1 38 347 14 13 
1 44 372 14 12 
1 38 380 14 12 
1 234 337 13 13 
1 269 205 22 17 
1 364 160 13 13 
1 374 149 16 11 
1 402 146 14 13 
1 342 287 14 13 
1 350 277 14 12 
1 346 323 12 15 
1 486 219 14 15 
1 462 215 15 12 
1 523 107 21 14 
1 486 64 14 20 
1 549 206 17 15 
1 560 291 13 17 
1 533 282 15 10 
1 525 290 16 16 
1 554 154 13 12 
1 300 215 12 14 
1 286 235 14 18 
1 166 168 11 13 
1 188 229 10 14 
1 177 359 13 14 
1 186 366 15 13 
1 291 366 12 14 
1 257 356 11 14 
1 389 275 16 18 
1 509 16 14 14 
1 542 144 11 10 
1 532 177 14 14 
1 377 228 13 16 
1 315 213 17 21 
1 344 246 14 13 
1 52 202 13 13 
1 10 248 13 15 
1 427 292 20 22 
1 563 155 30 27 
1 573 184 19 17 
1 542 252 12 11 
1 357 329 15 18 
1 260 183 13 12 
1 206 195 9 11 
1 250 167 12 9 
1 83 126 11 12 
1 110 108 13 12 
1 122 105 14 14 
1 117 91 10 11 
1 2 75 12 13 
1 59 28 16 13 
1 112 13 11 11 
1 111 32 12 9 
1 81 69 12 13 
1 453 254 15 14 
1 511 359 18 18 
1 477 383 16 15 
1 241 244 15 13 
1 294 253 16 13 
1 283 254 10 13 
1 291 274 9 11 
1 523 196 16 16 
1 407 192 11 12 
1 428 209 11 10 
1 439 111 15 16 
1 397 111 12 11 
1 253 27 13 11 
1 255 37 14 13 
1 269 24 8 10 
1 29 87 13 12 
1 32 241 12 17 
1 419 251 12 12 
1 374 317 60 60 
1 235 79 15 10 
1 198 165 13 16 
1 126 388 16 12 
1 105 386 15 13 
1 344 99 10 10 
1 548 344 14 13 
1 41 229 8 11 
1 73 52 13 14 
1 178 50 12 9 
