1 323 140 64 64 
1 434 357 27 27 
1 300 18 27 26 
1 299 19 33 30 
1 432 46 25 24 
1 480 3 24 21 
1 471 0 15 12 
1 525 70 10 11 
1 466 72 13 15 
1 550 102 23 23 
1 522 120 14 14 
1 318 132 80 79 
1 306 162 14 15 
1 270 148 16 16 
1 293 258 27 27 
1 322 273 14 14 
1 374 263 29 30 
1 347 296 34 35 
1 339 337 16 17 
1 331 342 8 9 
1 315 341 12 13 
1 326 353 10 10 
1 234 366 14 14 
1 243 385 15 15 
1 357 366 11 13 
1 370 367 12 13 
1 373 389 12 10 
1 433 354 33 31 
1 498 376 13 14 
1 499 351 12 13 
1 525 387 13 14 
1 535 359 10 10 
1 581 367 11 11 
1 586 378 14 17 
1 531 287 16 16 
1 572 3 19 19 
1 578 15 11 13 
1 590 22 10 12 
1 511 282 19 20 
1 508 300 13 13 
1 490 293 13 14 
1 562 364 12 12 
1 476 350 13 14 
1 452 173 15 14 
1 421 174 14 15 
1 405 113 18 17 
1 405 134 19 20 
1 382 163 15 14 
1 392 172 20 21 
1 375 203 16 16 
1 423 364 11 12 
1 411 365 12 11 
1 441 387 11 12 
1 319 303 11 12 
1 288 204 11 11 
1 304 183 10 11 
1 244 182 12 13 
1 260 111 10 11 
1 250 139 13 14 
1 270 65 15 17 
1 369 30 16 16 
1 192 303 16 16 
1 411 259 24 22 
1 514 233 14 14 
1 534 238 19 20 
1 525 90 13 13 
1 437 307 13 13 
1 429 246 8 9 
1 281 318 14 15 
1 279 330 11 12 
1 184 333 13 14 
1 143 353 15 17 
1 275 85 11 12 
1 346 18 15 16 
1 412 11 12 14 
1 516 8 12 14 
1 553 29 11 11 
1 552 16 12 12 
1 555 276 26 26 
1 360 81 12 11 
1 356 93 11 11 
1 303 120 10 11 
1 250 347 12 12 
1 260 296 12 12 
1 474 245 10 10 
1 448 19 12 12 
1 292 62 11 11 
1 315 63 11 11 
1 300 40 10 11 
1 276 107 13 13 
1 289 88 10 10 
1 290 99 10 10 
1 275 222 17 16 
1 439 245 9 9 
1 586 191 10 10 
1 574 148 9 9 
1 512 365 11 10 
1 356 240 11 11 
1 294 349 20 22 
1 383 59 12 12 
1 292 389 12 11 
