1 131 234 48 47 
1 504 118 90 90 
1 440 194 29 29 
1 126 227 56 56 
1 23 31 26 26 
1 88 34 19 19 
1 130 84 22 23 
1 327 101 24 24 
1 367 34 28 27 
1 429 56 20 20 
1 527 320 32 32 
1 555 126 20 20 
1 58 306 23 22 
1 52 274 27 27 
1 16 267 16 16 
1 131 133 19 19 
1 224 48 21 22 
1 545 56 18 18 
1 518 35 20 20 
1 487 48 13 13 
1 497 42 24 24 
1 537 41 17 18 
1 344 271 22 23 
1 340 299 18 19 
1 390 315 16 16 
1 454 162 18 18 
1 484 213 17 17 
1 477 268 18 18 
1 90 153 17 17 
1 518 82 17 17 
1 545 9 17 17 
