1 421 206 29 28 
1 496 92 31 31 
1 113 230 29 29 
1 0 276 27 27 
1 62 355 29 29 
1 182 141 33 33 
1 238 150 40 40 
1 176 80 27 27 
1 110 375 27 25 
1 8 378 18 22 
1 425 365 15 16 
1 472 360 16 17 
1 583 152 17 17 
1 0 85 24 20 
1 0 20 10 14 
1 7 18 16 14 
1 6 45 14 12 
1 3 272 27 32 
1 21 185 25 28 
1 21 164 11 14 
1 20 126 14 14 
1 147 155 28 29 
1 167 175 13 16 
1 149 183 14 13 
1 143 176 12 14 
1 81 108 12 13 
1 275 69 18 17 
1 281 83 15 15 
1 315 97 20 19 
1 180 100 19 17 
1 110 229 32 32 
1 142 271 26 26 
1 173 293 11 11 
1 181 318 19 19 
1 119 338 28 27 
1 55 298 22 20 
1 87 277 15 13 
1 59 219 17 15 
1 201 174 12 15 
1 196 199 10 11 
1 195 218 18 16 
1 207 236 15 14 
1 214 222 13 11 
1 167 270 16 13 
1 263 47 20 19 
1 420 202 33 35 
1 496 93 35 32 
1 411 45 19 16 
1 123 265 12 12 
1 339 287 13 14 
1 331 197 24 22 
1 352 213 16 15 
1 351 201 12 13 
1 339 183 19 14 
1 123 306 21 23 
1 268 191 16 14 
1 54 60 12 10 
1 104 116 13 11 
1 102 123 12 15 
1 54 118 16 15 
1 78 128 10 11 
1 443 18 17 13 
1 434 0 20 10 
1 299 34 22 16 
1 275 145 15 17 
1 60 255 14 16 
1 293 209 19 18 
1 405 161 14 14 
1 521 184 23 20 
1 471 189 15 16 
1 491 205 17 14 
1 212 132 16 16 
1 463 232 22 19 
1 491 234 13 13 
1 441 292 12 15 
1 475 36 16 11 
1 470 44 19 14 
1 561 131 16 14 
1 570 110 19 17 
1 575 128 13 14 
1 566 259 12 12 
1 531 296 12 12 
1 527 304 13 18 
1 553 349 14 14 
1 573 348 13 11 
1 413 329 13 12 
1 410 315 11 10 
1 289 284 21 19 
1 389 187 23 22 
1 317 121 28 24 
1 430 176 10 11 
1 469 129 13 13 
1 561 245 16 15 
1 499 353 24 19 
1 262 312 11 11 
1 464 59 9 11 
1 567 43 11 10 
1 407 70 15 15 
1 444 119 13 16 
1 465 271 12 12 
1 208 350 10 10 
1 277 302 13 14 
1 417 348 14 12 
1 353 127 9 9 
1 376 19 11 9 
1 511 197 8 13 
