1 180 365 31 32 
1 367 50 27 27 
1 61 0 37 26 
1 55 0 45 30 
1 148 24 22 18 
1 119 32 20 17 
1 91 80 18 18 
1 112 112 19 21 
1 367 48 29 31 
1 299 80 18 17 
1 308 67 13 16 
1 331 8 13 15 
1 279 105 15 17 
1 144 179 13 11 
1 156 181 17 18 
1 244 320 16 22 
1 254 317 14 12 
1 293 314 13 14 
1 306 328 19 18 
1 252 290 11 11 
1 296 270 8 10 
1 323 195 12 15 
1 389 215 15 14 
1 370 229 11 11 
1 383 179 14 13 
1 412 81 17 16 
1 518 75 15 20 
1 521 49 19 18 
1 503 136 17 19 
1 418 160 17 19 
1 425 146 9 11 
1 23 171 14 17 
1 465 259 10 10 
1 425 97 13 16 
1 352 131 11 11 
1 377 284 12 12 
1 273 204 10 11 
