1 357 160 32 32 
1 88 205 43 42 
1 0 308 33 40 
1 329 210 34 35 
1 0 310 37 35 
1 24 282 21 21 
1 1 217 14 22 
1 87 203 44 45 
1 2 259 12 11 
1 8 250 13 10 
1 44 246 15 16 
1 59 270 10 10 
1 86 277 19 14 
1 84 319 11 10 
1 83 343 15 15 
1 72 283 10 12 
1 147 268 9 13 
1 134 237 7 12 
1 113 335 9 16 
1 74 141 20 19 
1 102 133 16 11 
1 14 109 24 19 
1 0 85 16 26 
1 28 76 23 21 
1 50 78 17 15 
1 321 204 43 41 
1 353 155 42 37 
1 385 124 26 23 
1 490 118 33 32 
1 484 74 24 28 
1 554 69 18 20 
1 375 69 17 16 
1 317 118 16 14 
1 282 122 22 24 
1 317 86 14 15 
1 301 64 12 15 
1 324 54 16 15 
1 422 36 12 10 
1 425 22 17 13 
1 358 342 19 18 
1 286 343 22 16 
1 272 328 11 9 
1 97 6 15 14 
1 89 34 12 12 
1 114 33 9 10 
1 100 55 16 14 
1 220 66 25 31 
1 264 45 14 12 
1 9 45 14 14 
1 17 2 16 12 
1 442 125 13 16 
1 548 219 14 12 
1 542 144 10 14 
1 473 292 9 10 
1 200 17 9 11 
