1 224 45 72 72 
1 38 72 30 31 
1 177 235 29 29 
1 327 330 50 50 
1 500 326 27 26 
1 327 1 27 27 
1 370 257 31 31 
1 324 333 56 51 
1 395 304 26 25 
1 425 350 15 20 
1 463 345 19 16 
1 493 320 34 32 
1 254 212 28 32 
1 230 52 59 54 
1 37 71 31 32 
1 323 0 31 27 
1 320 28 25 22 
1 221 25 22 20 
1 175 233 31 32 
1 149 250 18 15 
1 119 285 13 14 
1 132 295 14 15 
1 252 330 16 16 
1 367 256 34 34 
1 515 247 15 18 
1 175 189 28 24 
1 182 214 18 14 
1 83 250 19 18 
1 70 253 12 12 
1 8 222 13 16 
1 1 118 19 19 
1 93 139 13 17 
1 109 146 21 13 
1 104 170 16 13 
1 183 95 15 17 
1 242 125 18 14 
1 252 104 12 16 
1 455 118 19 22 
1 454 90 16 15 
1 7 47 14 18 
1 65 0 20 17 
1 458 54 15 14 
1 483 90 9 16 
1 489 100 15 18 
1 530 60 14 16 
1 555 46 14 14 
1 455 31 15 14 
1 450 17 13 14 
1 413 48 19 16 
1 296 222 18 16 
1 308 111 16 16 
1 448 195 15 15 
1 510 152 10 11 
1 530 172 9 13 
1 44 31 15 14 
1 50 138 18 19 
1 223 294 18 19 
1 328 244 21 19 
1 334 125 12 13 
1 370 72 14 15 
1 384 87 13 15 
1 346 47 16 22 
1 372 25 12 13 
1 350 24 12 9 
1 503 27 14 15 
1 494 15 15 12 
1 462 9 11 8 
1 418 151 10 14 
1 426 161 9 13 
1 436 164 14 16 
1 439 149 14 12 
1 433 239 15 14 
1 476 285 15 12 
1 587 309 10 13 
1 575 308 8 12 
1 535 370 8 10 
1 566 347 10 11 
1 481 191 10 11 
1 163 172 14 14 
1 106 294 11 11 
1 98 70 15 12 
1 105 48 16 16 
1 120 24 12 11 
1 132 22 8 11 
1 204 2 21 20 
1 227 0 15 16 
1 306 41 12 14 
1 410 26 13 13 
1 165 283 16 18 
1 0 103 12 16 
1 9 107 12 9 
