1 176 96 65 65 
1 165 29 36 35 
1 6 0 32 24 
1 4 334 29 30 
1 240 344 28 28 
1 465 251 28 28 
1 394 134 26 26 
1 569 317 26 27 
1 164 27 42 40 
1 7 0 35 26 
1 41 2 22 19 
1 59 27 17 16 
1 64 43 16 15 
1 14 108 17 16 
1 77 103 14 18 
1 21 121 23 19 
1 1 120 13 16 
1 12 148 12 11 
1 0 160 15 15 
1 0 175 13 14 
1 47 211 17 16 
1 31 99 15 15 
1 131 38 10 12 
1 135 117 13 12 
1 175 95 65 66 
1 81 189 20 22 
1 97 198 17 16 
1 101 162 11 14 
1 3 332 33 31 
1 115 134 13 13 
1 154 126 8 12 
1 242 98 21 18 
1 100 226 12 12 
1 240 342 26 22 
1 267 165 19 18 
1 149 195 12 12 
1 113 277 20 19 
1 101 278 13 15 
1 77 314 18 21 
1 33 333 13 13 
1 65 318 14 15 
1 303 187 14 16 
1 289 263 27 26 
1 391 130 33 32 
1 372 141 22 23 
1 383 164 27 27 
1 355 201 21 22 
1 243 63 12 16 
1 266 12 16 17 
1 373 87 20 17 
1 61 147 16 16 
1 331 247 18 19 
1 302 214 13 17 
1 298 241 16 15 
1 417 181 26 22 
1 431 167 21 17 
1 439 156 17 15 
1 566 30 18 23 
1 463 251 32 30 
1 484 246 23 21 
1 513 266 19 19 
1 490 287 15 17 
1 269 338 21 21 
1 287 325 33 35 
1 487 320 39 35 
1 515 319 16 14 
1 518 288 15 17 
1 537 36 18 17 
1 320 175 13 12 
1 365 165 12 12 
1 352 181 12 14 
1 328 304 17 17 
1 416 345 13 15 
1 442 315 11 12 
1 110 261 17 21 
1 260 262 9 10 
1 259 277 22 23 
1 349 101 12 11 
1 537 225 26 26 
1 401 350 11 11 
1 406 342 14 14 
1 322 311 14 15 
1 557 70 11 12 
1 492 0 24 12 
1 519 15 14 12 
