1 53 156 78 77 
1 289 278 41 40 
1 323 296 37 38 
1 232 213 22 24 
1 305 120 18 12 
1 327 92 18 17 
1 412 65 31 26 
1 499 113 18 12 
1 537 66 24 20 
1 505 189 27 29 
1 419 303 21 24 
1 429 321 20 19 
1 384 336 26 23 
1 323 295 31 34 
1 287 277 24 42 
1 209 316 23 23 
1 49 282 22 31 
1 97 267 14 24 
1 45 159 46 65 
1 52 64 25 14 
1 116 100 22 13 
1 135 122 23 31 
1 188 171 16 20 
1 215 198 18 15 
1 243 104 10 13 
1 214 34 15 19 
1 225 43 23 28 
1 151 39 17 20 
1 139 -1 23 14 
1 354 0 14 10 
1 549 -3 18 24 
1 119 331 12 14 
1 7 223 20 22 
1 45 88 16 20 
1 215 91 22 17 
1 218 114 13 7 
1 263 148 16 14 
1 282 156 16 16 
1 333 131 23 13 
1 356 40 18 21 
1 389 11 20 14 
1 439 68 15 17 
1 105 6 21 13 
1 126 26 15 7 
1 140 10 8 16 
1 163 178 17 16 
1 192 155 16 13 
1 229 151 19 17 
1 195 245 15 18 
1 207 256 14 19 
1 151 282 13 13 
1 203 336 15 14 
1 247 290 21 29 
1 346 209 20 26 
1 550 320 16 24 
1 105 226 15 19 
1 175 232 15 21 
1 172 35 13 14 
1 176 48 21 20 
1 274 101 11 12 
1 174 271 13 11 
1 110 249 11 12 
1 43 334 14 12 
1 494 153 16 17 
1 534 322 17 14 
1 531 242 13 14 
1 418 199 14 14 
1 408 220 13 10 
1 215 180 10 6 
1 149 311 8 9 
