1 103 121 45 46 
1 44 57 36 36 
1 366 219 70 71 
1 211 321 27 27 
1 422 1 31 31 
1 316 52 35 35 
1 52 224 95 94 
1 101 121 49 50 
1 108 171 28 31 
1 89 174 13 16 
1 62 177 13 15 
1 36 184 13 13 
1 22 162 19 24 
1 40 51 34 43 
1 25 61 21 19 
1 7 44 24 23 
1 39 23 14 16 
1 0 24 14 12 
1 116 56 13 11 
1 142 92 24 25 
1 253 140 19 22 
1 216 131 17 16 
1 282 109 14 15 
1 393 92 26 23 
1 296 70 15 16 
1 230 33 25 17 
1 266 32 15 12 
1 290 -2 26 26 
1 418 1 33 29 
1 505 34 22 26 
1 549 44 13 20 
1 541 22 15 15 
1 528 0 30 23 
1 558 137 13 17 
1 562 94 16 17 
1 405 273 21 20 
1 203 315 38 34 
1 295 309 21 17 
1 264 286 22 17 
1 331 275 19 15 
1 328 235 24 27 
1 382 199 20 17 
1 118 332 0 0 
1 74 318 22 27 
1 97 308 19 27 
1 119 316 12 17 
1 136 348 16 13 
1 3 258 22 27 
1 9 230 24 26 
1 74 252 19 18 
1 161 27 15 13 
1 202 25 16 17 
1 205 119 13 14 
1 289 146 18 20 
1 305 191 21 26 
1 486 343 21 19 
1 443 277 18 15 
1 550 289 15 19 
1 539 260 16 23 
1 456 249 16 25 
1 389 327 19 22 
1 371 317 18 18 
1 174 245 17 15 
1 199 220 17 15 
1 509 206 13 13 
1 501 234 14 13 
1 429 278 14 16 
1 247 328 13 12 
1 196 325 12 15 
1 12 329 14 16 
1 49 112 8 11 
1 359 71 14 11 
1 502 65 14 15 
1 414 182 11 10 
1 422 217 13 10 
1 188 55 20 15 
