1 208 45 43 42 
1 184 15 26 26 
1 176 379 24 21 
1 199 371 17 17 
1 73 382 17 15 
1 279 366 23 24 
1 464 372 15 14 
1 340 377 18 17 
1 450 135 11 12 
1 328 303 12 14 
1 274 350 14 12 
1 107 1 28 21 
1 141 18 23 24 
1 179 13 37 35 
1 213 48 42 39 
1 229 39 14 8 
1 40 1 16 13 
1 2 96 17 22 
1 13 113 13 15 
1 157 84 20 17 
1 168 103 17 16 
1 103 63 15 13 
1 104 37 17 12 
1 74 28 16 12 
1 244 1 21 16 
1 66 272 21 21 
1 100 255 17 15 
1 90 294 20 20 
1 94 318 15 14 
1 90 332 12 13 
1 96 345 14 11 
1 131 248 21 18 
1 41 163 19 17 
1 0 195 17 23 
1 58 215 14 14 
1 24 232 15 13 
1 8 257 17 14 
1 257 165 15 16 
1 241 180 18 15 
1 220 210 20 15 
1 250 118 17 14 
1 346 165 19 16 
1 272 95 14 12 
1 120 152 17 16 
1 99 186 14 11 
1 122 205 11 13 
1 267 270 18 16 
1 532 141 28 23 
1 415 190 21 17 
1 390 116 22 18 
1 291 164 20 13 
1 143 88 12 13 
1 250 299 14 12 
1 245 264 16 15 
1 333 188 12 12 
1 56 11 15 13 
1 317 101 13 13 
1 218 163 16 14 
1 326 250 12 13 
1 491 232 20 18 
1 512 233 16 14 
1 518 248 23 18 
1 488 298 17 13 
1 494 311 16 17 
1 515 319 16 12 
1 544 323 14 14 
1 478 344 13 14 
1 272 292 18 18 
1 278 306 19 15 
1 88 202 11 11 
1 311 137 11 10 
1 437 76 14 16 
1 455 51 15 12 
1 560 110 11 11 
1 539 99 19 14 
1 525 101 12 14 
1 537 86 16 14 
1 419 263 20 16 
1 413 336 17 14 
1 391 149 17 14 
1 389 66 29 20 
1 543 38 21 18 
1 472 81 13 11 
1 546 0 14 11 
1 549 184 19 17 
1 360 296 18 15 
1 363 325 9 9 
1 372 331 12 15 
1 379 348 13 12 
1 211 18 17 16 
1 357 0 12 9 
1 410 16 11 11 
1 289 13 20 20 
1 214 243 10 9 
1 227 310 22 20 
1 122 292 9 9 
1 197 169 12 9 
1 454 206 13 11 
1 447 168 12 11 
1 389 268 12 11 
1 28 217 12 12 
1 164 158 12 12 
