1 521 339 46 47 
1 15 267 34 34 
1 106 0 74 73 
1 313 205 31 31 
1 512 333 62 56 
1 106 0 89 74 
1 437 208 38 32 
1 305 204 36 28 
1 486 163 20 22 
1 399 139 22 22 
1 427 140 23 21 
1 343 27 30 26 
1 353 2 33 26 
1 298 144 19 20 
1 241 212 16 17 
1 384 312 21 20 
1 418 311 18 20 
1 346 327 18 19 
1 383 376 21 18 
1 318 358 16 17 
1 330 388 15 11 
1 8 262 45 42 
1 51 286 15 13 
1 159 285 20 26 
1 124 186 13 12 
1 138 203 11 12 
1 199 233 12 11 
1 260 149 15 14 
1 276 317 13 13 
1 397 254 14 19 
1 371 267 20 18 
1 413 250 11 13 
1 480 250 24 23 
1 517 183 14 17 
1 506 58 16 15 
1 523 4 23 24 
1 554 2 19 11 
1 564 71 24 24 
1 527 61 18 14 
1 518 74 16 13 
1 91 278 13 16 
1 153 245 15 16 
1 306 83 13 16 
1 324 96 13 15 
1 374 100 15 12 
1 359 112 13 12 
1 424 367 14 12 
1 430 388 18 12 
1 187 121 23 20 
1 148 127 19 16 
1 255 273 13 12 
1 520 288 19 19 
1 583 299 15 17 
1 548 274 13 19 
1 457 188 14 16 
1 464 177 13 11 
1 464 162 12 13 
1 461 151 11 12 
1 586 372 13 17 
1 447 334 12 15 
1 464 329 15 16 
1 440 321 12 15 
1 456 81 15 13 
1 486 147 12 17 
1 290 202 12 17 
1 279 363 16 11 
1 317 296 22 20 
1 463 303 13 13 
1 566 257 13 14 
1 135 294 14 13 
1 308 9 15 18 
1 439 4 16 15 
1 47 3 12 12 
1 89 55 11 12 
1 62 14 13 11 
1 106 105 14 14 
1 350 174 13 15 
