1 287 14 98 98 
1 425 267 45 46 
1 491 101 59 59 
1 354 169 25 25 
1 8 360 31 32 
1 312 330 40 41 
1 0 1 25 28 
1 9 51 7 9 
1 28 138 14 16 
1 26 211 16 13 
1 31 234 21 37 
1 48 263 14 10 
1 47 280 16 16 
1 46 302 11 11 
1 26 286 11 10 
1 10 260 10 10 
1 0 292 8 9 
1 2 229 7 8 
1 37 312 17 18 
1 80 312 14 13 
1 71 302 9 9 
1 80 350 11 10 
1 92 349 9 10 
1 185 48 29 28 
1 159 65 38 33 
1 241 66 12 12 
1 268 19 12 11 
1 276 6 6 9 
1 273 73 12 11 
1 259 96 11 10 
1 226 117 21 20 
1 252 108 10 8 
1 246 117 11 9 
1 252 123 11 10 
1 234 143 15 15 
1 220 154 11 10 
1 232 160 15 12 
1 229 172 11 11 
1 216 225 17 14 
1 201 244 18 17 
1 217 247 12 17 
1 187 309 7 9 
1 196 312 13 11 
1 200 325 13 11 
1 179 330 11 10 
1 183 340 13 12 
1 216 336 9 11 
1 234 311 9 11 
1 234 337 17 17 
1 244 279 12 13 
1 279 345 17 17 
1 255 279 41 71 
1 295 322 11 11 
1 308 328 11 10 
1 307 344 12 13 
1 282 245 15 13 
1 272 224 15 15 
1 256 221 11 12 
1 223 223 33 63 
1 268 156 8 11 
1 292 123 10 10 
1 267 186 17 19 
1 284 201 7 7 
1 288 209 9 10 
1 316 204 11 11 
1 288 186 7 10 
1 296 183 10 11 
1 307 186 7 11 
1 319 186 9 10 
1 317 173 7 12 
1 308 172 7 11 
1 305 147 17 23 
1 325 136 15 17 
1 332 253 13 11 
1 330 220 13 15 
1 333 217 13 13 
1 348 224 18 16 
1 337 171 41 38 
1 375 205 9 12 
1 395 182 9 9 
1 400 190 14 13 
1 362 146 10 13 
1 374 138 11 15 
1 374 122 10 11 
1 385 129 8 10 
1 341 99 12 13 
1 350 123 11 8 
1 343 130 8 11 
1 295 24 14 15 
1 316 15 13 10 
1 357 1 22 19 
1 394 46 10 11 
1 14 3 261 365 
1 388 70 9 15 
1 296 23 95 89 
1 348 288 9 11 
1 355 285 12 17 
1 326 281 12 10 
1 361 240 10 10 
1 383 239 14 12 
1 392 239 26 33 
1 412 268 10 11 
1 440 247 10 9 
1 422 239 12 13 
1 426 267 40 45 
1 462 294 18 20 
1 465 312 16 16 
1 458 333 14 12 
1 386 326 33 32 
1 378 314 10 11 
1 309 329 41 37 
1 473 22 12 11 
1 441 44 18 16 
1 434 63 8 8 
1 419 150 7 6 
1 426 151 9 10 
1 450 159 17 12 
1 460 119 16 16 
1 460 102 12 13 
1 461 92 10 8 
1 291 268 13 13 
1 429 189 14 12 
1 450 181 12 18 
1 464 170 16 23 
1 481 153 8 11 
1 492 162 11 13 
1 491 191 10 11 
1 477 200 9 12 
1 455 217 9 11 
1 465 223 15 41 
1 485 249 15 14 
1 481 275 10 9 
1 487 282 13 18 
1 511 225 13 10 
1 507 238 12 11 
1 496 214 9 12 
1 514 218 74 126 
1 372 96 14 23 
1 490 110 12 12 
1 502 85 14 19 
1 499 108 39 39 
1 531 106 11 11 
1 561 120 19 20 
1 576 143 8 12 
1 554 148 12 13 
1 561 163 9 9 
1 525 156 11 12 
1 551 179 8 8 
1 571 196 7 9 
1 541 178 10 10 
1 535 44 21 27 
1 561 82 16 16 
1 573 101 10 12 
1 572 43 10 10 
1 569 16 11 12 
1 219 362 22 23 
1 518 381 13 14 
1 0 0 0 0 
1 338 374 19 20 
1 364 358 14 15 
1 445 142 9 9 
1 550 379 18 16 
1 330 298 6 7 
