1 373 33 61 60 
1 335 270 35 35 
1 457 328 30 30 
1 34 82 57 57 
1 360 269 66 66 
1 372 31 68 67 
1 385 88 21 21 
1 365 1 29 26 
1 418 105 19 21 
1 450 0 26 22 
1 494 10 22 23 
1 487 17 13 13 
1 490 45 23 23 
1 513 52 22 23 
1 547 42 24 24 
1 543 71 13 14 
1 550 63 11 11 
1 572 95 27 27 
1 592 109 9 14 
1 580 13 13 13 
1 562 147 13 14 
1 519 115 14 15 
1 485 128 14 16 
1 543 201 19 20 
1 569 213 18 21 
1 587 224 15 21 
1 585 240 23 31 
1 581 276 16 17 
1 570 286 16 16 
1 566 265 11 12 
1 548 242 11 13 
1 563 320 14 14 
1 565 310 11 13 
1 552 334 24 23 
1 556 367 17 18 
1 521 367 31 31 
1 455 325 36 37 
1 439 368 19 19 
1 427 337 14 15 
1 435 349 13 14 
1 398 371 18 19 
1 357 372 31 28 
1 404 334 15 17 
1 402 278 19 21 
1 333 266 46 46 
1 327 258 21 22 
1 279 284 20 21 
1 302 346 17 18 
1 107 364 91 42 
1 143 291 20 20 
1 140 321 15 15 
1 50 309 25 24 
1 89 293 16 18 
1 39 296 16 16 
1 33 321 14 16 
1 1 333 16 16 
1 46 367 16 17 
1 63 382 11 11 
1 38 296 16 18 
1 13 251 28 29 
1 29 77 65 61 
1 52 69 26 25 
1 22 83 16 17 
1 27 60 15 16 
1 1 118 21 21 
1 10 1 16 14 
1 42 17 12 12 
1 68 49 17 17 
1 84 17 17 19 
1 104 10 25 24 
1 101 13 11 11 
1 125 82 19 21 
1 147 75 15 16 
1 140 58 16 18 
1 147 36 14 16 
1 187 56 18 18 
1 213 72 32 31 
1 173 114 15 16 
1 193 114 13 15 
1 185 143 17 18 
1 184 168 14 15 
1 162 175 15 17 
1 235 170 19 19 
1 242 157 31 32 
1 263 204 30 33 
1 272 177 20 22 
1 2 97 10 12 
1 0 60 10 11 
1 9 52 12 14 
1 2 21 9 12 
1 75 91 12 14 
1 45 132 17 17 
1 60 299 10 12 
1 85 310 13 15 
1 95 130 15 16 
1 106 142 12 13 
1 94 61 13 14 
1 107 51 13 15 
1 121 45 10 11 
1 163 13 12 13 
1 147 3 11 12 
1 238 44 16 17 
1 250 44 13 14 
1 245 22 17 17 
1 250 0 22 8 
1 238 217 15 15 
1 234 230 11 12 
1 258 228 12 12 
1 207 313 12 13 
1 302 197 13 13 
1 309 378 11 12 
1 326 127 11 13 
1 330 116 13 14 
1 337 131 16 16 
1 334 143 16 17 
1 339 160 11 11 
1 378 141 32 34 
1 397 195 35 36 
1 416 213 25 27 
1 434 216 30 29 
1 438 203 18 18 
1 436 186 14 16 
1 427 130 13 14 
1 444 148 16 17 
1 432 289 13 13 
1 430 299 16 18 
1 441 311 12 13 
1 448 291 11 12 
1 464 84 15 19 
1 461 21 11 12 
1 451 15 11 11 
1 514 5 12 13 
1 584 61 18 20 
1 531 86 11 12 
1 527 309 15 16 
1 518 324 15 15 
1 523 318 12 12 
1 578 383 19 18 
1 115 257 24 25 
1 190 249 18 17 
1 157 256 16 17 
1 180 212 15 15 
1 201 181 15 15 
1 192 11 38 37 
1 178 78 85 79 
1 212 150 15 16 
1 218 180 12 13 
1 225 296 11 12 
1 274 63 13 13 
1 286 68 14 15 
1 288 80 24 25 
1 304 58 12 14 
1 312 67 17 18 
1 312 83 12 13 
1 368 99 22 23 
1 490 113 37 35 
1 473 164 15 16 
1 490 152 11 12 
1 508 154 14 16 
1 529 141 12 13 
1 502 214 12 12 
1 505 247 15 16 
1 490 258 15 16 
1 556 257 14 15 
1 560 11 27 29 
1 133 139 43 44 
1 130 193 34 32 
1 98 216 40 36 
1 78 155 14 16 
1 116 181 11 12 
1 300 1 12 12 
1 374 209 11 11 
1 378 217 11 12 
1 382 227 10 11 
1 398 229 12 12 
1 450 267 13 15 
1 359 124 12 14 
1 439 67 13 14 
1 385 341 12 13 
1 359 324 11 12 
1 349 333 12 13 
1 368 350 11 12 
1 355 351 12 12 
1 507 320 14 16 
1 512 168 14 15 
1 503 167 12 13 
1 500 177 10 11 
1 496 181 10 11 
1 502 102 13 14 
1 481 60 45 43 
1 508 22 21 21 
1 352 319 14 16 
1 360 325 10 10 
1 349 333 11 12 
1 538 100 14 15 
1 589 1 9 11 
1 406 1 15 11 
1 381 255 12 14 
1 376 244 11 12 
1 300 280 12 12 
1 155 324 10 11 
1 150 331 10 11 
1 70 233 12 13 
1 30 189 10 11 
1 140 11 9 9 
1 93 1 10 10 
1 106 1 11 10 
1 329 81 18 18 
1 342 72 19 21 
1 440 112 14 15 
1 479 102 12 13 
1 476 190 14 15 
1 492 298 14 17 
1 403 245 13 15 
1 391 300 10 10 
1 389 306 11 11 
1 318 141 11 12 
1 291 142 9 11 
