1 5 170 81 81 
1 0 304 28 28 
1 556 37 31 30 
1 4 186 45 42 
1 109 22 13 13 
1 220 13 17 16 
1 240 64 8 8 
1 289 82 11 14 
1 312 61 7 8 
1 215 240 11 11 
1 209 252 7 8 
1 214 258 11 8 
1 199 258 14 11 
1 262 238 7 8 
1 265 250 9 7 
1 277 250 9 12 
1 228 346 15 11 
1 201 351 13 11 
1 269 308 13 16 
1 289 314 8 8 
1 270 326 9 11 
1 292 336 17 17 
1 289 295 7 9 
1 296 290 8 9 
1 283 133 7 11 
1 301 127 10 13 
1 327 153 16 13 
1 333 168 6 10 
1 311 183 9 9 
1 318 189 10 9 
1 336 194 16 11 
1 327 201 8 7 
1 308 204 9 9 
1 322 221 8 8 
1 336 247 7 8 
1 354 223 8 8 
1 341 272 10 10 
1 360 251 7 11 
1 372 252 10 10 
1 341 255 13 11 
1 395 265 9 7 
1 379 278 23 22 
1 361 317 11 12 
1 367 298 9 8 
1 335 315 7 8 
1 402 343 12 9 
1 436 351 11 10 
1 420 273 11 12 
1 399 236 12 13 
1 377 187 12 11 
1 392 170 17 16 
1 398 140 12 13 
1 348 134 12 10 
1 362 94 11 10 
1 375 10 17 14 
1 364 2 9 8 
1 433 30 16 14 
1 495 0 15 7 
1 510 15 16 12 
1 558 39 21 25 
1 563 67 10 13 
1 488 33 12 12 
1 489 48 12 12 
1 468 32 9 8 
1 453 41 7 8 
1 443 54 10 8 
1 469 51 10 11 
1 452 80 11 12 
1 396 104 21 17 
1 410 87 14 11 
1 447 105 8 8 
1 461 117 13 13 
1 446 159 9 11 
1 410 157 11 9 
1 413 178 8 10 
1 480 149 8 7 
1 489 158 8 8 
1 477 234 13 14 
1 571 95 9 10 
1 565 117 8 9 
1 572 101 10 11 
1 569 143 14 15 
1 555 198 12 13 
1 574 202 11 12 
1 502 206 9 11 
1 513 254 11 9 
1 452 293 10 10 
1 501 293 14 11 
1 568 315 13 11 
1 552 343 12 12 
1 535 8 6 9 
1 573 8 7 9 
1 526 30 7 10 
1 544 47 10 10 
1 504 34 10 10 
1 524 383 15 14 
1 483 389 12 11 
1 400 385 9 10 
1 249 372 8 9 
1 270 388 11 10 
1 313 391 9 9 
1 313 365 7 8 
1 327 367 7 8 
1 459 360 8 10 
1 425 115 9 9 
1 428 99 9 9 
1 493 208 9 9 
1 340 373 11 12 
