1 398 178 169 170 
1 231 199 61 61 
1 194 302 30 30 
1 20 118 64 64 
1 234 76 54 54 
1 388 306 28 28 
1 4 0 30 20 
1 221 240 97 97 
1 151 86 24 25 
1 23 112 68 68 
1 90 248 32 32 
1 73 199 21 21 
1 396 225 22 22 
1 192 299 33 33 
1 155 18 16 16 
1 103 67 15 15 
1 128 32 15 15 
1 126 5 13 13 
1 358 39 34 34 
1 540 47 19 19 
1 167 62 16 16 
1 151 63 16 16 
1 172 192 16 16 
1 195 155 17 17 
1 124 147 18 18 
1 8 210 18 18 
1 5 305 15 15 
1 337 152 17 17 
1 370 125 19 20 
1 404 167 20 20 
1 313 28 28 28 
1 279 137 19 19 
1 153 303 24 24 
1 164 260 17 17 
1 281 334 20 20 
1 386 302 35 35 
1 501 104 18 21 
1 415 187 149 149 
1 317 164 23 23 
1 455 29 16 16 
1 488 10 21 21 
1 213 282 15 15 
1 396 72 14 15 
1 495 155 22 22 
1 470 337 22 22 
1 251 25 21 21 
1 261 149 17 17 
1 298 94 22 22 
1 412 71 20 20 
1 191 248 15 16 
1 228 295 25 25 
1 236 326 14 14 
1 146 113 14 13 
1 257 127 14 16 
1 408 31 20 21 
1 511 3 20 20 
1 550 165 18 17 
1 135 263 17 17 
1 234 101 14 14 
1 512 79 18 20 
1 331 275 18 18 
1 370 340 18 18 
