1 509 115 32 32 
1 199 131 30 30 
1 321 89 20 21 
1 499 52 30 30 
1 508 115 34 34 
1 491 73 20 20 
1 541 124 12 12 
1 104 21 23 22 
1 31 25 16 16 
1 52 31 20 20 
1 5 84 17 17 
1 5 103 19 19 
1 9 157 22 21 
1 22 118 17 17 
1 36 88 14 13 
1 110 99 19 18 
1 92 103 17 17 
1 144 57 20 21 
1 73 7 20 21 
1 99 155 17 17 
1 163 194 19 19 
1 175 246 20 21 
1 181 10 21 21 
1 200 2 18 18 
1 279 1 27 19 
1 338 58 16 16 
1 365 49 13 13 
1 340 7 16 16 
1 333 20 14 14 
1 300 40 17 17 
1 263 14 18 18 
1 276 22 12 12 
1 436 59 17 17 
1 436 42 20 19 
1 477 26 20 20 
1 466 4 15 14 
1 245 251 20 20 
1 282 290 20 21 
1 269 316 23 23 
1 357 339 22 22 
1 429 249 17 17 
1 387 160 16 16 
1 467 177 16 16 
1 480 153 20 20 
1 446 183 17 17 
1 108 4 13 13 
1 21 0 14 14 
1 302 159 11 11 
1 362 180 19 19 
1 51 339 17 17 
1 26 235 14 14 
1 324 228 13 13 
1 264 159 21 22 
1 422 242 11 10 
1 520 245 18 19 
1 502 292 17 17 
1 328 157 13 13 
1 347 142 15 12 
1 49 306 13 12 
1 137 105 15 14 
1 254 312 13 13 
1 369 151 12 12 
1 407 63 13 13 
1 334 260 14 16 
1 366 298 13 13 
1 161 306 13 13 
1 193 319 13 13 
1 169 287 14 14 
1 144 213 15 12 
1 279 203 14 14 
1 459 104 12 12 
