1 451 190 59 59 
1 507 338 43 43 
1 340 147 29 30 
1 217 0 27 26 
1 506 135 34 33 
1 162 33 26 26 
1 449 184 65 67 
1 498 126 44 43 
1 555 34 24 26 
1 551 155 27 27 
1 493 336 60 55 
1 349 332 28 26 
1 328 347 17 16 
1 335 143 36 38 
1 373 129 16 20 
1 307 74 26 23 
1 213 0 31 30 
1 249 11 27 25 
1 84 101 31 23 
1 11 31 29 24 
1 155 32 25 26 
1 148 0 26 28 
1 178 10 18 17 
1 117 237 27 26 
1 105 313 20 20 
1 84 308 19 20 
1 116 351 21 21 
1 139 337 23 19 
1 165 346 16 19 
1 189 311 24 26 
1 248 380 17 15 
1 194 384 17 12 
1 298 238 28 27 
1 318 197 22 24 
1 371 261 23 26 
1 414 254 18 18 
1 429 243 16 18 
1 406 336 19 15 
1 382 31 23 23 
1 418 69 21 19 
1 152 163 21 26 
1 158 147 17 15 
1 91 78 17 20 
1 113 73 16 18 
1 117 45 18 19 
1 125 28 14 14 
1 11 334 27 27 
1 114 280 19 15 
1 288 275 14 16 
1 255 191 31 25 
1 267 137 22 18 
1 227 123 18 18 
1 469 302 12 15 
1 336 276 16 20 
1 291 308 17 15 
1 1 285 14 18 
1 55 242 11 14 
1 62 285 25 21 
1 110 182 13 18 
1 6 116 18 17 
1 12 74 15 13 
1 467 111 26 25 
1 404 313 12 13 
1 389 302 12 14 
1 268 359 15 19 
1 318 22 13 15 
1 286 55 15 14 
1 472 24 15 15 
1 224 181 11 14 
1 221 198 16 15 
1 198 258 19 21 
1 184 272 16 18 
1 234 272 18 11 
1 242 253 15 15 
1 247 223 16 15 
1 299 104 23 18 
1 583 289 17 27 
1 62 326 16 14 
1 187 201 13 13 
1 218 295 18 14 
1 225 313 25 20 
1 193 71 26 23 
1 561 292 16 18 
1 442 102 14 19 
1 458 136 14 15 
1 527 169 14 17 
1 359 212 8 10 
