1 421 153 38 37 
1 520 313 34 34 
1 525 0 35 20 
1 423 152 36 37 
1 518 309 32 35 
1 554 260 16 14 
1 482 183 20 25 
1 417 136 19 20 
1 372 120 12 13 
1 254 219 13 12 
1 355 329 15 13 
1 46 115 11 11 
1 33 149 22 20 
1 27 226 10 16 
1 180 141 17 14 
1 305 69 13 15 
1 325 60 11 11 
1 358 41 12 13 
1 334 21 10 11 
1 320 0 16 8 
1 277 0 18 9 
1 286 10 6 10 
1 229 93 24 20 
1 286 120 19 16 
1 515 81 13 16 
1 385 12 23 20 
1 370 207 9 13 
1 360 252 12 14 
1 420 249 10 10 
1 520 0 43 17 
1 519 24 12 13 
1 435 18 11 13 
1 40 64 8 11 
1 130 320 17 14 
1 232 265 12 10 
1 267 342 10 11 
1 427 0 13 12 
1 239 213 10 9 
1 184 78 9 11 
1 189 68 8 9 
