1 177 250 32 32 
1 362 89 25 25 
1 435 6 37 37 
1 560 26 28 28 
1 79 83 27 27 
1 5 231 10 13 
1 23 264 13 12 
1 70 121 21 16 
1 68 20 7 8 
1 76 81 10 7 
1 70 104 9 7 
1 57 350 8 8 
1 76 353 11 10 
1 117 159 9 10 
1 124 299 13 16 
1 137 292 11 11 
1 141 307 12 14 
1 161 278 12 11 
1 174 255 29 25 
1 196 220 18 20 
1 213 235 9 12 
1 230 254 12 14 
1 259 274 13 16 
1 265 300 8 10 
1 140 160 10 12 
1 154 164 8 9 
1 164 169 8 11 
1 171 161 8 10 
1 141 64 12 15 
1 177 100 12 13 
1 205 133 20 19 
1 165 221 12 10 
1 154 208 11 12 
1 291 211 9 9 
1 209 91 14 17 
1 184 82 10 9 
1 264 33 11 14 
1 283 27 11 11 
1 281 62 18 17 
1 319 57 22 22 
1 340 23 21 19 
1 382 33 22 21 
1 362 87 21 26 
1 434 13 12 12 
1 437 28 12 13 
1 476 60 16 21 
1 517 89 17 17 
1 468 102 13 15 
1 486 114 13 14 
1 572 222 12 13 
1 249 171 7 8 
1 271 190 6 8 
1 283 187 8 9 
1 294 189 7 8 
1 306 201 6 7 
1 324 304 9 8 
1 324 354 14 10 
1 307 248 8 10 
1 337 241 11 12 
1 326 190 11 11 
1 338 204 13 12 
1 363 214 13 11 
1 349 227 10 8 
1 360 240 7 9 
1 371 237 7 19 
1 378 250 8 8 
1 357 260 10 7 
1 340 272 9 9 
1 348 288 9 8 
1 407 234 12 12 
1 440 229 10 11 
1 488 236 13 14 
1 507 237 13 13 
1 524 216 10 11 
1 573 267 15 34 
1 536 323 18 20 
1 462 261 9 11 
1 299 103 9 8 
1 307 118 9 9 
1 308 128 10 11 
1 344 133 13 12 
1 360 149 8 9 
1 387 160 9 8 
1 321 109 10 9 
1 328 99 10 11 
1 362 66 21 16 
1 413 72 9 10 
1 415 86 8 9 
1 413 107 11 12 
1 409 137 16 18 
1 437 165 10 9 
1 454 141 9 10 
1 482 47 8 9 
1 477 29 8 10 
1 470 39 10 10 
1 512 2 10 11 
1 559 24 18 24 
1 575 68 11 10 
1 519 32 12 11 
1 513 59 12 12 
1 531 138 9 9 
1 558 148 11 18 
1 515 352 8 7 
1 227 16 9 10 
1 217 18 10 8 
1 221 24 8 12 
1 259 124 11 8 
1 418 286 8 7 
1 264 387 20 13 
1 474 373 11 12 
1 505 374 13 10 
