1 475 321 44 44 
1 547 201 38 38 
1 316 30 80 81 
1 472 0 31 26 
1 307 165 139 140 
1 468 314 59 59 
1 522 335 17 18 
1 545 361 17 19 
1 571 364 14 15 
1 581 349 15 17 
1 504 380 19 19 
1 479 374 17 17 
1 469 370 14 14 
1 443 390 22 13 
1 401 365 16 17 
1 406 374 16 15 
1 210 332 16 17 
1 151 320 17 18 
1 145 343 12 13 
1 130 339 13 15 
1 105 321 14 15 
1 114 359 14 16 
1 47 367 19 21 
1 62 369 13 15 
1 72 348 14 15 
1 83 320 18 20 
1 56 330 13 15 
1 49 347 13 13 
1 1 314 31 39 
1 0 281 17 28 
1 17 186 23 23 
1 40 170 12 13 
1 17 160 15 17 
1 30 152 14 14 
1 30 33 20 21 
1 44 30 12 12 
1 11 1 30 24 
1 98 61 20 20 
1 133 38 12 13 
1 163 29 14 15 
1 201 79 20 19 
1 234 82 12 13 
1 261 57 15 16 
1 262 69 12 13 
1 290 64 13 13 
1 310 30 12 13 
1 347 31 17 17 
1 335 0 29 14 
1 365 1 13 14 
1 309 28 93 87 
1 376 64 13 13 
1 374 87 14 15 
1 399 28 18 19 
1 457 26 18 19 
1 467 0 40 34 
1 512 53 13 13 
1 567 61 11 12 
1 568 54 9 10 
1 550 82 10 10 
1 538 100 17 15 
1 506 113 21 22 
1 473 121 25 28 
1 543 196 47 47 
1 558 182 11 12 
1 564 190 13 16 
1 546 259 14 14 
1 540 245 11 11 
1 538 250 12 13 
1 517 239 12 15 
1 489 232 14 13 
1 481 242 13 15 
1 450 213 20 21 
1 316 202 25 25 
1 309 180 21 22 
1 362 185 23 25 
1 326 257 20 22 
1 270 245 17 20 
1 256 242 14 16 
1 313 231 13 13 
1 258 218 15 15 
1 0 159 11 15 
1 3 188 13 14 
1 1 365 8 14 
1 52 280 26 27 
1 116 174 18 19 
1 140 189 19 20 
1 150 203 31 31 
1 182 208 10 11 
1 124 234 11 13 
1 200 178 14 15 
1 177 127 13 13 
1 156 125 14 14 
1 185 59 14 14 
1 250 17 11 12 
1 241 32 15 15 
1 218 265 19 20 
1 213 283 10 12 
1 235 274 14 14 
1 233 259 16 17 
1 240 163 14 14 
1 269 124 16 17 
1 264 115 15 16 
1 312 116 21 22 
1 329 114 25 28 
1 359 128 17 19 
1 322 295 22 22 
1 319 320 16 15 
1 296 338 19 18 
1 270 302 12 12 
1 330 362 12 14 
1 358 341 13 14 
1 353 357 13 15 
1 368 379 9 9 
1 384 126 22 25 
1 402 293 15 17 
1 415 289 20 21 
1 421 356 12 14 
1 532 375 14 15 
1 480 276 17 18 
1 456 185 19 18 
1 443 187 12 14 
1 488 167 17 19 
1 423 83 16 18 
1 426 66 16 16 
1 444 51 22 22 
1 476 80 22 22 
1 509 9 41 42 
1 573 19 29 37 
1 547 0 13 10 
1 586 196 13 16 
1 594 190 7 12 
1 565 278 23 25 
1 580 280 10 12 
1 591 347 15 44 
1 15 222 27 29 
1 31 285 16 18 
1 66 208 24 24 
1 145 130 12 14 
1 166 248 23 23 
1 243 59 11 12 
1 237 47 11 12 
1 317 7 16 16 
1 311 0 15 12 
1 305 16 11 12 
1 278 165 10 11 
1 258 207 10 10 
1 322 98 11 12 
1 428 236 22 21 
1 439 232 25 26 
1 426 237 18 18 
1 423 269 13 15 
1 519 180 12 13 
1 512 212 12 12 
1 582 122 16 15 
1 431 162 13 14 
1 461 135 12 11 
1 381 281 11 11 
1 401 155 10 10 
1 207 131 17 18 
1 255 144 11 13 
1 272 149 10 11 
1 269 182 10 11 
1 263 184 9 10 
1 244 243 12 13 
1 199 238 13 13 
1 113 281 10 9 
1 95 281 11 12 
1 132 4 11 11 
1 72 6 12 12 
1 566 119 13 14 
1 554 129 14 16 
1 431 110 29 28 
1 463 267 18 18 
1 344 274 20 21 
1 179 155 10 12 
1 168 159 10 12 
1 258 5 27 27 
1 124 380 23 22 
1 226 73 14 14 
1 226 43 12 12 
1 53 121 11 11 
1 235 208 9 10 
1 286 181 11 11 
1 295 173 10 11 
1 432 378 11 11 
1 478 307 9 10 
1 529 271 14 15 
1 262 341 12 12 
1 227 368 12 12 
1 169 341 12 13 
1 284 98 17 17 
1 427 0 18 10 
1 398 0 18 8 
1 385 20 11 12 
1 107 73 10 11 
1 215 31 11 12 
1 207 4 12 13 
1 76 302 18 19 
1 414 191 12 11 
1 415 181 11 11 
1 390 193 13 13 
1 398 274 17 17 
1 506 248 8 10 
1 514 226 10 10 
1 351 320 9 12 
1 365 326 9 10 
1 380 339 9 11 
1 307 362 11 12 
1 314 353 11 12 
1 424 341 13 14 
1 554 317 12 13 
1 231 105 10 12 
1 224 93 9 10 
1 131 299 10 11 
1 201 342 10 10 
1 583 95 15 16 
1 261 104 234 225 
