1 113 221 58 59 
1 244 79 51 51 
1 307 0 67 39 
1 250 359 26 25 
1 0 176 47 86 
1 218 288 34 34 
1 284 6 30 30 
1 409 324 28 29 
1 1 20 27 28 
1 17 84 19 19 
1 3 102 36 37 
1 18 131 16 17 
1 3 146 18 18 
1 0 190 21 62 
1 39 229 22 22 
1 66 232 10 12 
1 78 239 15 16 
1 61 272 11 11 
1 55 288 11 11 
1 16 270 13 14 
1 13 284 9 10 
1 0 318 10 13 
1 24 386 15 13 
1 66 335 16 16 
1 60 328 10 11 
1 55 340 13 14 
1 112 387 11 11 
1 125 395 12 7 
1 148 365 16 16 
1 141 339 21 22 
1 161 317 11 12 
1 127 297 11 13 
1 113 215 65 65 
1 169 224 14 15 
1 175 246 12 14 
1 185 236 21 23 
1 170 258 16 17 
1 158 267 15 15 
1 166 277 17 18 
1 239 259 14 15 
1 252 248 14 14 
1 258 233 14 16 
1 256 213 12 14 
1 234 168 17 19 
1 196 161 20 19 
1 194 174 13 14 
1 174 158 11 13 
1 183 164 11 11 
1 181 170 12 13 
1 209 121 22 22 
1 236 118 19 21 
1 249 130 14 15 
1 244 82 56 54 
1 275 78 13 15 
1 287 75 14 15 
1 224 62 22 23 
1 217 7 24 22 
1 242 18 11 12 
1 173 22 20 19 
1 284 3 34 35 
1 300 0 75 36 
1 360 26 13 15 
1 409 15 27 27 
1 425 37 12 13 
1 395 62 14 15 
1 404 57 13 13 
1 351 56 19 20 
1 341 49 20 21 
1 393 144 25 25 
1 416 149 20 21 
1 426 138 13 14 
1 442 150 12 13 
1 457 117 12 12 
1 507 78 23 22 
1 511 99 12 12 
1 541 81 13 13 
1 545 14 15 14 
1 548 6 11 11 
1 577 18 10 10 
1 587 67 11 12 
1 588 87 12 15 
1 554 117 23 23 
1 544 166 14 12 
1 560 173 12 12 
1 540 204 19 20 
1 566 221 14 16 
1 588 260 12 14 
1 450 235 24 26 
1 478 241 16 16 
1 472 232 14 14 
1 492 247 15 16 
1 470 310 29 29 
1 468 360 15 15 
1 490 381 27 21 
1 499 374 12 13 
1 437 384 13 13 
1 410 374 25 25 
1 404 318 40 42 
1 401 346 17 17 
1 393 369 14 15 
1 386 320 17 17 
1 407 294 15 16 
1 395 299 15 15 
1 373 338 14 15 
1 342 340 16 17 
1 328 364 25 25 
1 248 358 29 30 
1 275 369 18 19 
1 280 357 11 11 
1 286 308 23 25 
1 333 299 18 20 
1 343 216 51 54 
1 324 240 19 20 
1 317 190 17 18 
1 301 220 14 14 
1 259 235 14 14 
1 256 214 11 13 
1 230 236 11 13 
1 239 260 12 14 
1 217 285 37 40 
1 190 277 18 20 
1 513 5 22 22 
1 522 35 12 12 
1 511 49 12 12 
1 523 50 9 10 
1 529 65 10 11 
1 539 117 17 18 
1 536 163 10 11 
1 566 206 11 11 
1 540 256 11 11 
1 581 319 14 14 
1 501 294 12 12 
1 497 280 10 10 
1 501 234 9 9 
1 516 235 9 10 
1 520 237 12 13 
1 488 225 11 10 
1 465 165 19 20 
1 455 213 19 19 
1 435 263 12 12 
1 440 177 19 19 
1 426 281 17 19 
1 421 273 12 12 
1 413 257 10 11 
1 423 260 9 10 
1 438 325 12 12 
1 437 311 11 12 
1 430 314 8 9 
1 455 368 13 15 
1 395 233 15 15 
1 415 196 21 22 
1 401 197 17 18 
1 385 206 23 23 
1 372 192 20 20 
1 372 208 10 12 
1 380 105 20 20 
1 382 83 15 17 
1 286 41 22 24 
1 306 45 17 17 
1 302 34 12 14 
1 289 198 16 16 
1 277 213 10 11 
1 277 264 10 12 
1 314 265 11 12 
1 315 302 11 13 
1 354 326 10 12 
1 257 258 14 16 
1 271 276 17 18 
1 176 83 20 20 
1 153 119 17 17 
1 138 122 14 15 
1 117 110 21 23 
1 69 83 21 21 
1 89 81 12 13 
1 135 144 13 14 
1 117 136 21 21 
1 86 152 18 19 
1 65 170 20 21 
1 83 210 12 13 
1 135 144 13 15 
1 85 322 14 16 
1 125 350 13 15 
1 55 40 12 15 
1 18 60 13 12 
1 126 36 16 17 
1 141 29 11 12 
1 144 45 11 11 
1 177 0 12 9 
1 465 48 19 18 
1 472 67 16 16 
1 456 62 16 18 
1 477 101 11 11 
1 529 143 12 13 
1 574 266 10 12 
1 572 280 10 11 
1 441 59 15 17 
1 367 108 13 15 
1 313 61 25 26 
1 255 159 12 13 
1 214 98 14 15 
1 162 90 16 17 
1 145 89 16 16 
1 188 148 14 16 
1 222 329 14 15 
1 231 335 16 17 
1 195 348 29 29 
1 120 6 19 19 
1 93 0 18 11 
1 50 135 12 13 
1 192 197 12 12 
1 170 197 10 11 
1 255 160 12 13 
1 298 125 10 11 
1 295 101 12 13 
1 314 95 12 12 
1 317 63 20 22 
1 323 26 9 11 
1 327 33 12 14 
1 227 35 9 9 
1 214 35 9 10 
1 149 15 12 12 
1 120 101 10 10 
1 168 195 12 13 
1 440 0 29 18 
1 581 239 21 24 
1 588 285 9 10 
1 299 337 11 13 
1 306 344 9 10 
1 90 384 12 13 
1 106 360 11 12 
1 24 300 12 12 
1 128 279 9 11 
1 61 146 11 11 
1 59 71 10 10 
1 28 77 10 11 
1 80 49 10 10 
1 237 0 17 12 
1 257 4 10 10 
1 332 263 56 50 
1 375 257 13 13 
1 376 267 14 15 
1 283 159 13 15 
1 306 150 14 15 
1 250 41 10 12 
1 248 62 14 14 
1 224 56 8 9 
1 250 41 10 11 
1 278 23 13 14 
1 286 34 10 11 
1 66 126 10 11 
1 25 15 24 25 
1 56 18 12 13 
1 542 49 10 12 
1 574 96 18 19 
1 524 175 15 15 
1 565 360 21 22 
1 570 388 18 14 
1 455 342 9 10 
1 375 382 11 11 
1 427 55 10 12 
1 421 79 12 13 
