1 185 101 25 25 
1 452 162 26 26 
1 0 85 20 34 
1 0 0 19 15 
1 31 17 7 9 
1 40 18 13 13 
1 59 4 7 8 
1 17 43 8 8 
1 15 75 11 11 
1 21 66 12 11 
1 49 59 6 8 
1 61 74 11 12 
1 0 86 14 34 
1 34 121 10 12 
1 56 131 7 9 
1 42 151 9 9 
1 12 235 8 12 
1 3 340 12 10 
1 45 288 10 11 
1 53 274 10 12 
1 55 297 5 9 
1 79 300 9 10 
1 68 265 9 21 
1 80 263 14 10 
1 93 273 10 8 
1 103 269 13 14 
1 102 285 9 8 
1 105 236 16 17 
1 94 353 14 11 
1 65 185 13 14 
1 94 189 11 11 
1 100 161 9 10 
1 47 188 7 9 
1 72 98 6 9 
1 89 44 10 11 
1 133 25 9 9 
1 145 90 10 13 
1 187 99 25 28 
1 175 126 9 10 
1 146 165 13 13 
1 154 172 8 10 
1 170 154 9 10 
1 187 160 10 11 
1 193 232 14 15 
1 199 245 9 8 
1 203 254 7 7 
1 217 258 7 8 
1 178 260 8 8 
1 155 0 14 11 
1 245 350 9 8 
1 274 325 14 12 
1 243 287 12 12 
1 240 258 10 9 
1 236 241 9 11 
1 222 254 10 9 
1 184 0 9 10 
1 194 10 10 10 
1 214 61 6 7 
1 224 59 7 8 
1 237 47 16 15 
1 250 43 12 13 
1 267 60 12 12 
1 254 66 10 10 
1 244 73 11 18 
1 267 157 10 11 
1 245 147 10 13 
1 260 149 12 13 
1 272 248 10 11 
1 281 242 12 11 
1 275 277 12 13 
1 279 293 12 12 
1 330 264 10 13 
1 333 245 15 12 
1 301 218 13 13 
1 310 200 7 11 
1 306 173 10 10 
1 353 330 13 13 
1 358 348 10 10 
1 393 353 10 8 
1 420 349 9 10 
1 386 293 12 12 
1 440 297 8 11 
1 459 296 9 10 
1 419 308 12 9 
1 415 318 10 8 
1 425 321 11 11 
1 436 317 10 8 
1 445 328 10 9 
1 460 337 8 9 
1 473 331 11 10 
1 473 323 8 6 
1 506 343 11 10 
1 518 352 14 10 
1 556 350 10 9 
1 364 225 13 14 
1 406 220 12 13 
1 330 192 10 9 
1 340 168 9 12 
1 108 29 7 6 
1 57 249 8 10 
1 46 243 7 8 
1 63 215 8 7 
1 213 18 5 8 
1 283 43 10 11 
1 295 56 10 10 
1 288 89 11 11 
1 287 105 11 11 
1 297 98 8 9 
1 307 92 8 10 
1 320 91 8 8 
1 308 39 10 11 
1 316 48 12 11 
1 333 23 12 13 
1 343 33 10 10 
1 347 44 16 13 
1 345 55 13 14 
1 343 68 11 9 
1 345 78 12 9 
1 349 86 10 10 
1 357 92 9 18 
1 366 94 8 8 
1 377 77 10 11 
1 394 102 10 11 
1 395 37 14 16 
1 414 65 7 9 
1 436 63 9 10 
1 388 1 11 9 
1 424 87 15 13 
1 414 105 11 11 
1 450 116 11 10 
1 467 117 12 13 
1 453 161 25 23 
1 385 162 10 14 
1 345 129 9 12 
1 339 112 7 8 
1 344 121 7 8 
1 479 119 9 11 
1 476 104 11 12 
1 485 106 14 12 
1 468 66 10 10 
1 449 65 11 11 
1 473 43 9 10 
1 515 18 7 8 
1 543 16 10 13 
1 494 158 13 13 
1 493 134 7 9 
1 483 34 82 120 
1 428 3 12 9 
1 426 13 11 11 
1 487 280 10 9 
1 516 301 12 13 
1 472 204 10 10 
1 409 151 12 11 
1 207 171 9 7 
1 203 164 8 10 
1 246 105 10 12 
1 219 208 9 9 
1 215 228 10 7 
1 226 352 11 11 
1 478 380 16 15 
1 542 367 22 21 
1 526 386 15 14 
1 547 354 10 11 
1 458 362 12 11 
