1 489 192 33 33 
1 526 315 32 32 
1 0 75 46 70 
1 54 48 30 30 
1 280 100 28 28 
1 532 0 27 28 
1 61 239 30 30 
1 304 10 34 34 
1 407 62 63 63 
1 232 121 39 39 
1 29 161 27 27 
1 15 0 8 8 
1 5 9 6 6 
1 1 14 7 9 
1 18 22 7 7 
1 44 1 6 7 
1 0 48 8 10 
1 44 17 14 13 
1 62 23 13 13 
1 77 0 19 12 
1 90 35 16 16 
1 81 51 13 13 
1 56 51 30 35 
1 0 91 21 44 
1 26 145 8 8 
1 28 157 19 26 
1 2 166 14 16 
1 60 124 12 11 
1 87 96 9 10 
1 28 227 12 10 
1 62 243 21 21 
1 32 252 10 7 
1 8 249 11 9 
1 0 283 10 10 
1 0 294 10 12 
1 41 291 11 9 
1 24 286 9 11 
1 19 302 12 11 
1 25 316 13 14 
1 45 332 9 13 
1 2 352 12 12 
1 92 341 14 15 
1 94 199 15 15 
1 101 183 12 14 
1 126 137 10 11 
1 130 160 10 11 
1 153 167 9 9 
1 145 158 9 8 
1 137 188 12 13 
1 139 228 18 19 
1 146 271 17 15 
1 0 0 0 0 
1 179 234 13 15 
1 102 64 20 21 
1 134 2 9 10 
1 107 22 10 11 
1 129 17 9 9 
1 129 28 6 9 
1 132 33 9 8 
1 133 39 7 7 
1 128 45 9 9 
1 115 43 10 10 
1 88 298 11 9 
1 250 245 9 11 
1 235 261 12 11 
1 234 307 11 12 
1 209 350 14 12 
1 201 346 9 11 
1 257 344 9 9 
1 274 337 13 13 
1 296 338 10 10 
1 264 271 14 15 
1 270 247 13 12 
1 282 243 17 16 
1 292 237 14 12 
1 308 283 16 14 
1 339 287 9 9 
1 300 314 10 11 
1 309 351 13 11 
1 278 354 18 9 
1 145 102 12 14 
1 189 139 12 11 
1 194 153 7 8 
1 206 152 9 10 
1 200 186 9 10 
1 223 189 11 10 
1 151 52 17 15 
1 145 29 9 12 
1 153 35 12 8 
1 176 22 22 21 
1 197 19 15 17 
1 170 0 21 11 
1 206 0 29 22 
1 238 52 15 13 
1 252 77 21 21 
1 278 102 21 25 
1 304 13 30 29 
1 310 39 12 14 
1 289 2 13 11 
1 291 35 9 10 
1 316 148 15 14 
1 313 206 11 11 
1 311 77 10 8 
1 344 77 7 10 
1 349 74 9 9 
1 340 110 8 8 
1 365 133 10 9 
1 361 139 9 7 
1 375 149 14 15 
1 396 154 21 23 
1 411 175 15 16 
1 332 217 13 13 
1 357 210 15 13 
1 379 194 14 17 
1 379 172 7 7 
1 385 183 9 10 
1 396 213 10 10 
1 378 244 22 24 
1 437 342 9 12 
1 418 334 10 10 
1 413 317 12 11 
1 427 320 11 9 
1 411 232 11 19 
1 516 323 10 14 
1 526 316 30 26 
1 488 262 13 13 
1 561 239 15 15 
1 356 164 9 8 
1 380 81 10 9 
1 375 81 6 8 
1 384 63 10 9 
1 384 47 16 15 
1 394 30 17 16 
1 354 42 11 10 
1 398 17 7 10 
1 401 4 10 10 
1 388 0 9 10 
1 411 0 17 10 
1 436 3 11 11 
1 438 206 10 10 
1 437 195 9 10 
1 447 162 12 12 
1 404 90 17 18 
1 420 98 11 12 
1 412 77 26 27 
1 415 61 14 16 
1 432 49 9 12 
1 458 23 19 22 
1 465 4 20 20 
1 474 22 11 13 
1 452 0 32 21 
1 479 0 16 10 
1 501 19 11 11 
1 536 0 25 26 
1 517 19 12 12 
1 524 47 9 13 
1 536 67 11 13 
1 554 58 11 10 
1 564 59 9 13 
1 561 36 12 15 
1 398 139 17 15 
1 409 128 10 11 
1 443 77 10 13 
1 450 75 7 8 
1 461 73 7 9 
1 467 47 14 18 
1 500 52 18 21 
1 506 90 9 10 
1 464 75 14 39 
1 461 108 11 14 
1 468 141 11 11 
1 459 149 9 10 
1 434 127 10 11 
1 441 145 8 7 
1 495 156 9 8 
1 485 175 15 13 
1 487 194 37 31 
1 489 228 17 16 
1 466 213 10 11 
1 476 202 8 8 
1 568 260 10 10 
1 534 128 15 15 
1 571 197 10 12 
1 243 123 9 10 
