1 24 319 53 53 
1 189 179 38 38 
1 277 63 40 40 
1 418 271 52 52 
1 300 203 25 25 
1 378 243 28 28 
1 453 210 28 28 
1 475 177 35 36 
1 490 124 44 43 
1 480 0 27 27 
1 274 62 44 44 
1 22 318 57 44 
1 1 301 20 20 
1 0 180 23 25 
1 80 216 21 22 
1 49 138 18 21 
1 119 73 17 19 
1 126 64 18 13 
1 177 36 33 33 
1 182 179 47 36 
1 413 268 62 56 
1 374 238 36 37 
1 450 209 32 30 
1 470 176 42 41 
1 298 199 28 27 
1 31 239 18 16 
1 52 235 14 13 
1 70 237 15 16 
1 115 243 15 15 
1 128 249 13 11 
1 75 62 16 16 
1 86 58 8 11 
1 475 2 32 26 
1 487 123 42 47 
1 328 92 22 24 
1 294 107 19 21 
1 228 127 20 20 
1 185 143 19 17 
1 329 147 15 17 
1 423 141 19 20 
1 431 106 17 15 
1 507 303 20 20 
1 537 329 14 17 
1 503 281 17 14 
1 534 260 11 16 
1 542 253 9 9 
1 552 190 16 15 
1 578 152 11 14 
1 559 99 12 15 
1 468 119 14 14 
1 460 56 12 13 
1 473 68 12 12 
1 414 52 17 13 
1 437 27 12 11 
1 140 310 16 17 
1 188 339 16 16 
1 204 320 12 13 
1 220 334 15 16 
1 205 272 13 13 
1 203 237 11 10 
1 146 227 15 16 
1 119 188 14 14 
1 117 202 12 9 
1 232 227 13 12 
1 212 219 15 13 
1 277 310 15 17 
1 289 303 10 14 
1 289 264 13 10 
1 291 246 9 10 
1 340 317 18 16 
1 253 109 14 13 
1 199 5 15 16 
1 339 197 13 12 
1 234 177 16 15 
1 172 304 13 14 
1 97 336 11 12 
1 113 342 15 16 
1 290 226 18 18 
1 281 0 17 19 
