1 10 103 45 45 
1 114 0 57 50 
1 509 241 27 28 
1 557 251 27 26 
1 358 54 27 27 
1 271 271 76 76 
1 0 88 70 72 
1 186 82 29 28 
1 127 110 22 20 
1 111 316 26 24 
1 397 230 34 28 
1 370 264 25 24 
1 357 298 27 26 
1 363 322 25 21 
1 314 280 21 20 
1 503 236 34 37 
1 425 191 25 23 
1 549 338 20 18 
1 379 341 26 19 
1 414 302 25 23 
1 346 50 36 33 
1 340 28 21 16 
1 439 345 18 15 
1 481 258 27 25 
1 435 239 20 19 
1 1 94 171 266 
1 290 161 21 18 
1 481 55 18 19 
1 535 79 19 21 
1 524 144 39 34 
1 552 245 33 33 
1 554 205 16 17 
1 279 101 19 18 
1 280 168 16 17 
1 393 92 16 14 
1 393 106 17 16 
1 398 123 19 17 
1 450 120 18 17 
1 499 85 13 14 
1 322 58 15 19 
1 355 101 20 20 
1 356 141 16 12 
1 310 205 25 28 
1 285 227 14 14 
1 390 183 14 14 
1 70 34 10 10 
1 258 19 23 18 
1 303 67 14 14 
1 284 84 16 14 
1 342 88 13 13 
1 485 214 14 16 
1 493 233 17 13 
1 533 217 15 17 
1 283 326 36 37 
1 519 281 16 12 
1 323 2 12 12 
1 263 306 17 19 
1 440 157 17 19 
1 511 291 21 16 
1 395 208 12 13 
