1 433 114 40 39 
1 72 195 89 89 
1 216 150 31 32 
1 363 375 29 25 
1 0 310 28 30 
1 433 110 46 43 
1 408 80 19 18 
1 176 27 23 18 
1 127 48 12 12 
1 145 132 18 19 
1 107 154 14 14 
1 127 231 20 20 
1 305 164 17 15 
1 255 269 21 15 
1 51 298 14 15 
1 62 5 17 12 
1 555 6 17 16 
1 578 35 14 17 
1 579 65 14 16 
1 376 159 21 19 
1 359 195 17 17 
1 195 132 12 14 
1 118 95 18 16 
1 40 148 16 17 
1 301 288 12 13 
1 429 172 16 16 
1 543 75 15 11 
1 561 197 15 15 
1 504 133 15 14 
1 513 122 14 15 
1 502 150 14 13 
1 544 252 18 18 
1 493 285 21 18 
1 527 299 16 16 
1 29 277 15 14 
1 45 201 11 12 
1 60 207 12 12 
1 70 237 14 15 
1 93 279 16 16 
1 178 2 20 18 
1 495 257 15 12 
1 573 367 9 11 
1 544 382 14 12 
1 19 38 11 13 
1 29 105 13 14 
1 78 14 15 16 
1 258 10 19 20 
1 291 30 11 11 
1 304 38 11 12 
1 351 130 15 17 
1 294 327 16 13 
1 308 304 12 11 
1 254 390 15 10 
1 497 318 25 24 
1 564 225 22 19 
1 586 200 10 13 
1 378 234 15 14 
1 374 290 14 13 
1 178 364 11 12 
1 230 375 17 14 
1 129 331 13 14 
1 70 350 11 12 
1 5 188 13 12 
1 188 188 12 11 
