1 259 265 46 46 
1 145 303 95 95 
1 106 243 29 29 
1 38 277 35 35 
1 173 90 29 29 
1 226 197 36 36 
1 147 303 96 96 
1 260 265 45 49 
1 520 67 30 30 
1 548 76 18 19 
1 572 80 16 16 
1 548 49 22 22 
1 505 12 16 16 
1 484 45 13 13 
1 400 68 25 25 
1 440 129 17 17 
1 237 63 18 20 
1 393 170 22 23 
1 406 211 21 21 
1 380 227 19 19 
1 417 301 16 16 
1 100 60 20 20 
1 105 240 33 33 
1 137 245 21 21 
1 311 112 18 19 
1 171 87 32 33 
1 5 159 18 18 
1 23 221 17 17 
1 23 235 16 16 
1 16 92 18 18 
1 68 150 25 25 
1 62 224 15 16 
1 81 197 16 18 
1 48 356 29 29 
1 17 273 28 28 
1 118 325 19 19 
1 125 304 16 16 
1 193 186 17 17 
1 357 357 17 17 
1 250 99 25 25 
1 192 157 14 14 
1 162 177 20 20 
1 447 229 22 22 
1 471 300 13 13 
1 507 281 16 15 
1 16 327 14 14 
1 285 160 19 18 
1 311 227 20 20 
1 389 247 20 18 
1 505 242 23 23 
1 467 57 20 20 
1 368 30 21 22 
1 479 191 18 18 
1 555 370 18 18 
1 91 347 21 21 
1 177 237 20 20 
1 469 149 15 15 
1 561 231 17 17 
1 539 339 14 14 
1 334 89 21 21 
1 421 7 20 20 
1 483 282 15 15 
1 436 272 13 13 
1 488 348 17 17 
1 559 28 16 16 
1 238 177 19 19 
1 288 198 17 17 
1 296 16 15 15 
1 303 54 18 18 
1 360 204 27 27 
1 294 308 51 51 
1 222 230 12 12 
1 522 369 26 26 
1 200 18 18 18 
1 378 310 13 13 
1 369 148 17 17 
1 475 151 39 39 
1 550 148 17 17 
1 567 306 14 14 
1 480 246 14 15 
1 527 50 13 13 
1 489 64 13 14 
