1 543 138 28 27 
1 498 205 43 42 
1 291 300 66 65 
1 145 178 46 46 
1 187 49 86 86 
1 86 328 38 38 
1 354 63 70 70 
1 542 185 33 33 
1 541 137 35 35 
1 487 196 69 70 
1 482 205 12 13 
1 490 230 14 14 
1 500 236 14 14 
1 531 229 17 19 
1 552 238 19 19 
1 528 246 12 12 
1 583 288 15 16 
1 550 283 26 24 
1 517 352 39 39 
1 469 381 40 22 
1 475 369 17 17 
1 455 362 14 15 
1 423 351 12 13 
1 376 377 17 17 
1 403 321 15 17 
1 401 305 18 19 
1 377 279 22 23 
1 370 281 10 12 
1 355 281 15 16 
1 336 289 24 25 
1 350 316 11 10 
1 344 330 15 17 
1 288 297 75 71 
1 295 352 20 22 
1 246 319 15 17 
1 244 358 12 13 
1 224 351 12 14 
1 218 365 12 13 
1 198 367 23 24 
1 177 342 28 27 
1 144 356 37 36 
1 77 358 29 30 
1 83 324 59 58 
1 53 357 19 19 
1 11 347 13 13 
1 0 257 30 54 
1 15 192 18 19 
1 11 163 15 16 
1 29 162 16 17 
1 29 144 16 17 
1 1 112 11 16 
1 57 87 21 20 
1 71 77 19 21 
1 62 59 16 15 
1 44 5 15 17 
1 20 0 15 11 
1 40 0 17 6 
1 101 30 14 14 
1 121 44 10 10 
1 143 29 56 55 
1 122 51 53 51 
1 167 70 14 15 
1 181 112 14 15 
1 183 56 91 87 
1 212 99 17 17 
1 223 70 13 14 
1 226 57 12 14 
1 213 30 21 22 
1 196 26 15 16 
1 222 7 14 15 
1 279 18 15 15 
1 286 53 22 22 
1 347 14 25 26 
1 372 64 15 14 
1 311 95 23 23 
1 309 164 33 34 
1 331 217 21 22 
1 414 1 27 23 
1 482 37 16 16 
1 508 38 13 14 
1 530 37 14 14 
1 528 51 15 14 
1 482 88 18 18 
1 494 94 25 24 
1 407 150 17 17 
1 368 138 37 35 
1 303 160 43 42 
1 326 216 23 22 
1 296 240 26 25 
1 25 267 13 16 
1 1 317 9 15 
1 37 42 11 12 
1 73 40 11 12 
1 134 12 13 14 
1 157 172 16 16 
1 154 176 44 46 
1 98 147 47 46 
1 137 168 14 15 
1 100 297 19 20 
1 93 314 16 15 
1 141 306 11 11 
1 136 301 10 11 
1 161 265 17 18 
1 173 275 11 11 
1 174 291 9 11 
1 188 231 23 23 
1 204 249 22 20 
1 182 253 12 12 
1 231 219 14 16 
1 164 139 22 22 
1 296 240 27 26 
1 285 221 26 25 
1 281 253 12 14 
1 274 265 19 21 
1 258 179 16 17 
1 291 160 18 16 
1 375 250 33 34 
1 363 240 16 18 
1 353 238 13 13 
1 350 250 11 11 
1 376 356 14 13 
1 409 253 15 15 
1 418 270 17 16 
1 427 277 17 19 
1 419 285 11 12 
1 440 224 16 18 
1 448 214 14 14 
1 438 100 15 16 
1 446 111 15 16 
1 438 129 15 16 
1 447 136 13 15 
1 470 181 13 15 
1 521 131 17 17 
1 512 152 15 15 
1 515 177 15 17 
1 511 168 10 10 
1 534 71 12 14 
1 573 15 13 14 
1 585 207 15 16 
1 584 226 12 15 
1 564 226 17 16 
1 586 245 11 12 
1 564 273 11 13 
1 562 328 11 12 
1 485 331 9 11 
1 508 343 11 11 
1 515 331 11 11 
1 502 332 14 13 
1 413 187 72 76 
1 361 0 25 18 
1 244 157 20 21 
1 258 95 14 15 
1 461 318 11 12 
1 260 191 33 32 
1 94 222 18 20 
1 98 207 19 19 
1 89 206 13 14 
1 70 225 15 16 
1 259 94 14 15 
1 325 8 22 22 
1 391 43 17 19 
1 405 45 14 14 
1 459 30 16 15 
1 228 233 43 45 
1 232 187 25 26 
1 443 85 10 11 
1 452 85 13 14 
1 520 63 10 10 
1 545 58 10 10 
1 79 143 16 18 
1 40 127 10 11 
1 53 141 11 11 
1 65 177 10 11 
1 73 274 25 25 
1 159 220 12 13 
1 183 215 18 18 
1 200 183 24 23 
1 313 29 41 39 
1 528 90 15 17 
1 535 172 19 20 
1 503 271 23 26 
1 529 355 10 11 
1 374 109 16 17 
1 387 126 16 18 
1 442 295 11 14 
1 209 164 9 10 
1 0 215 9 27 
1 158 108 26 28 
