1 478 143 42 43 
1 371 225 59 59 
1 424 21 33 34 
1 471 143 47 47 
1 361 225 68 62 
1 437 208 17 18 
1 444 290 27 26 
1 554 249 24 26 
1 572 339 20 18 
1 555 366 16 15 
1 271 331 19 14 
1 279 359 14 17 
1 297 358 18 19 
1 222 318 17 17 
1 50 282 19 18 
1 78 337 18 21 
1 223 106 13 14 
1 228 21 16 17 
1 435 97 23 19 
1 416 99 16 17 
1 459 64 13 16 
1 461 9 12 13 
1 578 3 12 12 
1 551 8 9 11 
1 581 164 18 20 
1 564 127 16 13 
1 565 115 14 12 
1 552 141 14 14 
1 515 119 15 14 
1 509 98 11 13 
1 483 91 13 14 
1 454 130 11 14 
1 434 132 13 11 
1 520 72 18 13 
1 519 89 11 12 
1 500 66 15 14 
1 479 68 15 15 
1 301 145 12 14 
1 345 51 15 19 
1 358 113 11 13 
1 396 206 10 11 
1 340 232 11 9 
1 395 345 16 12 
1 37 95 17 17 
1 56 23 10 11 
1 83 8 9 11 
1 50 9 10 12 
1 4 15 16 15 
1 93 132 18 14 
1 564 393 14 7 
1 180 227 24 25 
1 534 260 14 13 
1 538 225 11 11 
1 534 187 10 12 
1 96 85 11 11 
1 107 92 11 12 
1 88 182 15 13 
1 83 196 16 13 
