1 455 295 67 67 
1 117 278 121 121 
1 116 256 27 26 
1 568 219 29 29 
1 49 33 21 22 
1 72 27 18 19 
1 1 105 18 18 
1 121 141 12 12 
1 36 193 8 7 
1 23 147 10 10 
1 12 126 7 7 
1 151 89 10 7 
1 116 258 25 23 
1 122 278 117 90 
1 460 299 64 58 
1 377 296 18 18 
1 352 274 11 12 
1 382 211 15 17 
1 393 242 18 19 
1 420 237 14 14 
1 470 233 15 15 
1 488 232 9 10 
1 512 268 15 14 
1 570 221 18 24 
1 492 146 22 21 
1 430 104 20 17 
1 322 123 13 12 
1 331 112 11 12 
1 357 93 14 13 
1 376 107 10 11 
1 377 167 17 16 
1 309 70 9 11 
1 394 58 11 9 
1 433 79 11 9 
1 484 26 13 13 
1 492 87 10 11 
1 577 54 10 40 
1 549 68 9 8 
1 518 171 7 11 
1 529 170 16 19 
1 576 186 8 13 
1 407 68 10 9 
1 408 115 11 8 
