1 216 170 37 36 
1 507 113 39 39 
1 5 253 36 36 
1 260 315 40 40 
1 349 88 25 26 
1 170 0 150 136 
1 423 253 32 31 
1 262 205 21 21 
1 216 167 41 42 
1 20 37 13 14 
1 20 135 19 19 
1 2 193 17 17 
1 45 262 15 15 
1 37 338 12 13 
1 65 251 14 14 
1 49 246 19 19 
1 2 251 41 41 
1 132 155 12 12 
1 51 80 13 12 
1 60 87 13 13 
1 95 128 13 13 
1 271 80 16 17 
1 175 96 14 14 
1 148 72 15 14 
1 166 182 17 16 
1 159 187 25 26 
1 116 179 16 16 
1 95 189 13 15 
1 347 81 36 36 
1 465 5 27 27 
1 346 187 24 24 
1 313 136 19 19 
1 421 320 26 26 
1 330 310 21 22 
1 133 20 14 14 
1 115 62 14 15 
1 134 116 14 14 
1 46 303 10 10 
1 31 310 11 11 
1 14 320 13 12 
1 341 18 27 27 
1 431 149 17 17 
1 448 241 25 25 
1 467 165 16 16 
1 497 207 20 20 
1 508 287 21 22 
1 303 249 14 14 
1 227 260 17 17 
1 318 25 15 16 
1 339 40 22 22 
1 395 83 18 18 
1 427 205 16 16 
1 548 204 23 23 
1 535 65 24 25 
1 536 92 21 21 
1 551 43 17 18 
1 293 344 16 15 
1 263 308 45 45 
1 365 329 23 23 
1 115 32 17 17 
1 76 339 13 13 
1 336 153 15 15 
1 406 132 21 21 
1 260 33 16 16 
1 397 54 14 14 
1 338 250 14 14 
1 425 253 30 30 
1 72 173 11 11 
1 171 333 12 12 
1 439 25 21 21 
1 430 128 18 18 
1 522 191 18 18 
1 247 302 15 15 
1 273 220 13 13 
1 287 149 17 17 
1 394 201 14 14 
1 290 45 12 12 
1 311 58 11 11 
1 417 92 15 15 
1 63 54 12 12 
1 115 220 17 17 
1 321 257 16 16 
1 415 301 13 13 
