1 364 274 105 104 
1 262 11 108 107 
1 102 261 54 54 
1 0 11 45 64 
1 98 192 37 37 
1 119 88 27 28 
1 28 312 34 34 
1 223 312 26 25 
1 212 340 25 25 
1 279 265 80 80 
1 242 167 30 29 
1 423 65 27 26 
1 550 161 27 27 
1 402 188 37 36 
1 226 103 35 35 
1 374 272 98 103 
1 265 9 128 117 
1 26 310 42 39 
1 97 247 69 67 
1 44 0 29 22 
1 109 11 18 16 
1 94 35 18 16 
1 104 62 27 20 
1 117 89 30 33 
1 146 75 18 15 
1 93 189 49 47 
1 131 192 17 13 
1 423 61 29 32 
1 548 161 31 27 
1 425 153 27 25 
1 457 160 19 17 
1 475 138 18 18 
1 455 199 20 20 
1 458 222 22 18 
1 220 311 32 25 
1 209 341 26 22 
1 213 362 20 21 
1 163 326 24 23 
1 239 168 37 27 
1 206 43 23 25 
1 234 72 15 20 
1 123 45 14 11 
1 24 96 15 14 
1 31 109 15 12 
1 67 105 11 12 
1 28 186 13 13 
1 2 200 15 16 
1 187 224 12 12 
1 175 287 20 22 
1 352 217 17 20 
1 284 250 15 15 
1 188 62 14 13 
1 416 26 15 15 
1 418 39 13 14 
1 447 12 12 14 
1 507 226 17 15 
1 507 215 10 11 
1 512 297 17 18 
1 568 355 19 19 
1 569 344 16 10 
1 504 380 16 14 
1 532 365 16 13 
1 251 335 14 15 
1 279 296 20 19 
1 17 4 9 10 
1 13 13 13 12 
1 157 182 17 15 
1 102 164 14 13 
1 36 161 20 16 
1 78 148 12 13 
1 372 116 18 16 
1 376 166 13 15 
1 385 187 14 13 
1 349 180 12 14 
1 81 287 14 18 
1 68 276 11 14 
1 156 152 15 16 
1 194 169 12 13 
1 399 28 11 14 
1 537 94 15 17 
1 581 260 13 13 
1 541 337 14 11 
1 210 383 15 14 
1 79 14 11 12 
1 311 377 9 10 
1 425 377 13 13 
1 505 124 12 13 
1 403 121 9 11 
1 436 139 12 13 
1 166 114 25 20 
1 248 252 11 14 
1 308 236 10 12 
1 268 82 26 21 
1 263 67 16 12 
1 298 4 17 18 
1 331 2 13 13 
1 209 30 13 15 
1 562 52 14 11 
1 36 389 22 11 
1 27 366 10 11 
1 2 339 11 15 
1 71 167 10 13 
1 531 21 14 13 
1 66 45 14 9 
