1 369 151 56 57 
1 424 86 33 32 
1 107 330 70 70 
1 233 190 37 37 
1 0 342 21 38 
1 468 118 81 81 
1 1 1 4 9 
1 3 0 19 14 
1 26 0 12 8 
1 41 0 6 9 
1 0 30 9 9 
1 30 45 9 9 
1 2 48 8 8 
1 18 72 13 15 
1 1 88 7 11 
1 4 99 9 10 
1 10 96 7 8 
1 12 103 10 9 
1 7 115 13 12 
1 19 127 11 10 
1 10 136 7 7 
1 4 131 7 9 
1 0 141 10 8 
1 36 140 8 9 
1 31 195 9 8 
1 16 262 9 9 
1 0 276 9 13 
1 47 242 9 10 
1 48 270 12 12 
1 33 300 20 16 
1 36 293 11 10 
1 7 252 7 8 
1 1 259 10 10 
1 14 239 9 8 
1 72 280 13 11 
1 96 344 17 18 
1 101 343 47 25 
1 132 317 10 12 
1 144 317 13 13 
1 82 167 15 16 
1 67 173 10 11 
1 76 193 10 9 
1 69 193 8 8 
1 50 181 7 9 
1 58 165 9 9 
1 69 160 9 9 
1 71 115 11 8 
1 69 91 7 9 
1 79 89 10 10 
1 60 6 7 8 
1 88 235 13 11 
1 100 222 12 14 
1 106 217 9 10 
1 105 235 13 15 
1 140 256 11 11 
1 134 295 10 10 
1 183 274 9 11 
1 188 294 9 13 
1 220 312 10 9 
1 228 323 11 11 
1 180 249 8 10 
1 189 247 10 15 
1 228 263 13 12 
1 230 280 12 11 
1 136 183 17 21 
1 162 191 12 11 
1 188 218 9 8 
1 101 105 7 10 
1 69 2 9 11 
1 82 28 7 9 
1 93 23 5 8 
1 103 24 6 9 
1 84 50 17 15 
1 103 83 12 14 
1 151 79 9 8 
1 128 108 10 10 
1 112 136 11 13 
1 127 133 14 17 
1 150 148 7 8 
1 149 129 10 11 
1 148 106 17 16 
1 158 116 15 15 
1 136 16 6 8 
1 149 34 9 9 
1 156 31 11 11 
1 167 25 10 8 
1 180 11 10 9 
1 191 58 10 12 
1 181 61 7 8 
1 199 72 7 8 
1 232 342 11 8 
1 241 355 12 9 
1 246 319 16 18 
1 187 154 12 12 
1 218 109 24 23 
1 242 107 13 15 
1 219 87 7 10 
1 255 91 17 16 
1 221 46 11 15 
1 208 10 9 10 
1 223 0 9 4 
1 253 0 15 14 
1 241 14 6 7 
1 234 195 27 32 
1 251 187 10 13 
1 272 76 16 15 
1 296 38 9 9 
1 307 42 10 12 
1 314 17 8 9 
1 342 21 13 13 
1 338 0 15 9 
1 372 4 13 13 
1 409 16 8 8 
1 406 29 9 10 
1 395 27 8 10 
1 419 22 9 8 
1 411 23 10 10 
1 422 25 12 15 
1 429 18 8 14 
1 436 4 7 9 
1 422 0 9 6 
1 454 0 12 6 
1 455 4 7 8 
1 452 20 9 9 
1 472 15 10 9 
1 499 1 7 9 
1 519 15 10 10 
1 546 29 14 14 
1 513 40 8 11 
1 427 85 31 34 
1 469 105 13 15 
1 504 76 10 15 
1 490 92 9 12 
1 499 115 30 48 
1 548 146 27 31 
1 534 172 9 13 
1 369 151 58 53 
1 410 230 10 15 
1 386 247 16 14 
1 291 272 12 12 
1 304 280 16 16 
1 291 335 16 14 
1 314 332 11 12 
1 320 354 11 9 
1 328 318 12 14 
1 360 299 17 17 
1 369 275 13 15 
1 397 270 11 12 
1 406 279 12 13 
1 393 285 10 13 
1 426 285 18 19 
1 468 289 11 15 
1 477 245 15 17 
1 500 240 12 14 
1 473 264 9 9 
1 464 267 10 9 
1 444 261 10 11 
1 508 260 12 13 
1 500 268 11 8 
1 521 290 12 17 
1 523 325 12 12 
1 503 320 11 13 
1 559 305 24 25 
1 538 270 25 26 
1 559 215 10 12 
1 572 237 14 22 
1 561 234 11 15 
1 554 241 8 9 
1 569 265 7 9 
1 547 207 10 11 
1 558 179 10 10 
1 512 226 9 10 
1 484 200 11 11 
1 489 187 10 9 
1 566 81 8 10 
1 572 78 11 10 
1 464 52 8 9 
1 369 55 7 7 
1 399 61 8 8 
1 352 65 8 8 
1 325 75 9 10 
1 318 73 8 8 
1 306 88 8 10 
1 309 84 9 6 
1 277 112 8 8 
1 286 141 10 12 
1 353 123 8 9 
1 342 120 9 7 
1 270 123 10 8 
1 266 132 8 8 
1 264 147 8 7 
1 289 154 7 9 
1 279 148 8 7 
1 325 147 10 9 
1 202 188 6 8 
1 368 74 7 7 
1 0 0 0 0 
1 374 68 11 11 
1 365 83 8 10 
1 411 108 7 8 
1 403 114 9 10 
1 400 122 6 7 
1 429 123 19 16 
1 458 158 9 9 
1 468 150 8 8 
1 458 81 8 10 
1 564 60 7 8 
1 572 59 7 10 
1 560 65 11 9 
1 576 189 9 13 
1 550 189 8 9 
1 421 222 11 12 
1 357 343 10 11 
1 374 346 10 8 
1 333 272 7 9 
1 459 345 9 9 
1 475 350 9 9 
1 424 354 10 8 
1 242 160 10 8 
1 227 175 8 8 
1 201 32 11 11 
1 160 387 11 12 
1 204 372 10 11 
1 413 380 13 13 
1 434 361 10 11 
1 425 355 8 9 
1 500 368 13 11 
1 463 372 8 9 
