1 359 193 44 45 
1 30 5 34 34 
1 417 249 40 40 
1 88 33 28 27 
1 24 2 48 43 
1 68 16 22 22 
1 81 30 41 36 
1 78 36 12 13 
1 51 53 19 17 
1 61 65 14 13 
1 124 55 16 16 
1 163 26 15 15 
1 199 37 13 13 
1 234 7 12 11 
1 249 0 20 17 
1 331 2 123 106 
1 333 44 17 19 
1 365 84 12 12 
1 350 0 15 10 
1 427 80 19 18 
1 439 70 16 16 
1 444 15 13 13 
1 562 5 42 48 
1 584 18 13 13 
1 562 0 14 12 
1 487 74 26 26 
1 540 89 12 13 
1 501 117 43 40 
1 457 128 19 19 
1 454 100 14 14 
1 464 96 11 12 
1 585 137 12 14 
1 507 169 13 13 
1 524 209 15 15 
1 585 229 13 15 
1 516 243 30 30 
1 517 274 20 20 
1 530 325 20 21 
1 555 316 11 12 
1 562 324 11 11 
1 574 367 16 16 
1 582 355 10 11 
1 550 375 9 9 
1 468 359 13 13 
1 460 375 16 17 
1 426 386 38 17 
1 423 356 25 26 
1 353 315 13 14 
1 364 324 12 13 
1 294 306 20 21 
1 243 237 19 21 
1 206 220 21 21 
1 91 319 17 17 
1 22 277 18 20 
1 39 347 12 12 
1 55 388 13 13 
1 3 382 18 18 
1 2 368 11 12 
1 11 372 10 11 
1 22 278 18 18 
1 54 184 14 15 
1 353 188 60 59 
1 412 245 53 52 
1 455 260 14 15 
1 344 154 19 19 
1 369 154 22 22 
1 380 126 14 15 
1 476 317 14 14 
1 464 305 13 14 
1 414 287 13 15 
1 283 95 16 16 
1 296 100 16 18 
1 271 94 11 12 
1 137 113 23 25 
1 171 168 13 14 
1 155 167 15 16 
1 123 244 12 12 
1 96 187 19 21 
1 134 72 16 16 
1 578 257 17 18 
1 574 161 17 18 
1 582 68 14 14 
1 539 169 12 12 
1 237 153 15 15 
1 280 114 14 14 
1 310 147 11 11 
1 335 193 13 15 
1 303 5 13 13 
1 313 291 11 13 
1 316 278 12 14 
1 451 326 13 15 
1 562 148 15 16 
1 156 81 12 12 
1 159 194 12 13 
1 229 389 14 16 
1 31 173 11 13 
1 41 170 11 13 
1 21 139 12 13 
1 467 0 25 11 
1 476 189 15 15 
1 483 221 16 16 
1 454 342 12 12 
1 513 314 15 15 
1 326 376 14 14 
1 26 106 14 16 
1 60 95 11 14 
1 13 62 12 13 
1 0 0 31 9 
1 241 89 10 11 
1 174 130 14 14 
1 147 306 12 13 
1 302 243 16 16 
1 285 256 11 12 
1 292 282 13 14 
1 326 377 12 12 
1 486 222 13 14 
1 477 189 15 14 
1 577 113 13 14 
1 464 0 30 11 
1 181 344 14 14 
1 272 134 12 13 
1 471 80 16 17 
1 295 26 11 12 
1 145 0 14 11 
1 230 102 16 17 
1 210 73 15 16 
1 202 45 14 14 
1 206 58 10 10 
1 50 124 11 10 
1 4 132 11 11 
1 82 376 11 11 
1 79 353 11 11 
1 572 301 15 16 
1 556 50 16 17 
1 523 35 31 31 
1 326 308 11 11 
1 49 377 10 11 
1 59 334 10 11 
1 89 336 10 11 
1 217 126 11 13 
1 214 120 11 11 
1 290 152 13 14 
1 261 108 9 10 
1 204 17 14 15 
1 59 150 12 12 
1 54 206 11 12 
1 31 197 9 9 
1 84 377 8 8 
1 136 360 9 10 
1 327 309 9 9 
1 365 261 9 9 
1 374 238 10 10 
1 432 192 10 12 
