1 391 281 41 42 
1 250 53 72 72 
1 409 107 44 44 
1 300 245 25 26 
1 49 136 28 27 
1 301 147 46 46 
1 502 226 33 33 
1 312 0 64 65 
1 227 0 62 45 
1 386 276 50 50 
1 537 339 26 26 
1 525 292 19 23 
1 446 274 20 21 
1 361 222 26 29 
1 337 258 22 19 
1 297 244 26 25 
1 285 238 13 16 
1 259 250 17 19 
1 288 293 12 14 
1 301 310 22 20 
1 379 344 16 15 
1 336 332 23 20 
1 402 371 14 10 
1 419 177 23 23 
1 407 150 20 21 
1 471 54 23 24 
1 489 121 22 18 
1 398 32 22 24 
1 411 8 18 21 
1 3 169 20 26 
1 0 290 23 35 
1 100 269 26 24 
1 10 62 19 19 
1 297 146 53 49 
1 283 385 21 15 
1 270 379 13 17 
1 199 179 19 19 
1 194 196 15 17 
1 164 177 15 17 
1 117 164 14 13 
1 134 163 14 17 
1 135 143 13 15 
1 88 109 15 16 
1 120 25 15 17 
1 145 0 20 14 
1 130 251 15 14 
1 347 298 14 11 
1 365 295 10 13 
1 491 252 15 18 
1 504 284 9 16 
1 190 233 9 14 
1 177 223 12 15 
1 33 203 14 18 
1 322 0 30 22 
1 304 30 15 23 
1 363 48 14 17 
1 318 95 13 11 
1 370 128 21 21 
1 406 107 47 42 
1 176 360 16 17 
1 84 370 18 16 
1 197 289 11 15 
1 181 113 14 16 
1 90 68 20 22 
1 525 193 13 13 
1 29 381 17 15 
1 156 82 28 23 
1 379 181 14 16 
1 309 228 13 11 
1 145 304 13 14 
1 68 191 13 13 
1 118 147 16 16 
1 24 16 14 13 
1 491 11 24 24 
1 586 205 10 14 
1 572 89 16 19 
1 422 212 15 14 
1 433 238 13 14 
1 240 358 13 17 
1 233 335 15 16 
1 31 318 11 13 
1 31 283 14 15 
1 66 298 12 14 
1 153 72 11 11 
1 326 53 13 12 
1 402 60 16 14 
1 327 363 15 13 
1 332 352 12 11 
1 203 220 14 14 
