1 368 277 47 47 
1 220 288 40 40 
1 240 92 22 22 
1 398 98 20 21 
1 428 19 21 20 
1 389 59 18 18 
1 356 128 18 18 
1 528 61 34 34 
1 508 17 27 27 
1 381 1 22 22 
1 44 115 43 43 
1 369 275 51 51 
1 332 277 25 25 
1 262 4 37 37 
1 457 195 17 17 
1 339 89 16 16 
1 4 20 13 13 
1 4 68 17 17 
1 78 72 16 16 
1 84 64 14 14 
1 40 63 13 13 
1 18 112 15 15 
1 35 197 20 20 
1 141 75 13 13 
1 158 30 16 16 
1 130 24 13 14 
1 201 87 14 14 
1 243 28 16 16 
1 121 85 20 22 
1 123 106 11 11 
1 139 126 12 12 
1 83 163 13 14 
1 99 144 15 15 
1 190 148 14 14 
1 292 111 23 23 
1 294 157 16 16 
1 321 149 15 15 
1 228 63 15 15 
1 289 58 16 16 
1 273 236 19 19 
1 207 223 15 14 
1 225 264 16 16 
1 241 253 16 16 
1 409 68 16 16 
1 505 132 15 15 
1 536 188 15 15 
1 562 123 15 15 
1 532 122 15 15 
1 492 101 14 14 
1 465 11 15 15 
1 145 227 20 20 
1 317 245 13 13 
1 430 286 21 21 
1 430 238 15 15 
1 421 211 14 14 
1 431 181 14 14 
1 423 186 12 13 
1 207 199 11 11 
1 227 330 15 15 
1 461 257 17 17 
1 478 269 16 16 
1 547 253 14 14 
1 443 159 19 19 
1 351 148 14 13 
1 568 324 13 13 
1 309 69 13 13 
1 272 81 13 13 
1 352 258 13 13 
1 136 159 12 12 
1 260 241 15 15 
1 292 299 13 13 
1 326 337 14 14 
1 194 343 12 11 
1 384 146 15 15 
