1 260 285 55 56 
1 94 182 57 57 
1 92 102 41 41 
1 94 105 36 34 
1 96 190 37 40 
1 168 190 25 20 
1 25 312 28 24 
1 35 254 21 21 
1 246 53 18 16 
1 309 24 30 35 
1 328 0 25 21 
1 232 2 18 10 
1 73 90 18 15 
1 72 129 15 17 
1 327 262 22 22 
1 258 285 63 60 
1 269 278 14 15 
1 412 290 20 21 
1 549 315 30 28 
1 441 342 15 14 
1 326 350 14 10 
1 441 264 17 17 
1 334 244 21 17 
1 283 221 16 14 
1 283 197 12 15 
1 60 314 8 13 
1 71 309 17 18 
1 140 259 14 14 
1 157 304 15 15 
1 212 282 22 21 
1 179 218 13 14 
1 206 208 16 18 
1 220 94 13 12 
1 254 149 14 11 
1 535 113 17 17 
1 566 145 12 13 
1 557 47 11 11 
1 553 38 11 11 
1 498 78 10 13 
1 484 62 12 12 
1 412 70 12 14 
1 442 238 11 12 
1 472 194 13 11 
1 60 186 15 13 
1 65 160 9 10 
1 146 42 9 9 
1 485 328 10 12 
1 352 90 10 11 
1 461 21 9 12 
