1 410 161 101 101 
1 532 368 26 26 
1 223 144 30 30 
1 247 52 33 34 
1 32 124 80 79 
1 171 343 33 32 
1 223 344 31 30 
1 99 223 38 38 
1 447 111 29 29 
1 468 0 27 16 
1 21 118 70 79 
1 217 141 38 32 
1 302 170 14 15 
1 364 154 17 19 
1 359 170 20 14 
1 377 177 19 20 
1 410 172 19 22 
1 414 153 63 114 
1 436 290 13 12 
1 441 279 19 14 
1 454 287 19 22 
1 500 309 21 22 
1 520 340 13 10 
1 560 288 12 13 
1 517 270 13 12 
1 485 263 14 11 
1 484 273 14 10 
1 404 312 23 24 
1 420 337 12 14 
1 267 337 16 16 
1 216 340 41 22 
1 163 334 48 27 
1 267 321 16 12 
1 284 340 14 17 
1 281 293 18 17 
1 253 278 17 11 
1 222 268 27 29 
1 181 298 14 14 
1 154 303 10 11 
1 105 288 12 12 
1 59 266 28 30 
1 46 272 16 16 
1 52 344 17 16 
1 29 330 21 28 
1 6 250 12 18 
1 15 287 12 12 
1 29 218 17 16 
1 99 202 20 21 
1 104 192 27 78 
1 133 164 15 13 
1 115 132 26 22 
1 153 177 17 18 
1 163 149 12 16 
1 149 136 12 15 
1 187 114 19 28 
1 224 108 9 10 
1 234 83 11 13 
1 232 114 15 12 
1 262 108 13 15 
1 239 51 30 30 
1 256 33 14 17 
1 176 48 13 18 
1 155 26 14 15 
1 95 63 13 12 
1 161 92 15 17 
1 156 105 10 12 
1 103 176 15 10 
1 55 98 15 17 
1 105 86 12 14 
1 54 42 19 16 
1 21 35 19 15 
1 16 10 11 14 
1 77 2 17 18 
1 369 34 10 11 
1 339 4 19 21 
1 386 30 21 22 
1 369 216 24 25 
1 550 200 29 27 
1 497 117 24 27 
1 447 105 27 38 
1 229 202 11 13 
1 340 95 19 17 
1 365 61 15 19 
1 419 6 14 17 
1 464 1 24 14 
1 500 15 18 18 
1 501 36 14 20 
1 500 61 10 18 
1 529 90 16 23 
1 556 89 19 20 
1 534 73 19 16 
1 566 63 14 17 
1 561 108 22 21 
1 500 92 19 12 
1 362 137 20 16 
1 133 62 24 21 
1 129 46 15 16 
1 118 4 31 26 
1 1 129 5 20 
1 10 147 23 26 
1 127 254 18 16 
1 455 331 25 27 
1 395 285 11 22 
1 395 211 16 12 
1 398 234 16 15 
1 318 228 11 11 
1 312 273 14 11 
1 158 244 17 32 
1 162 231 13 14 
1 366 283 11 11 
1 356 234 12 13 
1 339 155 14 11 
1 451 36 8 9 
1 74 101 14 10 
1 502 151 14 13 
1 529 217 24 23 
1 7 226 10 9 
1 142 87 9 10 
1 326 91 10 10 
1 482 102 15 9 
1 449 1 10 8 
