1 461 322 36 36 
1 380 312 54 54 
1 305 310 31 32 
1 66 303 28 28 
1 203 130 81 81 
1 117 84 28 28 
1 104 56 31 32 
1 28 8 50 51 
1 0 52 66 92 
1 179 70 29 29 
1 312 235 86 86 
1 406 125 58 58 
1 103 53 31 33 
1 125 21 24 24 
1 119 82 25 26 
1 101 52 38 34 
1 129 118 16 17 
1 280 147 15 17 
1 295 194 19 26 
1 64 288 18 15 
1 66 271 10 13 
1 86 221 13 12 
1 126 213 16 11 
1 448 0 27 16 
1 491 8 21 24 
1 510 92 16 19 
1 511 31 16 14 
1 537 18 14 15 
1 445 112 20 20 
1 384 171 17 19 
1 323 54 16 17 
1 319 34 16 14 
1 334 30 8 11 
1 202 146 58 52 
1 222 7 14 14 
1 201 231 14 12 
1 208 220 15 15 
1 304 307 34 34 
1 384 312 55 48 
1 462 325 40 33 
1 535 324 27 24 
1 222 77 16 12 
1 188 96 9 8 
1 236 112 13 13 
1 451 82 13 10 
1 551 81 14 18 
1 560 46 8 9 
1 572 178 12 13 
1 569 203 13 15 
1 576 223 8 12 
1 314 242 13 15 
1 346 221 10 10 
1 352 230 11 11 
1 386 228 11 11 
1 459 223 11 8 
1 469 237 14 20 
1 460 212 6 10 
1 230 334 11 11 
1 346 342 11 12 
1 378 278 13 14 
1 68 294 37 38 
1 112 335 10 11 
1 6 153 11 13 
1 266 64 18 17 
1 286 103 19 20 
1 217 95 12 12 
1 352 287 13 12 
1 468 264 11 9 
1 396 271 10 11 
1 390 285 10 13 
1 363 319 14 12 
1 496 163 10 12 
1 132 156 10 11 
1 173 193 11 10 
