1 432 193 42 41 
1 471 143 40 41 
1 359 125 37 37 
1 45 148 43 44 
1 355 116 44 49 
1 471 137 39 46 
1 421 181 28 27 
1 429 194 42 40 
1 257 43 30 23 
1 0 38 18 30 
1 15 95 28 25 
1 142 323 27 25 
1 259 216 22 22 
1 167 113 26 21 
1 90 3 27 22 
1 388 40 17 22 
1 463 240 22 15 
1 457 252 24 19 
1 503 257 20 22 
1 31 238 36 31 
1 69 247 22 17 
1 257 191 26 22 
1 515 80 20 21 
1 1 334 25 19 
1 17 284 24 17 
1 310 233 22 19 
1 506 314 23 20 
1 513 106 22 24 
1 544 27 22 22 
1 335 339 30 21 
1 382 290 19 18 
1 171 95 22 19 
1 447 117 20 23 
1 407 77 19 21 
1 66 344 27 16 
1 278 310 21 16 
1 42 128 23 20 
1 163 211 20 16 
1 182 181 17 16 
1 396 302 23 16 
1 370 230 21 19 
1 565 47 16 23 
1 540 86 22 23 
1 352 204 17 20 
1 321 224 21 19 
1 472 63 17 19 
1 102 182 34 26 
1 76 205 18 21 
1 207 41 17 18 
1 233 53 19 19 
1 381 210 17 15 
1 514 191 21 22 
1 371 56 18 17 
1 299 64 20 23 
1 120 63 19 22 
1 103 319 14 17 
1 306 289 18 18 
1 337 309 17 16 
1 309 205 18 15 
1 336 172 17 17 
1 457 153 14 13 
1 180 53 16 14 
1 104 100 18 17 
1 130 244 19 18 
1 12 263 16 15 
1 40 108 15 14 
1 168 43 14 13 
1 303 28 29 27 
1 490 8 24 19 
1 539 325 15 16 
1 471 283 20 19 
1 208 112 13 14 
1 159 278 15 16 
1 35 220 23 24 
1 293 236 14 14 
