1 386 44 28 27 
1 546 42 35 35 
1 385 44 34 32 
1 0 0 0 0 
1 30 145 26 22 
1 57 216 27 27 
1 79 189 22 19 
1 166 100 21 17 
1 120 128 22 20 
1 162 213 14 14 
1 205 252 20 18 
1 277 218 12 11 
1 163 128 13 14 
1 88 19 16 17 
1 305 268 27 27 
1 418 218 17 15 
1 538 145 27 28 
1 557 142 13 14 
1 561 70 12 14 
1 584 351 16 28 
1 494 346 18 20 
1 446 359 12 15 
1 165 331 20 19 
1 198 390 13 10 
1 131 357 25 28 
1 503 221 24 26 
1 498 275 15 19 
1 464 255 12 12 
1 122 318 19 21 
1 71 385 19 14 
1 426 375 11 13 
1 423 354 11 11 
1 517 378 13 11 
1 206 165 16 14 
1 319 5 30 27 
1 362 50 14 13 
1 586 62 14 20 
1 578 30 12 11 
1 583 309 14 13 
1 535 284 14 14 
1 513 300 12 9 
1 522 310 9 11 
1 342 264 21 24 
1 390 243 14 15 
1 397 221 12 14 
1 414 238 20 15 
1 442 253 14 14 
1 467 244 11 9 
1 455 272 16 14 
1 282 25 9 12 
1 403 19 13 13 
1 424 0 22 12 
1 258 316 25 23 
1 262 219 29 22 
1 323 229 17 18 
1 378 261 15 15 
1 418 292 10 9 
1 442 311 13 14 
1 454 383 12 12 
1 469 376 9 11 
1 461 350 9 12 
1 491 336 12 13 
1 69 274 21 20 
1 79 264 21 17 
1 121 292 16 15 
1 209 118 10 11 
1 223 128 13 13 
1 50 140 19 22 
1 332 199 13 10 
1 436 144 26 24 
1 509 193 10 12 
1 525 193 12 11 
1 522 218 16 17 
1 569 199 17 14 
1 546 197 12 11 
1 269 153 15 15 
1 288 165 10 10 
1 6 85 13 16 
1 77 2 12 9 
1 104 78 13 14 
1 66 177 11 8 
1 180 266 11 14 
1 182 297 18 15 
1 174 290 15 14 
1 241 358 15 15 
1 242 346 11 13 
1 339 320 17 14 
1 343 297 13 16 
1 327 335 18 19 
1 487 187 14 12 
1 392 136 19 17 
1 198 29 20 16 
1 486 90 8 10 
1 545 1 19 20 
1 580 104 8 9 
1 156 201 9 9 
1 406 263 12 12 
1 436 225 19 14 
1 274 242 11 12 
1 267 254 9 10 
1 222 333 16 15 
1 445 114 13 13 
1 515 39 12 14 
1 196 287 14 11 
1 44 208 19 19 
1 92 157 11 17 
1 111 168 26 23 
1 125 182 13 12 
1 14 168 12 14 
1 56 312 12 14 
1 345 115 12 16 
1 329 70 12 10 
1 349 98 14 12 
1 329 132 14 14 
1 174 172 13 13 
1 169 181 12 12 
1 380 211 14 14 
1 311 351 14 19 
