1 202 20 28 27 
1 278 0 26 16 
1 199 18 33 30 
1 557 23 28 26 
1 398 74 25 24 
1 397 57 18 19 
1 426 66 20 19 
1 115 309 30 31 
1 14 377 29 23 
1 213 331 19 23 
1 175 253 16 15 
1 180 273 14 17 
1 321 272 15 18 
1 311 187 15 20 
1 374 163 15 16 
1 310 32 19 21 
1 349 8 12 11 
1 332 19 13 12 
1 394 0 18 9 
1 531 208 17 15 
1 536 237 12 15 
1 582 286 17 18 
1 573 315 18 17 
1 403 300 34 27 
1 456 252 16 16 
1 507 179 15 17 
1 544 175 14 13 
1 507 108 15 15 
1 259 273 32 33 
1 190 128 14 16 
1 139 81 13 16 
1 167 70 13 17 
1 244 348 19 18 
1 96 246 21 21 
1 473 141 10 12 
1 560 99 12 13 
1 420 32 15 14 
1 448 52 15 12 
1 429 18 11 11 
1 336 308 17 12 
1 336 300 13 7 
1 481 259 14 14 
1 212 373 19 15 
1 22 65 12 12 
1 63 107 14 14 
1 186 347 16 15 
1 166 357 19 13 
1 458 312 10 12 
1 262 81 11 12 
1 433 89 12 10 
1 480 325 12 12 
1 562 209 11 11 
1 561 233 11 16 
1 219 94 11 12 
1 26 320 15 16 
1 361 235 12 11 
1 532 83 10 13 
