1 30 326 74 73 
1 373 129 37 36 
1 279 205 34 34 
1 376 128 37 37 
1 54 15 15 15 
1 1 66 24 24 
1 292 49 23 23 
1 74 75 23 23 
1 135 58 17 17 
1 55 54 20 20 
1 58 135 16 16 
1 45 107 17 17 
1 30 84 21 21 
1 29 174 11 11 
1 66 200 31 32 
1 88 231 18 18 
1 93 266 17 17 
1 183 132 25 25 
1 125 189 25 25 
1 142 229 30 30 
1 532 159 18 18 
1 173 65 16 15 
1 228 3 18 18 
1 120 152 13 13 
1 164 123 11 11 
1 126 107 12 12 
1 276 132 26 26 
1 313 103 14 14 
1 457 172 26 27 
1 160 102 19 17 
1 171 216 22 22 
1 246 164 18 18 
1 206 187 16 16 
1 196 167 16 16 
1 369 69 24 25 
1 500 40 18 18 
1 417 15 20 20 
1 467 261 16 16 
1 527 54 20 21 
1 540 15 14 14 
1 546 50 11 11 
1 534 99 16 16 
1 444 134 12 12 
1 101 83 12 12 
1 134 328 16 17 
1 152 287 21 21 
1 169 280 14 14 
1 279 204 37 37 
1 267 253 22 22 
1 313 323 16 15 
1 362 333 14 14 
1 405 248 19 19 
1 265 106 14 14 
1 377 238 14 14 
1 530 217 15 15 
1 401 219 14 14 
1 463 230 15 16 
1 300 189 16 16 
1 275 178 16 16 
1 288 169 15 15 
1 472 61 13 14 
1 550 40 13 12 
1 371 200 15 16 
1 384 204 16 18 
1 334 300 22 22 
1 381 316 15 15 
1 259 292 14 14 
1 509 108 20 20 
1 0 217 15 18 
1 110 337 23 23 
1 449 295 19 19 
1 240 239 15 15 
1 263 217 14 14 
1 281 265 17 17 
1 335 47 15 14 
1 256 26 17 17 
1 493 227 14 14 
1 526 181 12 12 
1 491 103 12 13 
1 230 288 16 16 
1 210 218 13 13 
1 195 55 14 14 
