1 95 336 41 40 
1 132 228 33 33 
1 79 0 8 10 
1 68 3 7 12 
1 68 22 8 7 
1 44 24 6 6 
1 52 28 6 8 
1 46 38 6 10 
1 53 41 9 11 
1 47 68 12 12 
1 66 70 6 7 
1 31 81 9 9 
1 19 83 10 12 
1 21 93 10 11 
1 54 102 10 15 
1 38 114 12 13 
1 49 127 7 7 
1 28 118 6 7 
1 61 130 18 18 
1 96 115 11 12 
1 5 219 10 9 
1 0 205 5 9 
1 14 276 8 9 
1 0 279 11 9 
1 22 309 7 7 
1 8 304 7 9 
1 74 299 9 7 
1 92 303 13 14 
1 96 335 40 33 
1 129 332 6 10 
1 165 350 7 8 
1 174 325 8 9 
1 166 332 7 8 
1 133 230 26 27 
1 172 266 15 15 
1 42 173 6 7 
1 37 142 7 9 
1 18 159 7 8 
1 56 151 5 5 
1 60 163 6 6 
1 90 89 9 10 
1 62 87 4 7 
1 77 100 7 7 
1 110 105 7 7 
1 119 103 8 9 
1 134 40 14 20 
1 147 63 5 6 
1 133 6 7 10 
1 147 3 7 8 
1 139 179 9 11 
1 152 180 12 13 
1 140 194 9 13 
1 149 163 6 7 
1 161 128 7 8 
1 165 133 9 7 
1 125 297 8 9 
1 191 254 9 10 
1 190 284 8 9 
1 165 236 9 11 
1 172 212 9 11 
1 193 179 9 10 
1 206 187 14 14 
1 194 205 8 8 
1 212 220 7 6 
1 189 215 7 8 
1 198 243 9 9 
1 173 253 7 9 
1 219 301 9 9 
1 226 307 10 9 
1 234 302 9 9 
1 238 293 9 8 
1 235 269 14 12 
1 224 279 8 6 
1 243 258 9 10 
1 258 261 13 13 
1 267 272 8 8 
1 275 257 9 8 
1 204 128 11 13 
1 196 88 8 9 
1 176 108 7 8 
1 154 78 9 8 
1 166 24 10 10 
1 174 13 9 11 
1 180 9 8 7 
1 180 0 11 7 
1 202 19 7 7 
1 178 36 12 11 
1 201 31 11 8 
1 212 34 6 10 
1 235 41 9 9 
1 251 32 9 8 
1 232 74 8 8 
1 243 134 7 8 
1 227 162 8 10 
1 258 224 8 10 
1 292 148 11 10 
1 339 120 13 13 
1 339 148 9 12 
1 219 86 6 6 
1 287 56 7 8 
1 301 65 7 9 
1 311 76 7 7 
1 319 81 10 9 
1 338 94 7 8 
1 330 111 8 8 
1 351 156 10 9 
1 363 199 6 8 
1 339 224 14 14 
1 317 286 11 12 
1 250 297 19 19 
1 286 315 18 19 
1 302 309 8 9 
1 272 349 14 11 
1 267 351 7 7 
1 337 318 9 7 
1 348 329 8 12 
1 340 331 7 6 
1 329 330 8 9 
1 308 187 6 9 
1 347 273 11 14 
1 359 245 9 11 
1 374 243 13 11 
1 409 208 10 11 
1 334 53 9 10 
1 339 37 9 12 
1 413 59 10 10 
1 407 74 8 8 
1 404 137 11 12 
1 407 152 10 9 
1 401 173 8 11 
1 421 148 9 10 
1 433 140 10 10 
1 431 157 10 10 
1 445 186 8 10 
1 433 214 8 10 
1 432 228 10 10 
1 415 283 11 11 
1 418 298 15 15 
1 382 327 11 9 
1 407 321 9 8 
1 420 316 10 11 
1 422 343 10 10 
1 459 335 9 8 
1 501 327 9 10 
1 507 312 9 13 
1 525 319 9 10 
1 511 344 9 9 
1 526 353 15 11 
1 565 328 8 7 
1 556 334 8 10 
1 566 353 6 6 
1 519 268 10 13 
1 483 278 16 17 
1 466 272 13 15 
1 447 269 12 9 
1 451 251 10 9 
1 466 250 9 11 
1 482 223 11 13 
1 466 158 8 10 
1 495 155 8 9 
1 499 171 11 10 
1 509 183 10 9 
1 498 135 14 14 
1 493 117 10 9 
1 469 96 9 9 
1 431 28 10 10 
1 428 46 9 9 
1 533 57 13 11 
1 552 13 16 14 
1 510 98 9 9 
1 576 25 11 13 
1 575 117 10 10 
1 552 151 10 11 
1 570 154 10 9 
1 567 167 10 11 
1 568 245 9 10 
1 511 11 8 8 
1 500 12 8 10 
1 471 17 9 10 
1 371 75 8 7 
1 440 133 8 9 
1 425 131 8 8 
1 472 87 10 9 
1 508 58 7 7 
1 543 88 6 9 
1 376 233 9 7 
1 491 254 9 9 
1 490 307 8 10 
1 466 355 9 9 
1 450 343 8 8 
1 302 274 8 10 
1 377 383 15 14 
1 393 363 13 12 
1 363 383 11 10 
1 347 384 12 10 
1 328 379 11 12 
1 80 375 10 11 
