1 455 193 44 45 
1 461 107 33 33 
1 381 339 32 32 
1 480 9 25 26 
1 459 193 39 45 
1 461 106 39 35 
1 481 11 23 21 
1 540 71 13 14 
1 564 142 11 12 
1 458 170 14 17 
1 386 341 26 29 
1 443 361 13 13 
1 285 358 20 20 
1 94 284 12 16 
1 104 295 16 12 
1 146 343 17 20 
1 197 322 15 16 
1 168 118 13 12 
1 208 145 13 13 
1 214 21 26 24 
1 417 170 13 13 
1 507 248 13 15 
1 492 167 15 13 
1 515 368 13 12 
1 254 233 9 12 
1 116 191 14 14 
1 98 205 16 16 
1 20 8 22 21 
1 188 19 15 14 
1 164 177 22 21 
1 340 341 14 15 
1 303 386 16 14 
1 513 63 12 13 
1 287 180 11 11 
1 436 252 13 11 
1 138 375 14 13 
1 55 73 10 12 
1 69 70 10 12 
1 93 194 13 11 
1 182 42 11 12 
1 186 105 12 12 
1 513 221 8 12 
1 575 250 8 10 
1 293 278 14 13 
1 504 130 10 11 
1 566 192 13 12 
1 495 339 12 11 
1 1 132 12 11 
1 272 366 12 13 
1 281 388 12 12 
1 456 346 11 11 
1 127 241 12 15 
1 562 74 13 14 
1 589 291 11 13 
1 469 273 13 10 
1 293 329 22 22 
