1 299 95 102 102 
1 472 127 34 34 
1 231 295 33 32 
1 288 285 29 29 
1 136 335 29 30 
1 283 88 126 116 
1 467 118 38 45 
1 512 123 35 40 
1 492 97 26 25 
1 495 220 0 0 
1 190 181 22 19 
1 234 201 27 21 
1 218 86 24 18 
1 210 112 25 22 
1 229 184 20 16 
1 124 284 29 23 
1 81 164 28 24 
1 136 122 26 24 
1 282 279 35 35 
1 303 236 20 20 
1 226 288 38 40 
1 225 323 32 33 
1 455 258 24 22 
1 394 200 25 22 
1 411 0 28 26 
1 543 340 20 22 
1 469 218 20 18 
1 404 42 24 22 
1 398 25 23 18 
1 149 308 22 21 
1 379 251 18 19 
1 151 37 17 15 
1 1 164 17 17 
1 42 317 23 17 
1 127 217 24 18 
1 0 0 0 0 
1 116 86 14 15 
1 396 66 14 13 
1 535 19 20 19 
1 482 23 20 16 
1 436 177 17 15 
1 446 194 17 16 
1 367 319 12 10 
1 281 220 13 16 
1 132 308 14 13 
1 142 55 16 15 
1 177 50 17 18 
1 206 214 13 13 
1 298 253 12 14 
1 293 192 27 26 
1 367 76 14 13 
1 292 45 19 19 
1 511 266 18 18 
1 474 280 13 15 
1 453 295 15 13 
1 115 322 12 12 
1 148 174 17 16 
