1 299 109 58 58 
1 513 104 28 27 
1 213 321 52 52 
1 565 341 27 27 
1 534 327 27 28 
1 566 297 30 30 
1 541 297 18 18 
1 517 317 15 15 
1 567 243 15 16 
1 545 172 24 26 
1 541 224 10 11 
1 469 344 12 13 
1 466 300 13 13 
1 461 317 14 13 
1 428 313 22 23 
1 414 304 13 14 
1 413 314 15 15 
1 440 365 11 12 
1 411 344 11 12 
1 393 352 14 15 
1 358 360 14 14 
1 349 366 11 12 
1 315 362 15 15 
1 297 378 25 23 
1 280 388 14 13 
1 289 357 17 18 
1 300 347 15 16 
1 243 375 11 12 
1 249 336 21 23 
1 229 347 14 14 
1 234 340 8 10 
1 210 309 15 16 
1 215 322 15 16 
1 200 326 16 17 
1 173 296 14 14 
1 178 317 15 17 
1 167 325 24 24 
1 140 383 25 19 
1 150 367 15 17 
1 134 381 13 12 
1 116 369 19 19 
1 96 385 16 15 
1 83 306 20 22 
1 24 350 21 21 
1 11 349 98 61 
1 0 338 16 26 
1 82 306 19 19 
1 108 242 31 30 
1 100 197 17 18 
1 64 182 15 16 
1 89 167 12 13 
1 76 162 13 13 
1 10 185 26 27 
1 50 145 10 12 
1 124 150 15 15 
1 105 103 13 14 
1 103 74 10 11 
1 45 63 23 26 
1 20 88 20 23 
1 11 80 16 17 
1 73 7 24 21 
1 97 37 19 21 
1 118 13 18 18 
1 172 46 14 15 
1 174 1 14 14 
1 182 115 17 17 
1 195 120 18 19 
1 199 104 12 12 
1 213 108 11 12 
1 213 98 11 11 
1 246 89 13 14 
1 236 49 11 13 
1 231 27 9 9 
1 243 29 10 11 
1 260 8 12 13 
1 291 102 78 77 
1 353 88 27 25 
1 373 88 10 11 
1 333 92 13 15 
1 366 111 12 14 
1 388 105 15 15 
1 375 111 13 12 
1 421 62 16 15 
1 425 53 12 12 
1 466 0 12 12 
1 485 43 10 11 
1 482 64 16 16 
1 507 30 16 17 
1 520 43 16 16 
1 529 57 19 19 
1 547 56 14 14 
1 561 35 18 20 
1 550 23 20 23 
1 574 0 23 10 
1 579 64 11 12 
1 511 101 33 32 
1 499 133 17 20 
1 542 171 26 30 
1 581 157 13 15 
1 501 217 14 14 
1 504 163 12 12 
1 485 178 17 17 
1 405 62 53 51 
1 512 0 39 20 
1 369 28 21 21 
1 329 13 15 15 
1 333 25 10 10 
1 296 75 14 14 
1 370 211 14 16 
1 383 200 11 14 
1 367 226 21 23 
1 315 257 20 19 
1 353 267 14 15 
1 324 278 12 13 
1 410 267 23 25 
1 442 248 19 19 
1 466 221 13 17 
1 436 228 12 13 
1 417 229 15 16 
1 323 278 13 13 
1 288 233 25 27 
1 313 234 19 21 
1 311 290 44 44 
1 261 258 39 39 
1 266 263 12 12 
1 262 272 12 11 
1 251 251 10 12 
1 245 244 10 12 
1 241 276 18 16 
1 252 309 13 15 
1 101 328 17 19 
1 557 370 10 11 
1 475 356 12 13 
1 451 70 10 11 
1 451 81 12 12 
1 174 141 15 14 
1 180 152 13 12 
1 185 183 13 14 
1 162 224 10 10 
1 117 204 12 14 
1 154 273 19 19 
1 178 261 13 13 
1 173 247 15 15 
1 174 239 14 14 
1 129 287 23 25 
1 100 286 18 20 
1 549 124 23 25 
1 502 349 19 19 
1 470 151 11 12 
1 475 141 11 12 
1 487 161 13 14 
1 445 280 13 14 
1 448 289 11 12 
1 398 220 11 13 
1 398 203 8 10 
1 371 306 9 12 
1 369 317 11 13 
1 354 197 11 13 
1 352 217 13 15 
1 338 171 16 17 
1 415 138 13 14 
1 412 115 10 12 
1 371 61 10 11 
1 361 16 14 14 
1 256 66 11 11 
1 197 84 9 10 
1 186 184 12 13 
1 114 231 10 11 
1 162 224 10 11 
1 260 174 49 46 
1 517 201 15 16 
1 593 47 9 14 
1 103 174 17 19 
1 110 129 15 17 
1 146 84 9 9 
1 119 47 17 17 
1 110 131 13 14 
1 35 205 11 11 
1 4 219 9 11 
1 17 110 11 11 
1 15 125 17 18 
1 125 326 18 19 
1 225 368 21 21 
1 197 379 11 11 
1 401 250 11 11 
1 548 140 8 9 
1 530 85 15 17 
1 270 216 16 16 
1 313 311 10 11 
1 316 300 10 10 
1 314 156 12 12 
1 314 168 10 11 
1 323 21 42 38 
1 426 370 15 15 
1 420 382 17 17 
1 213 156 14 14 
1 224 161 13 13 
1 233 176 13 14 
1 66 222 12 13 
1 80 368 17 15 
1 104 389 19 15 
1 219 179 10 11 
