1 454 148 38 38 
1 56 229 102 101 
1 107 33 28 28 
1 341 357 28 27 
1 541 347 26 26 
1 275 235 34 34 
1 132 346 29 29 
1 95 146 40 40 
1 252 273 47 47 
1 388 222 103 102 
1 516 200 63 63 
1 95 36 0 0 
1 8 0 43 40 
1 36 0 18 8 
1 63 8 9 10 
1 69 16 12 9 
1 0 0 0 0 
1 72 28 10 9 
1 64 43 14 13 
1 26 63 15 14 
1 2 42 16 15 
1 28 43 15 19 
1 39 49 9 10 
1 63 71 14 15 
1 24 120 9 7 
1 23 129 11 14 
1 15 139 11 9 
1 48 136 12 12 
1 64 133 9 10 
1 34 152 13 10 
1 0 209 15 19 
1 21 210 11 13 
1 13 221 8 8 
1 21 231 10 9 
1 28 248 11 11 
1 24 261 11 9 
1 22 272 17 12 
1 43 246 15 16 
1 39 224 12 12 
1 64 255 18 19 
1 46 230 62 92 
1 54 319 11 14 
1 17 345 20 18 
1 49 334 13 11 
1 68 332 11 13 
1 60 341 11 12 
1 67 342 17 18 
1 113 318 12 14 
1 128 342 26 20 
1 151 333 13 15 
1 140 313 11 13 
1 170 343 11 12 
1 85 115 19 19 
1 77 109 11 11 
1 79 128 11 11 
1 96 148 29 30 
1 70 182 9 9 
1 53 184 8 12 
1 81 178 10 9 
1 82 79 5 8 
1 98 75 7 7 
1 108 35 27 27 
1 133 51 8 11 
1 128 205 9 14 
1 148 209 9 10 
1 143 194 6 8 
1 152 185 12 11 
1 157 134 10 11 
1 153 79 10 10 
1 121 107 9 9 
1 135 250 9 8 
1 170 41 12 12 
1 190 42 6 8 
1 192 52 10 8 
1 208 67 14 13 
1 205 6 10 10 
1 219 22 12 12 
1 234 7 13 10 
1 234 36 10 11 
1 184 100 8 8 
1 168 70 10 9 
1 182 70 8 8 
1 170 90 10 7 
1 171 108 9 8 
1 169 131 11 14 
1 180 136 13 11 
1 184 158 13 12 
1 181 174 8 10 
1 190 193 9 11 
1 166 206 7 8 
1 184 218 10 12 
1 172 232 10 12 
1 193 236 12 10 
1 183 291 12 13 
1 206 274 17 18 
1 184 315 9 10 
1 208 335 8 7 
1 232 333 9 9 
1 266 34 8 10 
1 285 27 8 8 
1 222 102 13 12 
1 214 130 11 11 
1 191 128 13 11 
1 208 114 6 8 
1 234 111 11 13 
1 249 110 6 9 
1 241 127 7 10 
1 266 122 13 13 
1 275 100 8 8 
1 311 136 19 18 
1 283 171 12 15 
1 294 162 8 9 
1 253 153 11 11 
1 265 269 16 17 
1 289 216 9 11 
1 301 192 11 10 
1 308 341 12 14 
1 341 310 16 14 
1 344 330 11 10 
1 319 326 10 12 
1 361 304 10 14 
1 327 265 8 9 
1 348 261 22 23 
1 377 250 22 25 
1 369 280 15 14 
1 378 223 12 14 
1 393 233 18 18 
1 361 180 7 10 
1 369 151 7 11 
1 329 202 9 9 
1 299 215 9 9 
1 361 245 8 6 
1 410 206 12 11 
1 414 214 7 12 
1 416 194 12 13 
1 421 241 6 8 
1 431 255 10 9 
1 428 264 11 11 
1 393 279 11 9 
1 401 284 14 19 
1 395 321 20 16 
1 385 303 14 14 
1 413 311 8 8 
1 329 80 9 11 
1 341 34 16 17 
1 352 26 12 12 
1 356 54 8 11 
1 362 46 7 9 
1 378 50 8 8 
1 382 76 7 7 
1 371 81 7 9 
1 394 43 10 12 
1 398 36 8 9 
1 391 29 8 7 
1 406 46 7 11 
1 409 40 7 10 
1 398 59 10 11 
1 301 17 9 8 
1 311 19 8 9 
1 342 20 8 8 
1 373 1 15 14 
1 393 0 13 12 
1 408 7 8 11 
1 437 24 8 8 
1 463 9 9 10 
1 367 126 11 9 
1 377 136 14 16 
1 415 144 19 18 
1 410 96 10 12 
1 425 65 8 7 
1 439 95 8 7 
1 417 70 7 9 
1 417 82 7 15 
1 437 101 22 23 
1 471 121 8 9 
1 451 135 14 12 
1 479 104 11 13 
1 503 117 12 12 
1 486 138 8 9 
1 457 149 30 33 
1 471 186 10 10 
1 454 189 9 8 
1 416 171 13 11 
1 405 175 10 12 
1 452 202 7 7 
1 333 107 7 8 
1 340 119 8 6 
1 328 138 8 8 
1 440 292 6 10 
1 0 0 0 0 
1 437 327 6 6 
1 457 307 7 10 
1 479 311 10 8 
1 493 322 10 11 
1 492 348 13 15 
1 431 338 16 16 
1 343 355 14 8 
1 512 277 8 11 
1 526 265 8 11 
1 538 347 24 16 
1 559 334 9 10 
1 576 339 9 12 
1 503 199 10 10 
1 508 167 10 13 
1 535 173 11 12 
1 533 210 6 9 
1 506 235 7 10 
1 487 83 7 8 
1 492 87 6 7 
1 496 97 5 7 
1 174 25 7 8 
1 302 134 8 9 
1 439 49 7 9 
1 510 35 15 16 
1 520 25 10 13 
1 548 35 9 10 
1 526 0 15 12 
1 557 0 9 9 
1 504 3 10 6 
1 545 73 8 9 
1 542 79 8 9 
1 514 70 14 15 
1 541 97 8 10 
1 579 90 11 9 
1 561 91 7 9 
1 513 99 8 9 
1 525 89 8 9 
1 529 123 11 10 
1 534 141 11 12 
1 533 158 12 11 
1 575 154 8 11 
1 29 287 8 9 
1 0 0 0 0 
1 2 197 11 10 
1 0 0 0 0 
1 11 182 10 10 
1 2 174 7 11 
1 4 64 8 7 
1 8 73 6 7 
1 588 289 12 19 
1 30 363 32 29 
1 3 384 11 12 
1 194 388 29 12 
1 223 359 11 12 
1 199 361 12 11 
1 282 361 26 26 
