1 459 250 45 45 
1 296 210 47 47 
1 167 72 35 35 
1 215 85 29 28 
1 146 24 34 34 
1 0 127 33 42 
1 68 197 25 26 
1 554 361 29 29 
1 0 63 44 51 
1 65 188 32 46 
1 56 108 16 17 
1 0 65 27 38 
1 295 198 51 62 
1 350 222 23 18 
1 454 245 45 46 
1 499 272 20 20 
1 492 237 22 19 
1 520 249 13 12 
1 537 222 17 16 
1 562 197 13 21 
1 489 115 12 23 
1 472 132 16 16 
1 455 139 18 14 
1 445 172 21 16 
1 370 89 16 19 
1 395 85 13 18 
1 469 72 27 28 
1 496 93 26 16 
1 503 123 14 6 
1 573 94 12 18 
1 518 48 15 20 
1 567 41 19 13 
1 560 15 17 12 
1 430 7 18 12 
1 306 38 17 25 
1 253 77 17 18 
1 296 114 24 23 
1 209 85 32 29 
1 157 68 49 42 
1 134 20 49 42 
1 120 12 16 21 
1 8 6 22 24 
1 3 31 19 32 
1 60 47 19 24 
1 108 90 13 18 
1 102 116 16 10 
1 97 103 16 17 
1 173 180 17 21 
1 98 188 21 19 
1 0 124 30 44 
1 89 245 19 20 
1 118 272 18 19 
1 160 245 17 19 
1 187 260 19 21 
1 176 285 24 20 
1 221 318 14 18 
1 204 238 17 15 
1 371 166 21 18 
1 517 322 15 20 
1 429 334 16 14 
1 435 297 16 22 
1 359 316 19 18 
1 295 290 21 18 
1 373 277 15 25 
1 322 180 15 10 
1 211 137 13 12 
1 237 119 20 12 
1 281 76 16 12 
1 211 28 28 17 
1 431 187 9 17 
1 381 209 20 17 
1 378 318 19 17 
1 515 14 11 13 
1 463 166 14 17 
1 53 79 18 18 
1 336 92 13 12 
1 442 33 13 15 
1 425 54 21 27 
1 417 85 19 15 
1 53 292 22 24 
1 45 180 15 18 
1 268 196 21 18 
1 244 143 15 11 
1 124 56 11 11 
1 393 30 17 14 
1 549 187 13 7 
1 561 221 8 7 
1 423 280 13 11 
1 335 269 13 13 
1 438 88 11 8 
1 153 169 8 10 
1 89 154 13 11 
1 36 157 11 11 
1 18 267 11 11 
1 71 276 13 10 
1 142 341 9 9 
1 128 349 10 9 
1 160 234 10 13 
