1 187 280 39 39 
1 165 351 30 31 
1 439 42 26 26 
1 372 108 36 36 
1 55 58 26 26 
1 181 276 54 54 
1 162 345 40 41 
1 269 369 33 29 
1 370 307 19 19 
1 382 320 11 12 
1 100 360 24 24 
1 33 372 16 15 
1 101 303 16 15 
1 1 255 19 21 
1 17 262 21 21 
1 75 240 15 17 
1 40 185 14 15 
1 113 194 28 29 
1 124 141 27 26 
1 49 49 44 41 
1 100 0 24 24 
1 107 16 19 18 
1 33 3 18 17 
1 100 3 23 19 
1 109 18 14 16 
1 196 20 17 17 
1 177 69 16 16 
1 173 83 15 14 
1 170 99 19 17 
1 228 118 18 18 
1 263 107 16 16 
1 317 2 23 22 
1 339 9 13 12 
1 425 26 15 14 
1 435 37 35 32 
1 455 66 22 24 
1 372 103 47 47 
1 364 81 28 28 
1 343 85 16 15 
1 340 105 24 23 
1 577 108 23 26 
1 514 76 18 19 
1 514 122 12 12 
1 521 142 18 19 
1 515 157 20 20 
1 567 209 38 51 
1 545 198 26 25 
1 401 307 31 30 
1 370 306 20 19 
1 318 264 16 14 
1 308 245 17 18 
1 235 262 24 24 
1 244 249 12 12 
1 270 370 32 27 
1 588 22 15 20 
1 585 49 15 19 
1 487 224 21 21 
1 498 211 15 15 
1 478 111 19 21 
1 452 107 14 16 
1 448 134 21 22 
1 418 117 11 11 
1 340 236 10 10 
1 365 226 14 17 
1 363 238 13 12 
1 217 163 17 20 
1 142 169 25 24 
1 170 239 21 22 
1 150 279 14 14 
1 144 292 12 13 
1 129 276 16 18 
1 75 262 10 11 
1 59 255 16 18 
1 67 126 13 14 
1 80 136 16 17 
1 105 139 14 15 
1 101 71 19 20 
1 124 55 12 13 
1 0 157 17 20 
1 0 193 16 18 
1 237 84 23 22 
1 242 106 12 13 
1 265 54 13 14 
1 344 32 23 24 
1 354 67 13 14 
1 421 71 14 14 
1 487 24 16 16 
1 499 38 13 13 
1 517 43 12 13 
1 478 111 20 20 
1 498 213 12 14 
1 524 185 14 15 
1 394 185 15 16 
1 345 164 12 11 
1 27 29 17 16 
1 28 221 15 16 
1 285 25 11 12 
1 290 33 12 13 
1 299 30 13 14 
1 304 20 16 17 
1 373 4 12 11 
1 393 31 13 14 
1 300 102 24 24 
1 201 242 10 11 
1 189 190 11 12 
1 128 120 11 11 
1 418 350 15 15 
1 206 4 20 19 
1 236 0 17 15 
1 467 3 15 15 
1 512 0 18 13 
1 339 333 23 22 
1 361 341 11 12 
1 372 341 11 12 
1 329 363 18 18 
1 322 376 16 17 
1 74 340 13 15 
1 51 337 14 15 
1 53 319 12 13 
1 50 313 10 11 
1 62 295 16 15 
1 75 292 11 11 
1 538 62 20 19 
1 215 37 13 13 
1 265 6 11 12 
1 268 97 13 14 
1 283 93 15 16 
1 268 73 13 14 
1 82 310 11 12 
1 136 364 15 15 
1 128 357 14 15 
1 523 67 13 14 
1 322 66 16 17 
1 322 32 14 16 
1 329 45 13 13 
1 400 10 11 12 
1 72 172 14 15 
1 104 214 16 15 
1 41 310 11 13 
1 74 172 12 13 
1 457 240 15 16 
1 445 214 11 11 
1 389 196 19 19 
1 555 336 13 13 
1 190 129 12 13 
1 113 80 56 55 
1 126 230 16 15 
1 111 228 13 13 
1 126 259 13 13 
