1 260 189 31 31 
1 133 67 36 36 
1 260 188 34 34 
1 246 101 18 18 
1 207 64 20 21 
1 75 259 23 23 
1 8 326 23 23 
1 59 336 24 24 
1 81 129 21 21 
1 95 160 19 19 
1 215 233 15 15 
1 285 62 18 18 
1 308 67 14 14 
1 276 20 17 17 
1 311 41 13 13 
1 52 282 22 22 
1 500 140 24 24 
1 468 65 23 22 
1 439 115 24 24 
1 319 122 16 16 
1 318 158 14 14 
1 349 193 20 20 
1 451 35 19 18 
1 306 333 16 17 
1 321 314 21 21 
1 372 339 22 19 
1 195 282 21 20 
1 75 217 15 15 
1 101 86 17 17 
1 101 104 22 20 
1 416 113 17 18 
1 427 28 17 17 
1 266 242 14 14 
1 284 323 14 13 
1 389 317 15 16 
1 521 285 17 17 
1 60 135 13 13 
1 441 278 17 17 
1 99 286 13 16 
1 403 214 14 16 
1 334 285 13 15 
