1 280 71 29 29 
1 73 187 30 30 
1 147 44 32 32 
1 425 231 160 130 
1 67 185 36 35 
1 161 227 21 22 
1 139 248 20 18 
1 208 262 26 22 
1 46 271 22 20 
1 32 305 24 26 
1 274 68 36 38 
1 170 135 27 25 
1 146 47 42 34 
1 131 8 24 18 
1 205 10 21 18 
1 12 8 19 22 
1 36 24 19 20 
1 110 119 19 15 
1 125 159 11 16 
1 511 113 30 30 
1 463 187 14 14 
1 422 180 14 14 
1 382 159 17 17 
1 341 180 15 15 
1 341 227 13 12 
1 375 236 15 13 
1 418 265 15 16 
1 458 255 16 15 
1 404 251 16 13 
1 383 251 18 16 
1 345 243 14 12 
1 305 233 13 12 
1 317 234 13 14 
1 268 225 19 14 
1 296 203 20 18 
1 305 160 15 18 
1 398 337 23 22 
1 410 290 9 14 
1 380 306 17 16 
1 355 85 11 12 
1 411 149 15 14 
1 493 89 12 14 
1 553 171 12 12 
1 559 159 8 9 
1 517 81 12 12 
1 518 2 19 16 
1 533 30 12 13 
1 230 91 19 14 
