1 326 210 51 51 
1 271 307 44 44 
1 489 87 102 102 
1 285 4 35 34 
1 108 216 100 100 
1 35 71 26 25 
1 348 277 30 30 
1 324 210 58 53 
1 266 305 53 49 
1 348 332 25 26 
1 34 68 34 35 
1 54 116 28 23 
1 31 186 27 29 
1 9 240 19 16 
1 111 327 16 20 
1 166 322 23 22 
1 141 279 18 15 
1 101 299 31 25 
1 118 94 15 15 
1 79 46 21 18 
1 104 47 15 17 
1 79 14 19 20 
1 112 24 18 18 
1 141 16 16 15 
1 137 45 19 19 
1 163 57 16 18 
1 200 127 16 15 
1 213 142 19 22 
1 285 4 39 34 
1 502 97 80 86 
1 546 22 30 33 
1 525 77 19 24 
1 546 57 12 14 
1 490 231 23 19 
1 382 250 22 17 
1 344 278 38 39 
1 414 250 15 13 
1 248 198 18 18 
1 230 186 13 14 
1 243 73 14 15 
1 250 58 19 13 
1 253 42 13 13 
1 242 30 11 14 
1 321 82 21 24 
1 321 155 11 12 
1 330 178 14 16 
1 94 148 13 15 
1 95 192 9 11 
1 92 231 13 16 
1 536 226 10 12 
1 388 2 15 15 
1 453 10 10 11 
1 182 204 13 14 
1 92 272 10 14 
1 228 338 21 22 
1 0 1 21 22 
1 45 3 18 15 
1 101 126 10 11 
