1 45 160 49 49 
1 46 155 51 55 
1 243 143 37 42 
1 238 0 33 34 
1 41 205 24 23 
1 98 209 19 17 
1 83 252 17 20 
1 42 262 16 16 
1 50 317 26 28 
1 96 298 31 24 
1 260 230 94 75 
1 332 200 30 30 
1 382 155 24 27 
1 401 170 18 16 
1 172 239 20 22 
1 435 190 15 16 
1 444 161 18 21 
1 431 179 12 14 
1 429 167 12 15 
1 523 143 21 20 
1 551 163 22 24 
1 570 251 15 21 
1 507 272 14 17 
1 530 295 18 20 
1 546 316 9 11 
1 545 339 12 9 
1 472 49 17 15 
1 404 49 18 11 
1 381 100 19 24 
1 415 89 21 16 
1 23 102 12 15 
1 200 205 12 17 
1 174 201 13 12 
1 154 147 14 13 
1 163 123 10 12 
1 188 145 13 12 
1 234 216 10 14 
1 227 238 8 14 
1 310 122 17 20 
1 312 123 9 12 
1 356 153 16 17 
1 369 181 10 15 
1 431 273 15 16 
1 436 312 14 16 
1 482 92 11 15 
1 504 59 11 14 
1 509 81 9 10 
1 511 94 10 12 
1 572 116 12 14 
1 306 2 20 13 
1 37 58 10 16 
1 225 275 10 7 
1 393 200 8 9 
1 291 347 10 11 
1 346 330 10 11 
1 254 185 9 9 
1 274 190 9 12 
1 309 192 8 9 
1 319 204 10 14 
