1 376 328 32 32 
1 371 325 40 42 
1 540 355 60 45 
1 91 323 21 19 
1 270 295 16 15 
1 209 52 16 18 
1 268 53 23 20 
1 520 105 16 15 
1 405 63 20 20 
1 371 20 21 17 
1 386 0 19 10 
1 374 242 18 17 
1 451 365 14 16 
1 36 200 18 17 
1 84 54 23 21 
1 114 38 13 12 
1 111 16 11 12 
1 261 158 15 18 
1 553 52 20 19 
1 555 331 24 24 
1 24 95 15 18 
1 15 31 11 11 
1 4 29 11 11 
1 0 20 12 14 
1 0 0 13 15 
1 478 294 12 11 
1 283 26 15 12 
1 285 17 11 10 
1 445 239 12 13 
1 443 106 14 11 
1 537 275 13 16 
1 540 300 9 10 
1 133 6 13 10 
1 216 5 12 14 
1 40 66 11 9 
1 223 317 39 36 
1 485 211 13 13 
