1 55 137 24 23 
1 9 64 13 15 
1 16 29 17 13 
1 85 27 17 13 
1 95 36 14 12 
1 75 54 9 11 
1 40 100 13 11 
1 35 117 13 14 
1 144 58 16 17 
1 147 100 14 13 
1 218 96 22 21 
1 103 209 31 30 
1 131 194 15 16 
1 104 147 18 12 
1 135 160 14 9 
1 62 170 12 13 
1 58 34 10 12 
1 69 121 15 15 
1 11 273 26 29 
1 421 171 26 24 
1 278 159 18 16 
1 193 157 10 8 
1 208 141 11 9 
1 201 83 14 13 
1 197 113 11 12 
1 216 22 13 14 
1 333 293 27 24 
1 438 261 18 17 
1 470 17 20 18 
1 436 72 16 15 
1 357 145 15 19 
1 324 137 13 12 
1 350 219 15 15 
1 389 282 10 10 
1 165 362 7 9 
1 123 357 18 17 
1 243 69 16 18 
1 332 45 18 15 
1 397 38 16 13 
1 411 11 14 12 
1 29 206 20 19 
1 173 382 40 18 
1 588 36 12 23 
1 576 91 22 22 
1 542 124 18 18 
1 410 119 17 14 
1 465 201 14 16 
1 556 251 15 17 
1 238 296 15 14 
1 220 334 14 17 
1 181 271 13 15 
1 535 11 18 13 
1 510 44 13 12 
1 501 14 12 12 
1 449 331 15 12 
1 522 310 18 14 
1 145 241 15 16 
1 160 315 18 20 
1 29 376 13 12 
1 183 64 12 11 
1 364 386 14 9 
1 542 92 14 12 
1 344 22 14 12 
1 365 343 11 14 
1 308 1 12 9 
1 304 85 11 12 
1 295 92 11 12 
1 302 107 14 10 
1 336 255 16 17 
1 416 209 14 15 
1 390 183 15 11 
1 331 359 12 15 
1 309 378 10 12 
1 433 379 14 11 
1 572 298 13 11 
1 181 179 11 14 
1 195 175 10 10 
1 195 186 10 8 
1 245 148 13 15 
1 248 137 14 14 
1 0 378 12 14 
1 46 66 10 12 
1 40 27 14 16 
1 40 41 13 10 
1 501 37 10 8 
1 384 158 11 10 
1 386 261 10 11 
1 400 262 9 11 
1 413 262 11 9 
1 18 80 10 11 
1 8 92 10 11 
1 276 270 10 11 
1 257 322 12 12 
1 576 27 9 13 
1 312 24 13 9 
1 344 4 12 11 
1 332 3 14 10 
1 447 248 13 10 
1 116 82 11 15 
1 145 85 11 11 
1 167 74 11 12 
1 192 341 12 12 
1 170 348 14 11 
1 205 340 14 11 
1 579 7 11 11 
1 551 274 9 10 
1 513 144 18 17 
1 146 18 11 12 
1 306 167 14 14 
