1 86 180 32 32 
1 197 231 35 35 
1 373 314 27 27 
1 345 49 29 28 
1 481 74 30 30 
1 537 375 38 32 
1 586 384 16 16 
1 536 305 24 24 
1 495 337 16 18 
1 487 361 21 21 
1 490 382 17 16 
1 455 390 17 13 
1 412 345 13 12 
1 381 345 15 16 
1 368 310 39 38 
1 329 367 16 17 
1 320 378 18 19 
1 308 379 12 14 
1 314 332 13 14 
1 255 309 15 16 
1 246 369 16 17 
1 223 385 17 14 
1 193 371 21 21 
1 201 317 15 16 
1 184 325 13 12 
1 172 344 13 13 
1 165 308 25 25 
1 137 318 20 21 
1 188 283 20 20 
1 227 284 15 15 
1 191 228 46 45 
1 139 251 24 24 
1 128 265 15 16 
1 96 273 17 18 
1 108 276 18 18 
1 51 277 27 29 
1 83 352 22 22 
1 52 350 24 24 
1 22 331 22 23 
1 18 379 22 22 
1 1 304 24 25 
1 0 284 12 26 
1 13 258 12 14 
1 24 204 15 16 
1 44 200 13 14 
1 59 204 12 14 
1 66 209 12 12 
1 45 127 18 18 
1 33 128 16 19 
1 17 111 19 20 
1 30 108 17 18 
1 19 72 34 34 
1 56 86 18 20 
1 28 19 27 28 
1 87 19 23 24 
1 112 22 15 16 
1 137 14 18 18 
1 174 34 19 19 
1 147 70 16 16 
1 149 89 21 23 
1 139 100 12 13 
1 193 74 21 23 
1 263 46 15 16 
1 342 46 37 38 
1 364 25 12 13 
1 386 77 17 17 
1 372 81 11 14 
1 400 107 36 36 
1 436 53 13 16 
1 422 18 39 36 
1 451 52 22 22 
1 478 68 43 43 
1 472 102 22 22 
1 539 16 30 27 
1 529 42 15 15 
1 519 42 12 14 
1 552 87 18 17 
1 507 126 13 12 
1 509 135 20 21 
1 470 213 18 18 
1 478 203 15 17 
1 464 230 15 17 
1 477 227 16 18 
1 492 217 12 13 
1 440 217 21 23 
1 436 244 15 14 
1 368 166 20 22 
1 371 155 12 14 
1 319 130 31 33 
1 330 186 14 15 
1 556 162 15 16 
1 524 102 32 31 
1 536 127 13 12 
1 522 78 10 12 
1 520 27 14 15 
1 440 2 14 16 
1 448 168 17 19 
1 404 256 18 19 
1 438 286 16 17 
1 401 287 14 15 
1 378 267 12 14 
1 442 333 14 17 
1 312 252 26 24 
1 205 186 22 23 
1 177 187 23 25 
1 166 182 15 15 
1 265 175 16 17 
1 247 207 10 11 
1 264 249 13 15 
1 246 253 10 12 
1 169 270 13 13 
1 138 284 11 11 
1 295 165 17 18 
1 265 176 16 18 
1 297 130 14 16 
1 199 9 17 18 
1 194 16 9 11 
1 94 104 14 15 
1 104 111 15 18 
1 81 137 10 11 
1 68 145 10 11 
1 144 123 14 17 
1 84 178 39 38 
1 0 176 17 18 
1 457 0 22 13 
1 469 23 11 12 
1 492 35 12 13 
1 510 211 11 11 
1 492 169 10 11 
1 482 320 10 12 
1 357 109 13 15 
1 335 100 13 15 
1 206 98 12 13 
1 197 110 13 14 
1 122 149 16 17 
1 131 166 12 12 
1 137 213 14 13 
1 112 232 12 13 
1 120 236 15 17 
1 29 260 11 12 
1 89 288 10 11 
1 176 385 12 12 
1 4 360 14 16 
1 8 31 12 13 
1 2 26 9 12 
1 232 9 15 16 
1 244 220 17 18 
1 344 17 12 11 
1 334 45 13 13 
1 349 38 10 10 
1 417 32 10 11 
1 490 0 14 10 
1 74 45 16 15 
1 67 171 11 11 
1 83 170 12 13 
1 75 232 11 12 
1 33 269 10 11 
1 86 301 11 11 
1 192 302 10 10 
1 241 336 11 12 
1 456 320 10 11 
1 374 240 10 12 
