1 239 272 58 59 
1 172 133 44 44 
1 519 92 26 26 
1 59 208 28 27 
1 518 85 33 38 
1 553 257 26 24 
1 489 222 27 29 
1 168 126 53 53 
1 55 208 34 34 
1 23 148 28 27 
1 72 255 25 23 
1 142 276 18 17 
1 179 182 27 27 
1 162 203 15 15 
1 205 212 27 35 
1 242 227 17 16 
1 264 226 11 15 
1 253 259 16 13 
1 264 273 11 9 
1 239 278 48 59 
1 385 260 17 19 
1 322 322 15 15 
1 363 266 17 20 
1 362 165 14 20 
1 391 112 31 28 
1 392 167 24 19 
1 494 150 23 21 
1 546 128 14 17 
1 569 130 15 16 
1 570 73 18 19 
1 297 13 25 18 
1 316 44 14 14 
1 341 34 12 14 
1 320 71 10 11 
1 333 70 15 14 
1 335 62 10 10 
1 281 107 45 47 
1 342 273 19 25 
1 372 283 36 29 
1 426 378 19 20 
1 214 385 34 15 
1 161 286 15 14 
1 175 245 15 18 
1 116 230 36 39 
1 115 305 34 38 
1 172 90 17 16 
1 138 72 15 12 
1 113 91 15 16 
1 113 114 18 13 
1 111 127 16 18 
1 104 145 25 21 
1 119 194 17 15 
1 52 151 13 16 
1 98 18 13 15 
1 5 43 12 13 
1 0 308 16 18 
1 2 362 11 14 
1 21 360 10 11 
1 52 387 21 13 
1 140 356 16 20 
1 158 387 16 13 
1 279 347 13 16 
1 255 382 13 15 
1 383 319 27 22 
1 390 348 18 15 
1 467 188 15 16 
1 428 153 12 12 
1 427 122 15 18 
1 444 125 13 17 
1 431 96 21 15 
1 428 112 12 10 
1 506 26 21 20 
1 492 108 15 15 
1 492 259 21 19 
1 562 283 10 16 
1 573 283 16 17 
1 345 127 16 14 
1 258 158 9 13 
1 327 109 13 13 
1 242 6 14 14 
1 195 27 21 19 
1 134 183 20 23 
1 234 363 13 13 
1 350 371 18 14 
1 514 353 10 14 
1 426 288 11 12 
1 445 192 10 11 
1 337 223 16 12 
1 341 237 10 12 
1 167 262 12 12 
1 183 262 10 11 
1 155 263 11 12 
1 22 286 18 19 
1 207 190 14 18 
1 340 142 13 15 
1 479 170 14 14 
1 143 17 21 20 
1 366 110 12 14 
1 378 91 9 11 
1 78 137 17 14 
1 75 163 16 15 
1 273 65 12 15 
1 322 91 17 17 
1 349 76 13 11 
1 367 88 9 13 
1 499 47 12 15 
1 141 324 20 18 
