1 219 156 34 34 
1 153 318 33 33 
1 240 43 28 27 
1 367 142 32 32 
1 354 86 27 28 
1 336 366 33 33 
1 78 17 7 7 
1 2 0 9 6 
1 57 55 7 9 
1 7 105 10 10 
1 22 89 6 6 
1 5 87 6 6 
1 5 95 6 4 
1 0 199 11 10 
1 13 220 8 9 
1 8 288 7 8 
1 62 263 6 7 
1 77 250 10 7 
1 55 302 9 7 
1 61 293 10 9 
1 85 288 10 9 
1 74 328 8 8 
1 90 330 9 8 
1 80 343 8 8 
1 79 355 9 7 
1 30 355 10 9 
1 111 281 13 16 
1 115 262 12 13 
1 135 254 11 10 
1 131 241 7 8 
1 52 222 9 10 
1 60 231 20 20 
1 30 181 15 15 
1 55 151 12 10 
1 57 166 10 10 
1 86 168 10 10 
1 67 90 10 12 
1 115 87 9 10 
1 99 103 6 8 
1 149 102 11 11 
1 143 68 9 9 
1 170 42 14 14 
1 164 32 9 11 
1 186 9 8 8 
1 206 10 16 15 
1 239 18 10 11 
1 239 41 32 30 
1 184 69 10 9 
1 185 107 10 12 
1 140 139 10 11 
1 151 129 7 8 
1 160 136 9 8 
1 167 132 7 7 
1 169 137 9 9 
1 171 158 12 10 
1 170 179 13 13 
1 143 178 26 24 
1 159 203 14 13 
1 126 208 11 12 
1 140 216 13 15 
1 180 220 12 11 
1 164 242 9 10 
1 159 252 10 10 
1 171 265 9 9 
1 177 270 7 7 
1 191 277 16 13 
1 172 294 14 12 
1 156 323 23 22 
1 135 297 9 11 
1 116 321 11 10 
1 107 347 9 9 
1 109 302 9 8 
1 161 354 11 12 
1 189 340 8 7 
1 145 267 8 6 
1 192 193 6 7 
1 216 196 8 10 
1 234 240 17 18 
1 274 261 12 16 
1 195 310 17 17 
1 235 314 18 20 
1 196 165 7 9 
1 200 162 7 4 
1 220 156 38 35 
1 274 196 13 15 
1 235 193 8 10 
1 252 221 5 9 
1 214 295 8 10 
1 213 75 7 9 
1 264 106 7 8 
1 271 116 16 17 
1 285 155 9 10 
1 267 130 8 8 
1 287 135 7 9 
1 278 142 7 7 
1 238 134 8 6 
1 290 116 5 7 
1 307 54 9 10 
1 260 343 13 12 
1 245 348 15 15 
1 277 345 9 9 
1 295 347 12 13 
1 289 281 6 8 
1 284 50 7 8 
1 288 56 7 11 
1 196 39 8 8 
1 211 28 7 7 
1 232 59 6 8 
1 225 78 6 7 
1 196 104 5 6 
1 161 102 10 11 
1 142 110 9 8 
1 105 71 5 6 
1 104 82 7 7 
1 169 17 5 6 
1 117 347 8 8 
1 111 327 7 8 
1 98 125 7 7 
1 201 265 8 8 
1 240 263 5 7 
1 248 260 6 7 
1 285 320 11 9 
1 290 270 10 7 
1 304 263 6 8 
1 307 233 7 10 
1 316 221 8 11 
1 332 71 9 7 
1 317 112 6 8 
1 332 126 11 11 
1 300 114 9 9 
1 310 122 12 11 
1 317 133 12 10 
1 301 135 13 11 
1 337 170 10 10 
1 0 0 0 0 
1 300 145 10 12 
1 298 213 7 6 
1 306 184 8 9 
1 303 202 7 8 
1 313 196 6 8 
1 318 202 17 25 
1 331 220 10 10 
1 339 200 9 11 
1 317 167 8 9 
1 343 218 10 12 
1 343 235 8 10 
1 337 265 14 14 
1 352 267 15 14 
1 304 274 11 11 
1 311 289 11 11 
1 357 286 9 10 
1 341 318 19 22 
1 401 299 18 24 
1 411 294 8 10 
1 373 272 7 8 
1 358 254 9 9 
1 368 263 9 9 
1 366 336 7 9 
1 305 293 11 8 
1 272 293 7 7 
1 273 313 8 7 
1 252 297 8 6 
1 325 14 6 8 
1 355 7 6 10 
1 363 10 8 8 
1 368 17 9 9 
1 381 15 8 9 
1 390 14 13 18 
1 407 23 9 11 
1 425 17 11 11 
1 431 24 7 8 
1 376 35 8 8 
1 374 48 6 6 
1 381 48 9 8 
1 396 45 8 7 
1 368 102 11 9 
1 351 85 24 24 
1 393 103 9 7 
1 399 95 11 13 
1 398 67 8 8 
1 410 56 15 11 
1 422 71 10 7 
1 428 45 7 8 
1 401 0 14 10 
1 416 0 12 8 
1 440 1 8 7 
1 477 2 15 10 
1 501 0 10 8 
1 518 7 7 7 
1 526 9 10 18 
1 572 47 11 12 
1 574 64 13 26 
1 500 85 10 12 
1 504 76 13 12 
1 465 83 12 13 
1 462 100 7 6 
1 450 103 10 8 
1 444 126 13 12 
1 390 120 11 10 
1 366 143 28 28 
1 424 152 9 11 
1 393 188 9 9 
1 404 183 11 10 
1 378 212 8 9 
1 360 214 18 17 
1 377 239 20 18 
1 420 231 9 10 
1 424 265 10 9 
1 421 277 8 9 
1 436 292 9 9 
1 450 284 9 9 
1 469 311 12 13 
1 452 306 14 16 
1 440 329 23 19 
1 444 347 9 10 
1 423 343 13 16 
1 396 351 10 8 
1 411 330 7 10 
1 411 352 8 8 
1 398 286 7 7 
1 462 275 15 13 
1 479 263 13 17 
1 539 345 14 15 
1 530 343 8 9 
1 533 329 8 11 
1 554 332 18 18 
1 569 299 15 17 
1 543 295 12 13 
1 565 273 12 11 
1 520 275 7 7 
1 515 282 11 13 
1 495 273 9 10 
1 472 341 8 8 
1 492 345 15 13 
1 547 259 8 9 
1 533 262 7 7 
1 524 251 12 10 
1 536 221 16 16 
1 572 217 14 13 
1 558 200 12 11 
1 574 185 11 14 
1 563 178 10 10 
1 566 146 12 12 
1 557 153 11 8 
1 543 161 9 8 
1 551 166 7 8 
1 536 167 8 12 
1 540 187 5 8 
1 517 189 10 7 
1 494 218 11 9 
1 453 200 15 16 
1 451 176 23 22 
1 483 167 19 19 
1 486 148 13 11 
1 497 146 13 16 
1 482 127 13 12 
1 459 136 7 8 
1 464 112 7 6 
1 563 105 11 8 
1 565 115 7 10 
1 542 140 12 12 
1 518 144 6 9 
1 183 214 10 7 
1 161 237 9 6 
1 479 33 8 9 
1 469 39 12 8 
1 464 59 7 8 
1 336 369 29 27 
1 151 389 12 11 
1 34 375 6 8 
1 14 376 12 12 
1 490 343 19 21 
1 562 360 24 22 
1 562 347 13 14 
1 513 347 15 17 
1 580 206 12 13 
1 570 215 15 16 
1 237 367 12 12 
1 249 369 8 9 
1 259 378 9 8 
1 91 391 10 9 
1 74 387 9 10 
