1 19 184 43 44 
1 295 3 27 27 
1 17 178 47 49 
1 89 212 21 17 
1 238 309 32 28 
1 210 242 23 26 
1 479 115 21 23 
1 530 112 23 21 
1 541 145 24 24 
1 480 167 18 17 
1 460 156 20 17 
1 400 154 24 19 
1 360 217 17 19 
1 472 356 16 19 
1 502 362 17 14 
1 532 250 14 15 
1 307 299 20 19 
1 208 91 18 22 
1 136 108 16 15 
1 111 134 15 16 
1 165 128 12 13 
1 127 73 13 17 
1 111 69 13 12 
1 116 103 11 11 
1 68 58 24 19 
1 193 7 19 17 
1 288 5 31 28 
1 347 18 15 13 
1 354 27 14 14 
1 492 55 23 23 
1 409 353 15 13 
1 412 242 12 17 
1 534 337 27 30 
1 570 92 20 26 
1 24 23 24 25 
1 432 72 25 26 
1 2 323 30 25 
1 151 251 26 30 
1 282 284 18 18 
1 244 275 16 19 
1 261 266 16 21 
1 328 120 14 16 
1 295 41 15 16 
1 314 38 13 16 
1 164 309 16 17 
1 148 307 14 16 
1 457 198 18 16 
1 381 24 21 21 
1 428 5 10 12 
1 439 15 12 13 
1 454 8 11 16 
1 500 169 25 27 
1 478 139 14 16 
1 542 276 21 25 
1 571 187 11 14 
1 585 194 13 14 
1 268 190 30 28 
1 110 2 14 8 
1 190 256 12 12 
1 175 51 18 17 
1 168 97 17 16 
1 507 257 17 16 
1 492 308 15 16 
1 546 322 15 11 
1 430 376 13 12 
1 457 280 17 17 
1 30 111 12 11 
1 273 352 15 12 
1 37 362 15 17 
1 76 346 16 14 
1 112 359 14 12 
1 95 23 16 16 
1 158 19 18 20 
1 411 325 15 15 
