1 159 119 62 62 
1 218 215 59 59 
1 351 235 37 38 
1 186 299 30 30 
1 130 357 28 29 
1 87 5 27 27 
1 288 21 36 36 
1 489 28 45 45 
1 527 14 29 29 
1 417 311 26 26 
1 411 84 31 31 
1 425 1 40 40 
1 0 63 26 39 
1 335 226 56 55 
1 47 100 29 28 
1 105 220 32 32 
1 163 183 31 27 
1 175 293 40 37 
1 237 124 27 29 
1 217 73 31 25 
1 411 306 29 33 
1 399 272 28 29 
1 535 139 31 32 
1 488 156 20 20 
1 556 256 27 32 
1 344 46 25 27 
1 289 92 29 26 
1 25 15 24 19 
1 60 277 29 28 
1 45 310 24 21 
1 142 193 18 15 
1 551 85 19 20 
1 557 192 22 28 
1 525 249 20 23 
1 83 4 32 30 
1 327 334 24 21 
1 495 231 19 23 
1 352 1 23 17 
