1 222 183 73 73 
1 44 223 80 80 
1 368 28 28 29 
1 548 324 36 37 
1 0 0 75 89 
1 311 302 44 45 
1 388 3 48 47 
1 39 226 66 65 
1 31 280 25 19 
1 34 321 17 24 
1 4 317 17 16 
1 167 175 20 28 
1 223 182 73 70 
1 335 254 15 18 
1 326 203 19 22 
1 378 160 30 29 
1 418 233 28 18 
1 540 316 41 37 
1 488 156 23 21 
1 389 105 19 16 
1 370 30 20 28 
1 396 47 23 28 
1 383 6 47 38 
1 442 32 33 30 
1 527 60 12 16 
1 543 7 23 19 
1 484 2 20 20 
1 567 10 15 15 
1 537 102 16 18 
1 456 86 20 19 
1 551 271 29 19 
1 565 300 14 16 
1 333 330 20 18 
1 296 346 15 15 
1 206 333 20 15 
1 190 343 17 16 
1 160 325 17 16 
1 1 300 8 13 
1 18 109 14 12 
1 96 5 19 17 
1 73 23 26 21 
1 244 161 25 18 
1 235 33 19 23 
1 323 90 15 15 
1 339 137 20 18 
1 265 125 22 28 
1 320 232 21 17 
1 207 281 12 13 
1 102 294 25 17 
1 82 208 19 19 
1 246 265 26 28 
1 500 328 21 18 
1 363 317 15 10 
1 59 309 18 17 
1 115 72 14 16 
1 197 111 23 18 
1 304 58 17 13 
1 316 5 19 8 
1 437 142 15 15 
1 500 122 19 21 
1 556 178 17 23 
1 499 220 19 16 
1 544 235 20 21 
1 383 334 16 19 
1 424 277 19 20 
1 490 261 15 12 
1 459 197 18 17 
1 442 199 16 17 
1 310 134 17 17 
1 73 90 14 15 
1 48 111 18 17 
1 335 289 15 12 
1 307 283 13 11 
1 301 249 14 11 
1 350 230 19 11 
1 342 180 7 20 
1 334 81 19 14 
1 371 85 19 12 
1 361 62 16 14 
1 348 16 13 22 
1 128 210 16 17 
1 53 347 24 15 
1 399 296 18 12 
1 537 150 16 8 
1 262 254 13 13 
1 272 260 13 12 
1 377 264 10 12 
1 488 354 11 8 
1 566 245 12 14 
1 463 117 15 15 
1 499 53 12 11 
1 247 105 10 11 
1 130 13 12 13 
1 93 337 12 11 
1 209 154 13 13 
1 348 97 10 13 
1 370 2 11 9 
1 543 71 9 9 
