1 264 213 64 64 
1 330 42 30 30 
1 185 21 27 27 
1 465 268 25 25 
1 452 4 35 35 
1 191 336 27 26 
1 35 144 27 27 
1 329 39 35 37 
1 550 307 49 57 
1 254 215 70 62 
1 462 264 30 28 
1 391 296 24 25 
1 390 332 19 20 
1 330 312 23 20 
1 190 335 27 24 
1 183 205 21 22 
1 229 172 26 22 
1 183 17 31 30 
1 206 1 15 16 
1 271 14 12 11 
1 291 45 16 15 
1 373 116 23 20 
1 300 186 15 17 
1 375 183 30 28 
1 390 261 11 16 
1 421 270 12 13 
1 519 256 19 15 
1 516 303 15 17 
1 452 337 15 15 
1 473 312 16 15 
1 449 8 43 32 
1 393 8 19 15 
1 402 63 19 18 
1 385 42 15 18 
1 424 2 22 19 
1 32 142 28 32 
1 101 131 13 13 
1 98 161 15 17 
1 106 148 12 14 
1 112 312 15 16 
1 123 288 16 17 
1 159 323 26 27 
1 179 252 23 22 
1 165 273 18 16 
1 150 233 16 14 
1 159 195 16 15 
1 234 151 16 17 
1 293 154 14 13 
1 273 190 13 12 
1 316 174 16 18 
1 151 24 16 14 
1 82 28 22 15 
1 13 23 18 20 
1 80 50 12 13 
1 191 68 11 14 
1 174 80 14 14 
1 119 76 13 15 
1 231 261 15 15 
1 238 344 17 18 
1 304 379 14 16 
1 509 171 15 17 
1 511 197 12 14 
1 556 46 24 25 
1 507 4 11 14 
1 423 110 14 16 
1 442 124 14 11 
1 7 216 11 16 
1 71 200 13 15 
1 39 227 15 14 
1 1 130 15 17 
1 337 383 13 15 
1 306 135 14 17 
1 347 91 15 15 
1 237 22 19 18 
1 573 156 14 14 
1 70 337 16 12 
1 48 296 13 16 
1 205 319 12 13 
