1 350 240 54 54 
1 37 330 33 34 
1 17 311 21 24 
1 8 346 18 18 
1 52 389 13 12 
1 87 384 13 15 
1 132 347 25 25 
1 110 279 28 29 
1 86 306 13 15 
1 94 300 18 19 
1 133 279 13 15 
1 171 370 31 30 
1 210 345 13 14 
1 203 348 12 13 
1 201 340 11 12 
1 208 292 15 15 
1 231 284 17 20 
1 221 280 10 11 
1 189 249 15 17 
1 179 274 14 14 
1 182 266 13 14 
1 151 198 37 39 
1 178 198 16 17 
1 122 179 43 41 
1 123 218 17 17 
1 100 218 20 21 
1 85 199 17 18 
1 114 160 14 17 
1 96 158 12 15 
1 104 161 12 14 
1 109 140 19 21 
1 85 90 11 11 
1 91 78 13 16 
1 121 86 17 18 
1 129 99 20 20 
1 142 117 16 16 
1 143 129 17 18 
1 159 122 15 18 
1 131 31 29 29 
1 143 0 33 20 
1 153 15 11 12 
1 162 14 13 13 
1 204 47 21 21 
1 234 80 30 30 
1 248 20 17 20 
1 294 1 19 18 
1 300 31 15 14 
1 296 44 24 22 
1 324 24 18 17 
1 354 4 12 13 
1 386 0 12 11 
1 397 0 35 16 
1 406 33 22 21 
1 300 75 31 32 
1 342 75 11 12 
1 351 71 10 10 
1 392 94 13 13 
1 387 133 20 19 
1 397 156 16 16 
1 390 170 15 16 
1 361 172 18 18 
1 354 195 23 23 
1 343 233 71 62 
1 397 243 13 14 
1 213 332 58 52 
1 217 359 18 18 
1 240 380 16 15 
1 244 392 11 9 
1 272 387 26 18 
1 256 377 11 12 
1 280 356 12 13 
1 277 363 11 12 
1 447 376 40 29 
1 483 375 42 28 
1 469 313 31 29 
1 531 310 12 13 
1 580 366 16 17 
1 590 307 11 19 
1 590 273 10 11 
1 562 265 10 11 
1 485 255 17 18 
1 498 226 21 21 
1 507 208 18 18 
1 550 204 21 21 
1 570 216 19 21 
1 588 187 17 25 
1 505 172 15 16 
1 497 184 13 14 
1 467 165 22 23 
1 478 147 23 20 
1 470 116 35 32 
1 507 118 19 19 
1 525 133 16 18 
1 513 138 17 17 
1 583 59 19 22 
1 502 21 20 19 
1 487 18 16 15 
1 463 31 17 17 
1 407 32 20 20 
1 532 0 17 11 
1 413 297 26 26 
1 464 221 16 16 
1 448 122 11 11 
1 479 86 20 20 
1 492 81 11 12 
1 499 88 15 15 
1 515 6 12 13 
1 493 11 10 10 
1 395 31 10 11 
1 399 221 11 13 
1 387 197 14 14 
1 373 97 24 26 
1 365 144 13 13 
1 374 336 11 12 
1 357 110 12 13 
1 355 95 14 16 
1 262 169 31 32 
1 309 239 14 16 
1 297 217 18 18 
1 239 166 17 15 
1 208 139 19 19 
1 182 128 26 24 
1 186 148 24 22 
1 237 217 21 21 
1 229 219 12 14 
1 226 232 21 23 
1 284 323 25 25 
1 268 324 11 12 
1 2 168 55 55 
1 10 243 16 17 
1 42 271 18 20 
1 99 35 15 16 
1 93 26 13 14 
1 97 56 11 11 
1 48 72 10 11 
1 84 321 32 33 
1 101 335 11 11 
1 106 371 12 12 
1 124 314 16 16 
1 253 119 48 47 
1 448 21 12 13 
1 451 0 13 9 
1 456 13 10 11 
1 334 4 11 11 
1 558 101 15 15 
1 310 135 11 11 
1 316 139 10 11 
1 277 226 13 15 
1 268 208 11 12 
1 212 233 14 16 
1 480 286 20 21 
1 562 322 9 10 
1 560 377 12 12 
1 591 123 9 13 
1 574 45 11 11 
1 428 111 12 11 
1 225 166 9 10 
1 185 103 23 22 
1 191 89 14 15 
1 206 80 12 11 
1 369 54 10 11 
1 362 38 9 10 
1 163 91 10 12 
1 155 83 13 14 
1 150 90 10 11 
1 67 0 17 13 
1 13 387 22 16 
1 69 388 11 12 
1 109 349 12 14 
1 473 348 27 26 
1 496 351 8 8 
1 546 324 21 21 
1 512 234 19 19 
1 515 184 27 28 
