1 301 147 34 34 
1 287 186 28 28 
1 437 246 29 28 
1 380 349 30 31 
1 551 93 27 27 
1 352 330 31 31 
1 402 287 31 31 
1 485 185 89 88 
1 127 44 180 179 
1 373 98 85 85 
1 126 197 24 25 
1 82 43 29 30 
1 62 91 24 24 
1 13 130 25 25 
1 42 202 22 23 
1 6 157 14 14 
1 136 55 32 32 
1 103 117 16 16 
1 186 201 20 22 
1 234 222 19 19 
1 214 242 15 15 
1 283 182 32 32 
1 299 144 41 40 
1 325 27 25 26 
1 75 243 15 16 
1 90 278 15 16 
1 53 294 13 15 
1 86 325 12 12 
1 414 78 14 15 
1 352 113 17 17 
1 409 179 17 17 
1 348 195 18 18 
1 108 202 12 12 
1 436 245 31 31 
1 544 170 24 24 
1 439 106 24 24 
1 214 5 14 17 
1 279 295 23 22 
1 320 303 13 12 
1 497 180 21 21 
1 553 93 27 27 
1 460 107 22 23 
1 414 257 15 16 
1 192 339 19 19 
1 211 284 16 16 
1 176 235 12 12 
1 128 4 20 20 
1 334 93 15 16 
1 458 75 15 16 
1 457 21 19 21 
1 562 7 19 19 
1 267 253 20 21 
1 134 314 18 18 
1 121 329 17 17 
1 520 340 17 17 
1 480 198 16 16 
1 511 149 13 13 
1 247 297 14 12 
1 98 147 17 17 
