1 152 94 68 68 
1 224 159 31 31 
1 208 329 52 52 
1 531 54 26 26 
1 253 4 28 29 
1 153 91 70 68 
1 219 155 39 36 
1 204 327 62 55 
1 132 285 26 22 
1 151 306 30 24 
1 527 49 35 32 
1 0 14 22 19 
1 125 127 16 15 
1 84 242 24 26 
1 381 286 26 25 
1 328 255 29 25 
1 311 357 26 27 
1 352 355 14 14 
1 448 375 20 21 
1 478 335 11 14 
1 535 335 10 13 
1 517 290 14 17 
1 315 160 24 23 
1 323 100 26 19 
1 393 182 20 25 
1 488 144 24 26 
1 566 141 18 18 
1 258 276 21 23 
1 232 273 21 19 
1 222 252 18 18 
1 52 288 19 22 
1 93 304 12 14 
1 259 6 25 22 
1 395 143 17 18 
1 424 139 18 17 
1 257 53 18 16 
1 338 70 14 15 
1 279 78 16 16 
1 142 177 12 16 
1 515 268 14 16 
1 271 330 18 19 
1 256 306 16 17 
1 137 344 16 13 
1 70 385 15 15 
1 203 11 16 14 
1 371 37 17 13 
1 400 47 12 13 
1 500 28 11 12 
1 570 301 14 16 
1 497 368 14 13 
1 531 378 15 16 
1 234 198 16 13 
1 127 246 13 13 
1 121 97 17 14 
1 89 0 15 13 
1 203 69 15 18 
1 239 27 12 11 
1 458 283 11 11 
1 417 178 16 12 
1 455 206 15 15 
1 35 172 13 14 
1 348 229 12 14 
1 87 126 13 14 
1 81 116 16 11 
1 383 70 12 10 
1 297 116 15 14 
1 141 21 14 15 
1 305 386 17 14 
