1 541 82 38 38 
1 101 62 45 44 
1 556 1 21 21 
1 535 76 53 53 
1 540 125 19 18 
1 586 56 14 18 
1 489 84 24 21 
1 501 49 17 17 
1 492 60 15 14 
1 537 198 14 14 
1 521 212 16 18 
1 563 217 19 19 
1 528 241 20 21 
1 558 322 14 14 
1 576 341 19 20 
1 465 363 18 19 
1 399 354 22 23 
1 275 355 26 25 
1 68 371 15 15 
1 84 297 17 18 
1 95 272 14 16 
1 125 229 16 16 
1 0 196 11 22 
1 0 171 13 28 
1 61 145 28 25 
1 34 115 35 32 
1 34 116 11 13 
1 10 112 11 11 
1 24 77 14 14 
1 0 72 12 15 
1 44 85 33 33 
1 79 100 13 13 
1 48 17 16 16 
1 94 53 61 63 
1 135 44 21 21 
1 171 35 12 13 
1 187 0 16 14 
1 241 9 12 15 
1 282 14 16 16 
1 254 94 13 13 
1 269 122 11 11 
1 230 213 20 20 
1 273 200 16 17 
1 344 239 25 25 
1 401 117 23 22 
1 438 107 9 10 
1 490 84 25 25 
1 492 60 15 15 
1 501 47 17 17 
1 556 0 23 24 
1 588 56 12 17 
1 533 77 54 50 
1 489 83 27 28 
1 537 124 21 24 
1 537 197 14 14 
1 520 211 17 17 
1 561 214 24 25 
1 526 239 23 24 
1 411 49 12 12 
1 252 183 16 17 
1 232 170 14 15 
1 244 148 13 13 
1 228 146 11 13 
1 238 124 11 11 
1 248 117 11 13 
1 254 111 14 14 
1 326 160 11 11 
1 186 244 12 12 
1 185 295 13 14 
1 102 335 24 25 
1 129 17 10 10 
1 125 0 13 13 
1 64 324 11 12 
1 136 382 14 12 
1 575 253 19 22 
1 529 18 14 14 
1 534 29 12 13 
1 332 200 23 22 
1 166 85 16 16 
1 18 40 14 15 
1 439 340 20 21 
1 494 336 13 13 
1 503 288 12 13 
1 523 299 12 13 
1 526 310 14 15 
