1 554 37 30 30 
1 87 47 45 44 
1 282 354 26 26 
1 514 195 26 27 
1 472 59 37 37 
1 83 45 51 49 
1 37 130 18 20 
1 66 108 19 19 
1 78 209 14 12 
1 88 218 14 15 
1 100 188 18 20 
1 88 331 29 25 
1 44 274 17 17 
1 41 237 11 13 
1 140 273 10 11 
1 150 247 9 12 
1 154 78 14 14 
1 154 145 9 11 
1 179 146 14 11 
1 180 168 8 8 
1 184 180 6 6 
1 180 213 5 7 
1 96 321 8 8 
1 122 330 7 6 
1 169 328 7 8 
1 176 337 9 11 
1 265 199 9 9 
1 272 208 10 9 
1 330 176 16 18 
1 329 243 17 13 
1 350 276 14 14 
1 406 335 26 24 
1 450 313 16 17 
1 446 345 12 14 
1 461 340 9 10 
1 483 336 23 23 
1 516 192 27 27 
1 427 33 25 23 
1 555 35 28 33 
1 423 99 19 18 
1 416 97 11 11 
1 396 117 18 17 
1 430 122 14 16 
1 433 150 13 12 
1 430 181 11 13 
1 394 135 13 12 
1 310 151 15 12 
1 362 28 12 10 
1 306 13 12 12 
1 339 18 12 12 
1 303 36 11 10 
1 391 91 9 13 
1 465 90 12 16 
1 521 135 10 14 
1 279 145 12 13 
1 285 130 11 10 
1 305 134 10 9 
1 296 182 12 14 
1 305 195 10 11 
1 521 53 11 11 
1 530 46 9 10 
1 374 273 12 13 
1 377 307 12 11 
1 42 59 9 9 
1 22 89 8 12 
