1 126 143 92 92 
1 262 16 51 51 
1 415 8 29 30 
1 534 188 29 29 
1 43 313 36 36 
1 476 90 27 27 
1 495 165 44 45 
1 27 231 54 54 
1 454 290 46 46 
1 258 12 58 58 
1 413 6 36 36 
1 445 51 25 28 
1 476 88 29 28 
1 532 183 30 35 
1 533 93 13 17 
1 548 94 18 22 
1 457 6 19 19 
1 278 93 21 15 
1 79 74 16 18 
1 84 69 14 12 
1 81 54 12 17 
1 42 313 42 36 
1 60 304 23 19 
1 227 186 22 24 
1 439 311 15 14 
1 179 85 17 14 
1 190 102 12 16 
1 203 109 13 15 
1 232 111 15 12 
1 125 70 19 17 
1 247 310 19 19 
1 280 248 16 16 
1 297 285 16 15 
1 511 333 11 12 
1 409 335 22 15 
1 249 218 36 28 
1 22 47 10 11 
1 33 54 13 12 
1 33 275 19 18 
1 124 312 16 15 
1 216 223 21 22 
1 218 243 20 20 
1 473 358 22 23 
1 468 380 31 20 
1 456 360 21 20 
1 578 319 15 18 
1 443 280 13 14 
1 327 208 17 21 
1 328 61 14 15 
1 211 348 18 19 
1 223 342 19 18 
1 0 292 12 14 
1 33 128 17 18 
1 504 352 15 18 
1 490 126 31 28 
1 555 297 21 22 
1 459 174 22 20 
1 306 104 20 15 
1 577 32 11 12 
1 0 123 16 17 
