1 366 0 44 39 
1 248 309 27 27 
1 189 176 28 28 
1 423 52 80 80 
1 29 287 27 27 
1 86 248 27 27 
1 265 35 27 27 
1 126 192 57 56 
1 0 41 18 35 
1 91 355 30 30 
1 358 0 57 51 
1 239 169 27 27 
1 245 305 36 36 
1 270 301 25 23 
1 183 173 42 36 
1 18 44 31 26 
1 82 248 30 26 
1 26 287 33 29 
1 128 342 23 18 
1 74 274 15 15 
1 330 157 28 24 
1 488 236 26 22 
1 547 289 12 12 
1 410 331 16 17 
1 422 309 19 16 
1 364 292 16 14 
1 373 306 17 16 
1 397 180 25 25 
1 420 152 23 23 
1 336 207 20 20 
1 328 237 12 13 
1 325 306 12 12 
1 263 35 31 31 
1 167 4 28 25 
1 217 53 19 18 
1 232 64 16 16 
1 482 101 19 15 
1 495 363 48 37 
1 455 315 12 15 
1 426 371 17 19 
1 290 386 24 14 
1 306 367 48 33 
1 79 366 21 25 
1 173 140 24 23 
1 426 115 16 17 
1 408 45 29 27 
1 518 20 27 24 
1 541 2 16 16 
1 572 73 18 13 
1 496 183 13 17 
1 266 151 17 17 
1 291 148 18 19 
1 74 297 16 15 
1 423 353 12 14 
1 485 362 11 11 
1 288 4 13 15 
1 304 14 19 16 
1 525 120 17 17 
1 449 204 17 15 
1 464 183 12 14 
1 250 294 15 14 
1 217 352 16 20 
1 180 102 21 18 
1 171 95 12 14 
1 390 162 20 18 
1 372 327 17 19 
1 500 359 12 13 
1 488 12 16 17 
1 466 27 14 17 
1 472 9 15 20 
1 205 255 11 13 
1 286 121 13 13 
1 163 128 9 12 
1 5 342 15 16 
1 30 390 13 10 
1 69 387 16 13 
1 317 89 16 15 
1 455 135 18 19 
1 435 127 16 20 
1 149 127 13 14 
