1 291 320 26 26 
1 212 253 28 28 
1 183 74 80 81 
1 466 17 31 31 
1 297 26 31 31 
1 212 253 30 30 
1 114 27 25 25 
1 2 29 17 17 
1 5 99 22 21 
1 9 168 22 22 
1 37 208 21 21 
1 68 99 20 20 
1 34 67 16 16 
1 10 2 15 14 
1 86 142 25 25 
1 91 115 19 19 
1 158 112 18 18 
1 174 81 19 19 
1 241 38 17 17 
1 261 55 15 16 
1 302 73 26 26 
1 300 24 32 32 
1 413 24 19 19 
1 201 165 24 24 
1 135 180 22 22 
1 69 270 18 18 
1 155 324 24 24 
1 242 306 16 17 
1 150 263 15 15 
1 370 283 0 0 
1 293 319 29 29 
1 308 254 22 21 
1 322 190 23 23 
1 199 97 12 12 
1 252 225 16 16 
1 298 153 17 17 
1 459 302 22 23 
1 419 235 17 17 
1 420 268 14 14 
1 545 95 21 21 
1 512 51 22 22 
1 456 196 20 21 
1 481 253 12 12 
1 497 288 16 16 
1 368 326 14 14 
1 216 224 16 16 
1 262 186 17 19 
1 285 94 18 19 
1 535 136 16 16 
1 504 210 16 16 
1 429 143 15 15 
