1 257 26 37 37 
1 194 50 28 28 
1 74 66 33 33 
1 318 275 25 26 
1 475 83 29 29 
1 359 73 68 68 
1 530 153 53 52 
1 522 140 73 78 
1 526 54 38 41 
1 364 67 73 75 
1 458 9 75 69 
1 528 28 19 19 
1 384 10 34 33 
1 342 17 23 22 
1 255 22 44 47 
1 194 47 35 36 
1 238 31 14 16 
1 158 36 21 22 
1 123 24 16 16 
1 111 32 15 16 
1 90 5 16 17 
1 71 30 15 15 
1 89 49 12 13 
1 77 65 34 34 
1 53 70 13 14 
1 4 45 15 14 
1 8 61 12 12 
1 18 59 10 10 
1 18 83 10 11 
1 30 85 15 17 
1 95 106 18 20 
1 88 120 10 12 
1 119 132 29 29 
1 99 159 31 29 
1 94 170 10 12 
1 20 144 24 23 
1 41 156 12 14 
1 27 189 11 13 
1 15 214 10 10 
1 3 231 15 16 
1 20 233 10 12 
1 35 235 13 14 
1 55 297 10 12 
1 0 357 12 23 
1 26 381 14 15 
1 63 369 13 15 
1 70 352 30 29 
1 106 371 12 13 
1 114 344 10 12 
1 117 324 13 15 
1 153 326 16 17 
1 145 270 14 15 
1 107 275 12 14 
1 139 231 15 14 
1 141 207 17 18 
1 141 169 18 18 
1 218 200 31 31 
1 261 165 29 31 
1 294 227 14 15 
1 308 269 48 48 
1 257 321 20 20 
1 240 308 18 17 
1 237 320 13 14 
1 305 344 13 13 
1 333 339 22 24 
1 353 197 28 29 
1 381 181 15 18 
1 346 223 18 19 
1 419 273 33 36 
1 392 371 23 22 
1 411 360 15 15 
1 433 368 11 13 
1 450 360 16 17 
1 451 377 16 16 
1 464 351 23 28 
1 477 310 14 15 
1 500 284 23 26 
1 498 276 13 15 
1 514 261 17 19 
1 542 326 13 13 
1 577 356 14 15 
1 564 354 13 14 
1 585 323 16 23 
1 547 230 23 24 
1 520 327 13 14 
1 542 352 11 13 
1 539 344 12 12 
1 499 338 13 14 
1 487 348 10 11 
1 402 226 23 25 
1 379 238 16 17 
1 474 83 31 33 
1 460 73 19 19 
1 321 7 12 12 
1 336 64 12 13 
1 343 76 15 15 
1 290 115 14 16 
1 188 131 17 18 
1 170 93 16 17 
1 127 83 16 16 
1 151 73 12 13 
1 163 82 13 13 
1 183 76 14 14 
1 95 28 10 10 
1 212 165 16 16 
1 173 301 11 12 
1 82 309 13 13 
1 27 334 12 13 
1 49 349 11 14 
1 178 308 9 11 
1 316 218 14 14 
1 320 167 12 12 
1 316 175 17 20 
1 332 254 20 22 
1 327 247 12 15 
1 300 276 15 17 
1 278 337 17 18 
1 285 314 13 14 
1 301 310 16 17 
1 315 301 11 14 
1 399 314 13 13 
1 400 323 12 12 
1 409 305 11 11 
1 547 230 21 24 
1 533 229 14 15 
1 409 132 13 14 
1 360 125 11 11 
1 542 37 12 14 
1 426 165 21 20 
1 428 151 18 18 
1 404 164 11 13 
1 238 174 16 16 
1 459 243 15 16 
1 430 207 20 22 
1 388 346 14 15 
1 261 385 13 12 
1 240 110 14 15 
1 249 124 16 17 
1 41 40 16 17 
1 48 182 11 12 
1 46 168 14 15 
1 39 223 10 11 
1 60 230 10 11 
1 81 207 12 13 
1 2 326 10 11 
1 238 253 20 21 
1 402 287 12 13 
1 403 299 11 11 
1 589 202 13 19 
1 192 386 29 16 
1 270 127 12 13 
1 561 314 12 13 
1 567 320 13 14 
1 322 28 15 15 
1 198 2 34 32 
1 98 189 10 11 
