1 372 249 31 31 
1 127 349 36 36 
1 160 138 29 29 
1 187 22 37 36 
1 266 348 27 27 
1 94 92 25 26 
1 102 184 36 35 
1 127 345 38 40 
1 265 347 30 30 
1 370 244 37 40 
1 441 226 30 27 
1 188 22 39 36 
1 173 40 20 20 
1 148 44 21 22 
1 159 137 34 35 
1 234 148 22 22 
1 50 0 33 23 
1 92 91 25 27 
1 125 61 19 16 
1 286 48 22 19 
1 482 130 21 19 
1 499 224 16 15 
1 289 225 20 22 
1 95 277 22 22 
1 118 301 21 24 
1 132 280 17 16 
1 196 264 19 15 
1 239 250 20 20 
1 167 103 27 23 
1 151 87 18 17 
1 37 362 19 15 
1 40 321 16 14 
1 96 190 17 15 
1 386 119 18 21 
1 407 128 18 17 
1 402 175 19 18 
1 364 160 23 20 
1 555 133 15 17 
1 575 76 23 19 
1 341 20 13 16 
1 382 56 14 18 
1 236 120 20 22 
1 213 133 16 14 
1 220 152 15 16 
1 204 164 18 16 
1 63 81 14 12 
1 71 94 14 13 
1 145 242 16 15 
1 267 182 14 13 
1 252 9 21 17 
1 521 33 19 16 
1 543 34 17 12 
1 371 193 13 12 
1 322 339 24 21 
1 337 352 26 25 
1 482 334 14 15 
1 444 297 18 17 
1 453 349 12 15 
1 111 124 13 15 
1 104 114 13 18 
1 40 253 24 19 
1 7 243 12 13 
1 320 309 14 15 
1 549 331 16 10 
1 524 262 14 14 
1 466 168 13 15 
1 285 157 16 13 
1 253 105 17 15 
1 454 7 16 15 
1 407 81 25 24 
1 215 232 14 15 
1 465 251 20 15 
1 396 33 15 14 
1 504 102 17 18 
1 378 0 17 12 
1 200 127 10 12 
1 249 54 16 13 
1 416 354 12 14 
1 225 301 15 15 
1 64 144 17 11 
