1 128 0 33 18 
1 176 345 34 34 
1 286 280 25 25 
1 88 152 20 21 
1 25 24 12 12 
1 4 43 15 15 
1 10 55 13 13 
1 10 84 15 15 
1 0 91 13 13 
1 5 124 16 16 
1 26 115 17 17 
1 34 101 15 15 
1 29 71 11 11 
1 108 77 12 12 
1 85 54 16 15 
1 102 66 13 13 
1 82 101 16 16 
1 61 156 16 17 
1 59 171 19 19 
1 81 190 10 10 
1 15 305 17 18 
1 57 269 12 12 
1 28 268 13 13 
1 52 334 15 16 
1 60 321 14 15 
1 144 313 17 18 
1 210 77 18 18 
1 177 93 16 16 
1 189 87 17 16 
1 38 167 14 14 
1 97 176 12 12 
1 172 228 18 18 
1 165 254 18 18 
1 189 313 18 18 
1 209 229 17 17 
1 228 139 17 17 
1 230 95 20 19 
1 305 220 26 26 
1 283 279 30 30 
1 271 277 17 17 
1 173 341 41 41 
1 264 348 16 16 
1 222 356 14 14 
1 152 373 17 17 
1 234 367 21 21 
1 438 213 20 20 
1 503 238 24 24 
1 462 188 28 29 
1 510 204 28 28 
1 525 288 34 35 
1 564 198 27 27 
1 554 301 19 19 
1 473 375 20 20 
1 451 332 17 17 
1 437 339 15 15 
1 327 208 20 21 
1 262 174 19 19 
1 253 173 13 13 
1 438 59 14 16 
1 452 52 17 17 
1 538 59 40 39 
1 325 289 13 13 
1 573 346 17 17 
1 423 378 16 17 
1 414 371 14 14 
1 524 368 18 19 
1 125 326 19 19 
1 95 355 14 13 
1 111 291 16 16 
1 347 107 16 17 
1 327 46 13 13 
1 354 301 12 13 
1 342 361 16 16 
