1 475 125 27 28 
1 268 54 26 27 
1 88 10 27 27 
1 565 338 26 26 
1 532 332 11 8 
1 473 127 26 22 
1 559 147 25 23 
1 538 153 19 13 
1 515 151 14 13 
1 397 25 18 19 
1 419 63 13 18 
1 69 288 13 18 
1 135 72 8 8 
1 295 42 8 8 
1 251 209 10 8 
1 305 289 9 11 
1 307 279 9 10 
1 330 335 9 11 
1 254 325 14 10 
1 211 273 10 12 
1 223 263 7 11 
1 264 276 11 10 
1 323 294 7 10 
1 343 294 13 14 
1 391 252 8 10 
1 395 284 13 8 
1 455 111 14 10 
1 463 125 5 9 
1 461 105 4 4 
1 375 83 8 6 
1 248 115 11 10 
1 233 166 11 12 
1 54 144 15 19 
1 98 276 12 16 
1 75 257 13 12 
1 115 287 8 12 
1 575 28 13 15 
1 553 19 9 10 
1 461 288 10 13 
1 465 329 16 14 
1 505 274 11 9 
1 227 17 8 9 
1 176 90 11 9 
