1 205 190 136 136 
1 163 301 49 48 
1 361 170 57 57 
1 327 124 28 28 
1 120 269 32 32 
1 246 354 28 27 
1 351 309 78 78 
1 538 313 27 27 
1 318 0 110 68 
1 325 117 36 37 
1 77 208 35 30 
1 235 50 26 25 
1 211 101 28 27 
1 146 269 23 18 
1 406 210 20 22 
1 441 66 24 23 
1 392 62 27 24 
1 540 44 25 28 
1 501 116 26 27 
1 474 117 29 31 
1 474 146 22 24 
1 475 172 22 26 
1 415 307 28 25 
1 279 320 31 25 
1 343 179 22 22 
1 549 195 28 32 
1 349 309 25 22 
1 163 168 25 24 
1 139 296 20 18 
1 527 301 41 39 
1 515 230 21 28 
1 189 57 30 24 
1 442 194 23 22 
1 116 0 22 16 
1 1 154 20 21 
1 1 125 20 19 
1 59 304 18 16 
1 67 293 19 16 
1 75 284 22 14 
1 403 14 15 18 
1 152 82 18 18 
1 133 232 12 13 
1 506 81 13 17 
1 558 82 11 12 
1 479 261 16 22 
1 381 294 15 14 
1 208 302 14 14 
1 110 292 13 16 
1 423 104 17 17 
1 524 287 13 12 
1 363 247 19 19 
1 285 201 17 14 
1 337 91 16 18 
1 259 70 23 24 
1 380 78 13 12 
1 373 326 20 18 
1 472 298 15 13 
1 402 107 17 15 
1 340 69 12 15 
1 500 160 14 14 
1 238 131 12 15 
1 227 337 14 14 
1 560 25 14 13 
