1 489 12 26 27 
1 568 160 26 27 
1 74 230 27 28 
1 452 9 35 35 
1 492 42 42 41 
1 550 310 28 29 
1 178 56 28 29 
1 0 73 24 30 
1 141 76 44 43 
1 0 115 22 27 
1 517 90 59 59 
1 484 8 31 29 
1 484 32 13 14 
1 525 28 12 13 
1 537 31 27 28 
1 514 42 16 12 
1 569 36 10 13 
1 561 158 31 27 
1 544 307 42 34 
1 489 302 20 21 
1 519 282 16 18 
1 534 266 19 19 
1 552 227 23 24 
1 567 270 15 14 
1 560 258 15 11 
1 576 204 15 16 
1 404 188 21 22 
1 419 154 17 17 
1 70 193 21 18 
1 78 339 16 16 
1 98 355 15 12 
1 140 364 12 16 
1 202 230 19 20 
1 165 282 20 22 
1 170 244 17 19 
1 69 229 30 29 
1 84 267 13 12 
1 112 255 14 16 
1 73 279 16 14 
1 58 323 16 17 
1 35 312 19 22 
1 30 293 15 15 
1 42 148 18 19 
1 105 124 17 17 
1 138 79 45 42 
1 173 52 32 34 
1 269 18 18 21 
1 295 20 31 29 
1 273 69 11 15 
1 343 52 11 18 
1 314 247 18 14 
1 253 180 21 23 
1 369 108 14 13 
1 398 116 10 10 
1 411 75 16 15 
1 423 119 11 17 
1 462 86 11 17 
1 487 75 11 13 
1 499 78 13 18 
1 490 51 41 35 
1 522 98 53 49 
1 209 210 14 16 
1 238 164 14 12 
1 240 180 11 14 
1 199 164 12 13 
1 132 228 22 21 
1 116 91 14 17 
1 61 55 15 16 
1 51 23 13 14 
1 5 32 14 16 
1 37 44 12 12 
1 88 113 10 13 
1 85 150 11 13 
1 64 215 12 11 
1 88 210 16 17 
1 186 119 12 13 
1 189 102 10 10 
1 210 62 13 14 
1 246 76 13 13 
1 512 324 15 17 
1 16 388 22 12 
1 120 327 13 13 
1 174 308 12 12 
1 196 369 13 13 
1 190 346 11 13 
1 201 354 9 11 
1 33 84 25 27 
1 0 116 19 29 
1 0 68 23 38 
1 107 169 20 25 
1 371 203 18 20 
1 1 324 14 12 
1 320 259 17 15 
1 355 210 12 14 
1 556 66 11 13 
1 565 80 12 14 
1 561 8 13 13 
1 582 2 15 12 
1 88 16 12 14 
1 68 18 12 16 
1 29 23 15 15 
1 15 22 14 17 
1 241 14 13 16 
1 303 88 14 14 
1 141 205 21 22 
1 272 221 11 12 
1 291 201 16 13 
1 261 219 9 10 
1 313 118 13 13 
