1 54 0 33 27 
1 479 14 28 29 
1 172 134 28 28 
1 12 354 25 26 
1 216 90 114 114 
1 53 2 21 18 
1 85 62 11 11 
1 0 85 12 12 
1 8 65 12 11 
1 76 119 10 9 
1 7 153 11 11 
1 2 171 10 11 
1 0 186 15 22 
1 6 242 11 10 
1 23 342 14 11 
1 17 356 13 8 
1 67 285 15 13 
1 58 334 10 6 
1 47 326 10 9 
1 123 64 10 10 
1 87 265 8 7 
1 70 269 10 9 
1 122 14 11 9 
1 139 22 6 7 
1 164 123 11 8 
1 173 139 24 21 
1 184 327 20 18 
1 242 162 12 11 
1 249 180 10 9 
1 231 169 7 8 
1 200 104 9 9 
1 229 83 10 9 
1 217 51 15 11 
1 196 24 9 10 
1 296 13 7 9 
1 248 85 8 7 
1 253 79 8 9 
1 272 88 9 8 
1 273 106 9 7 
1 266 112 9 9 
1 191 45 7 10 
1 265 145 11 10 
1 223 133 7 9 
1 221 156 8 9 
1 222 192 5 9 
1 249 223 10 9 
1 296 259 11 14 
1 280 285 6 11 
1 286 284 11 11 
1 325 297 10 12 
1 252 344 9 7 
1 213 332 8 9 
1 365 232 6 7 
1 394 277 10 10 
1 340 264 9 11 
1 356 264 7 8 
1 446 253 9 9 
1 456 280 7 8 
1 559 338 18 19 
1 452 298 6 7 
1 353 97 8 9 
1 348 77 9 8 
1 431 76 13 11 
1 476 15 19 21 
1 504 9 12 13 
1 568 6 9 9 
1 528 86 18 20 
1 499 62 9 9 
1 493 211 8 10 
1 519 260 7 7 
1 509 254 8 10 
1 507 275 9 9 
1 479 247 10 9 
1 425 222 9 11 
1 382 139 9 10 
1 362 351 10 10 
1 343 249 9 10 
1 272 162 8 7 
1 508 383 10 11 
1 11 390 12 10 
1 81 391 7 9 
1 73 363 9 9 
1 69 349 9 9 
1 114 383 8 8 
1 179 376 8 11 
1 300 325 9 12 
1 254 344 7 10 
1 390 375 11 10 
