1 418 145 40 39 
1 507 248 44 44 
1 433 323 50 50 
1 9 159 30 29 
1 362 166 56 56 
1 86 368 27 27 
1 6 3 8 8 
1 0 25 16 16 
1 0 59 19 18 
1 8 91 12 13 
1 13 104 18 17 
1 55 93 8 9 
1 42 82 7 10 
1 57 30 11 11 
1 47 0 9 11 
1 62 0 10 7 
1 70 9 7 7 
1 56 126 9 9 
1 48 138 10 7 
1 42 146 8 6 
1 47 155 9 10 
1 28 150 8 10 
1 10 141 14 13 
1 6 165 21 18 
1 25 190 9 8 
1 45 214 12 14 
1 63 228 20 20 
1 63 250 22 20 
1 53 260 14 13 
1 36 259 10 10 
1 27 242 9 6 
1 18 252 6 7 
1 40 280 8 9 
1 58 287 10 10 
1 32 287 10 11 
1 16 292 8 9 
1 13 312 6 7 
1 102 268 14 15 
1 130 260 12 14 
1 140 298 10 12 
1 172 286 11 12 
1 158 11 9 10 
1 152 34 8 8 
1 164 36 6 10 
1 149 51 8 10 
1 196 21 7 10 
1 185 1 11 6 
1 207 7 9 9 
1 236 23 7 7 
1 246 18 13 18 
1 220 44 10 9 
1 214 51 9 10 
1 199 53 11 11 
1 227 55 11 13 
1 188 72 6 7 
1 145 94 10 8 
1 119 91 14 11 
1 110 100 10 9 
1 103 134 16 14 
1 106 153 13 13 
1 90 140 7 9 
1 127 134 7 6 
1 153 153 10 10 
1 93 203 10 10 
1 96 245 8 8 
1 117 228 10 10 
1 142 218 9 11 
1 166 210 9 9 
1 162 239 12 12 
1 147 252 10 10 
1 161 271 8 7 
1 191 204 10 11 
1 206 218 10 13 
1 196 175 7 11 
1 207 177 9 10 
1 250 192 12 12 
1 240 242 9 11 
1 227 254 6 9 
1 207 258 10 11 
1 219 287 15 13 
1 187 304 8 8 
1 152 282 8 10 
1 142 275 10 8 
1 266 322 11 10 
1 264 338 8 7 
1 250 352 8 9 
1 147 188 7 7 
1 149 198 10 8 
1 140 192 9 8 
1 295 190 6 7 
1 273 190 7 9 
1 271 30 14 11 
1 263 56 11 10 
1 315 114 7 6 
1 440 170 23 34 
1 416 140 38 42 
1 392 115 10 13 
1 387 137 9 9 
1 380 91 17 21 
1 354 157 10 9 
1 363 135 8 10 
1 338 1 8 9 
1 370 14 11 12 
1 390 22 7 9 
1 410 17 9 10 
1 423 22 8 7 
1 414 46 10 13 
1 448 34 9 10 
1 491 40 15 16 
1 486 14 10 11 
1 530 30 15 17 
1 545 12 15 15 
1 551 56 16 22 
1 558 89 8 8 
1 571 75 9 10 
1 511 87 8 8 
1 517 76 9 8 
1 502 58 7 10 
1 500 73 7 10 
1 463 53 10 10 
1 452 57 9 11 
1 488 89 16 16 
1 439 85 22 19 
1 478 109 4 7 
1 511 105 5 7 
1 544 116 8 9 
1 575 113 6 7 
1 550 152 10 9 
1 358 256 11 10 
1 396 252 11 13 
1 439 242 11 11 
1 487 141 14 15 
1 571 197 10 13 
1 573 219 9 11 
1 538 215 11 12 
1 558 199 6 11 
1 560 240 10 9 
1 536 235 13 11 
1 523 231 9 8 
1 519 219 8 8 
1 510 251 34 37 
1 553 284 10 9 
1 521 292 7 10 
1 500 265 13 12 
1 491 277 6 8 
1 436 264 11 9 
1 386 285 13 11 
1 371 304 11 10 
1 374 327 20 18 
1 358 351 17 12 
1 387 353 11 11 
1 438 321 49 42 
1 544 319 23 24 
1 518 320 6 9 
1 529 336 4 7 
1 520 336 9 10 
1 501 307 11 10 
1 492 301 9 9 
1 487 295 8 9 
1 468 296 10 8 
1 479 299 9 10 
1 459 313 10 8 
1 424 286 11 10 
1 399 280 10 9 
1 413 303 10 9 
1 36 390 8 9 
1 7 363 10 9 
1 165 381 18 17 
1 114 369 11 11 
1 565 364 13 11 
1 244 384 18 15 
1 329 390 14 10 
1 584 203 16 20 
1 388 354 11 13 
1 357 335 11 10 
