1 23 1 9 9 
1 18 17 10 10 
1 40 19 8 8 
1 46 30 7 8 
1 42 35 11 9 
1 51 18 7 6 
1 56 21 17 14 
1 71 17 11 11 
1 71 39 8 7 
1 34 51 9 9 
1 1 105 20 22 
1 33 93 8 8 
1 41 84 5 6 
1 66 80 9 11 
1 70 74 9 7 
1 71 48 9 8 
1 89 14 7 7 
1 111 0 13 9 
1 98 22 8 9 
1 106 27 7 8 
1 25 131 8 7 
1 39 139 6 8 
1 27 142 6 6 
1 41 188 11 10 
1 65 159 22 22 
1 90 125 8 10 
1 95 128 20 23 
1 59 115 7 8 
1 70 108 7 7 
1 62 91 7 8 
1 64 98 7 7 
1 68 138 10 11 
1 49 148 6 7 
1 21 203 8 18 
1 39 215 6 7 
1 30 236 8 9 
1 73 247 13 15 
1 76 267 8 9 
1 87 283 6 7 
1 82 320 10 11 
1 62 322 10 10 
1 95 354 9 10 
1 118 345 8 7 
1 127 339 8 7 
1 113 300 11 10 
1 145 295 9 12 
1 104 212 9 11 
1 102 259 8 13 
1 108 253 8 10 
1 117 252 6 8 
1 130 259 7 9 
1 139 253 8 10 
1 151 248 8 8 
1 167 262 11 13 
1 160 272 7 10 
1 169 276 7 9 
1 147 270 10 12 
1 173 307 23 22 
1 165 300 12 14 
1 154 323 26 38 
1 186 331 19 16 
1 213 328 12 13 
1 207 346 21 17 
1 200 343 9 12 
1 196 291 11 17 
1 209 308 10 10 
1 181 276 12 16 
1 185 264 9 10 
1 181 246 12 13 
1 173 245 7 10 
1 142 213 14 16 
1 127 188 9 10 
1 111 99 11 9 
1 124 104 10 10 
1 127 122 10 9 
1 124 131 8 9 
1 70 3 8 8 
1 161 44 9 11 
1 177 48 20 17 
1 198 37 12 15 
1 207 43 11 13 
1 223 42 11 10 
1 170 0 7 8 
1 175 103 9 8 
1 148 81 6 9 
1 135 94 7 7 
1 152 131 6 8 
1 146 169 7 9 
1 185 165 8 8 
1 205 253 10 9 
1 216 259 16 16 
1 223 253 8 9 
1 198 267 9 7 
1 238 311 13 12 
1 225 240 10 8 
1 197 163 7 10 
1 210 138 9 11 
1 214 132 12 14 
1 226 126 9 10 
1 237 137 10 12 
1 244 126 16 16 
1 195 74 10 8 
1 204 81 8 6 
1 221 57 10 10 
1 239 75 10 12 
1 266 81 10 12 
1 259 86 10 15 
1 274 69 12 13 
1 289 78 11 13 
1 249 12 10 10 
1 234 13 8 9 
1 241 3 9 7 
1 265 11 7 6 
1 249 0 21 14 
1 281 6 11 10 
1 266 26 15 13 
1 252 159 11 11 
1 259 155 14 15 
1 273 152 8 7 
1 283 127 9 10 
1 232 182 9 9 
1 284 220 15 12 
1 302 289 16 21 
1 335 323 10 11 
1 370 352 12 11 
1 375 338 13 15 
1 412 348 14 15 
1 344 264 20 21 
1 342 284 16 14 
1 358 236 18 20 
1 362 265 19 22 
1 391 237 9 12 
1 409 219 8 10 
1 420 228 11 10 
1 417 245 26 37 
1 408 275 11 12 
1 410 299 8 10 
1 444 324 10 10 
1 464 323 11 12 
1 471 310 11 11 
1 326 64 11 12 
1 342 66 18 15 
1 302 16 14 12 
1 324 2 15 8 
1 328 32 7 9 
1 365 55 16 17 
1 364 77 11 13 
1 379 70 13 12 
1 374 2 18 15 
1 433 24 11 11 
1 443 35 25 28 
1 427 36 8 10 
1 411 34 17 26 
1 400 35 8 9 
1 414 8 12 10 
1 431 0 9 7 
1 522 32 11 9 
1 553 44 7 9 
1 563 76 11 13 
1 548 125 18 18 
1 453 141 10 12 
1 472 139 10 10 
1 456 176 9 10 
1 506 166 11 8 
1 510 187 10 9 
1 507 202 13 12 
1 548 189 12 15 
1 567 197 10 13 
1 465 228 21 23 
1 280 46 168 210 
1 565 141 8 10 
1 538 161 7 8 
1 526 222 11 12 
1 531 239 7 9 
1 0 0 0 0 
1 500 236 21 21 
1 557 233 20 39 
1 571 263 8 12 
1 460 254 10 8 
1 412 309 8 8 
1 513 275 7 8 
1 501 303 15 11 
1 503 314 8 7 
1 500 326 10 13 
1 512 319 15 19 
1 532 330 24 27 
1 552 294 13 12 
1 476 295 7 9 
1 504 282 6 8 
1 559 314 22 23 
1 530 329 28 29 
1 497 376 16 13 
1 587 365 11 12 
1 576 355 8 10 
1 560 358 7 7 
1 437 380 8 10 
1 417 391 12 9 
1 468 344 12 12 
1 465 354 10 11 
1 228 383 13 15 
1 288 375 10 12 
1 303 382 13 13 
1 350 381 10 10 
1 152 341 27 25 
1 153 324 19 20 
