1 400 230 34 34 
1 114 9 29 29 
1 369 333 32 32 
1 111 8 36 35 
1 40 48 16 16 
1 162 103 18 18 
1 162 64 19 19 
1 46 106 15 15 
1 313 19 26 25 
1 303 9 17 17 
1 289 127 15 15 
1 275 153 11 11 
1 216 184 19 19 
1 119 285 21 17 
1 158 302 21 20 
1 194 256 20 20 
1 198 280 12 12 
1 162 265 16 16 
1 284 323 22 23 
1 262 313 19 19 
1 402 233 35 35 
1 412 278 30 30 
1 403 64 17 18 
1 380 145 18 18 
1 363 180 17 17 
1 344 186 14 14 
1 446 54 14 14 
1 499 285 16 15 
1 507 343 16 18 
1 454 327 18 19 
1 368 332 30 29 
1 18 146 16 16 
1 62 198 15 15 
1 121 182 14 14 
1 125 153 15 15 
1 355 308 15 14 
1 374 292 12 12 
1 341 91 20 19 
1 476 65 15 15 
1 259 334 22 20 
1 109 322 18 19 
1 131 320 17 18 
1 416 37 18 18 
