1 349 64 50 50 
1 314 7 29 30 
1 312 54 25 26 
1 348 64 53 48 
1 312 50 26 28 
1 312 9 28 25 
1 304 5 13 15 
1 284 4 15 12 
1 255 4 13 10 
1 41 81 22 22 
1 25 97 21 20 
1 9 176 11 12 
1 272 295 21 21 
1 213 323 23 20 
1 71 310 33 30 
1 298 167 24 21 
1 150 118 9 8 
1 137 105 8 8 
1 250 59 9 12 
1 175 31 9 8 
1 148 8 6 7 
1 207 126 11 10 
1 508 146 12 16 
1 507 176 8 9 
1 411 171 10 12 
1 419 167 12 10 
1 439 148 8 11 
1 425 135 9 10 
1 291 281 18 16 
1 165 275 12 11 
1 242 188 11 10 
1 242 203 8 10 
1 253 203 14 12 
1 354 212 11 11 
1 558 237 12 14 
1 489 343 14 13 
1 334 316 13 16 
1 363 306 8 8 
1 366 328 10 11 
1 358 149 10 9 
1 163 259 8 10 
1 212 266 10 9 
1 213 276 4 8 
1 234 342 7 9 
