1 148 147 72 73 
1 88 113 33 32 
1 442 0 33 24 
1 0 88 61 74 
1 151 156 45 49 
1 185 207 14 15 
1 211 199 10 11 
1 203 246 14 15 
1 86 114 36 32 
1 25 105 19 16 
1 37 88 12 12 
1 45 63 13 17 
1 88 58 16 15 
1 51 31 14 16 
1 71 25 10 11 
1 94 11 12 14 
1 97 0 10 9 
1 109 22 7 9 
1 117 21 11 13 
1 123 37 11 13 
1 140 50 7 10 
1 151 48 11 9 
1 224 27 12 14 
1 230 91 12 14 
1 268 111 11 10 
1 275 119 11 10 
1 268 196 19 17 
1 278 223 8 10 
1 291 224 12 12 
1 301 204 9 8 
1 5 21 11 10 
1 0 73 12 19 
1 103 218 9 10 
1 85 243 10 9 
1 214 322 12 9 
1 302 270 12 11 
1 314 283 11 12 
1 320 234 7 8 
1 284 14 9 8 
1 318 95 11 11 
1 305 104 7 9 
1 345 171 17 18 
1 393 140 12 13 
1 366 83 11 13 
1 364 37 11 13 
1 348 32 8 13 
1 385 47 12 11 
1 412 57 9 12 
1 387 179 10 13 
1 379 175 9 9 
1 380 192 10 12 
1 410 190 11 14 
1 445 165 12 13 
1 429 202 11 9 
1 403 207 13 14 
1 423 280 12 14 
1 469 250 10 12 
1 486 251 21 19 
1 494 269 12 13 
1 486 294 10 10 
1 471 306 9 10 
1 453 310 12 10 
1 430 347 11 11 
1 455 351 8 9 
1 460 342 7 7 
1 490 347 10 9 
1 535 335 12 10 
1 560 336 10 10 
1 533 356 11 9 
1 512 343 9 9 
1 465 62 9 13 
1 471 16 15 19 
1 443 2 20 20 
1 420 1 12 8 
1 399 3 9 7 
1 42 350 15 16 
1 99 320 19 15 
1 125 333 12 15 
1 455 140 10 11 
1 417 110 10 11 
1 501 106 11 13 
1 496 88 12 11 
1 484 80 11 10 
1 519 233 11 11 
1 530 117 14 12 
1 543 129 10 8 
1 564 129 14 16 
1 575 147 8 9 
1 527 64 11 11 
1 535 81 9 8 
1 535 73 10 10 
1 544 67 11 9 
1 549 22 7 10 
1 563 21 12 14 
1 577 66 9 13 
1 568 60 9 9 
1 571 83 11 12 
1 560 96 16 17 
1 520 199 13 16 
1 505 193 13 15 
1 544 195 7 7 
1 529 288 10 12 
1 561 274 9 9 
1 559 381 11 11 
1 579 359 8 11 
1 589 342 10 9 
1 421 371 15 14 
1 434 123 9 7 
1 531 145 8 10 
1 267 200 18 16 
1 525 381 9 10 
1 462 324 11 10 
1 581 175 8 10 
1 424 334 8 10 
1 219 93 9 12 
1 583 375 7 10 
1 452 235 11 11 
