1 346 12 33 33 
1 315 167 35 35 
1 308 162 50 50 
1 345 13 35 34 
1 191 50 33 30 
1 223 37 34 31 
1 208 1 24 21 
1 200 210 25 25 
1 384 253 32 23 
1 252 281 23 21 
1 269 318 16 14 
1 54 194 23 23 
1 106 60 16 19 
1 113 92 20 18 
1 220 116 24 24 
1 221 96 20 19 
1 525 27 28 23 
1 505 93 28 24 
1 382 109 21 21 
1 291 302 14 15 
1 308 329 15 16 
1 49 322 16 14 
1 81 12 19 18 
1 30 0 26 20 
1 34 127 18 13 
1 177 170 26 23 
1 182 266 16 17 
1 451 236 21 20 
1 398 3 20 21 
1 492 31 20 14 
1 552 231 16 15 
1 108 376 41 24 
1 113 355 19 17 
1 120 342 14 17 
1 369 308 14 16 
1 305 378 14 17 
1 312 389 24 11 
1 529 361 18 14 
1 246 227 20 20 
1 249 216 17 15 
1 230 265 15 15 
1 577 249 20 16 
1 478 16 13 13 
