1 224 245 56 56 
1 125 354 30 30 
1 9 337 36 36 
1 338 252 27 27 
1 212 244 68 60 
1 354 196 31 30 
1 387 13 17 14 
1 67 80 16 15 
1 34 49 14 17 
1 121 349 36 38 
1 8 334 43 40 
1 19 178 22 24 
1 43 143 14 14 
1 43 96 26 27 
1 142 75 24 23 
1 334 244 38 39 
1 289 246 27 28 
1 541 333 16 19 
1 410 311 14 12 
1 269 131 12 13 
1 286 163 15 12 
1 236 129 14 14 
1 196 61 15 17 
1 121 20 15 11 
1 107 32 13 12 
1 141 21 12 13 
1 296 26 14 16 
1 109 288 19 19 
1 69 166 17 20 
1 564 345 29 33 
1 67 241 18 20 
1 92 183 14 16 
1 197 142 13 12 
1 142 122 15 14 
1 284 182 16 13 
1 369 113 19 16 
1 546 217 23 20 
1 442 304 17 16 
1 456 272 18 17 
1 428 173 10 10 
1 460 135 20 16 
1 183 312 14 13 
1 161 281 10 11 
1 78 98 19 17 
1 341 43 13 14 
1 562 271 13 13 
1 580 209 15 16 
1 573 174 11 13 
1 573 154 11 12 
1 556 140 16 15 
1 486 390 14 10 
1 570 324 9 9 
1 561 309 12 13 
1 587 261 12 11 
1 518 257 13 12 
1 505 30 33 26 
1 529 57 14 15 
1 543 72 13 8 
1 564 91 17 17 
1 436 148 23 16 
1 287 133 13 10 
1 328 121 15 13 
1 411 254 9 8 
1 440 264 10 11 
1 382 256 10 10 
1 12 134 10 11 
1 551 187 9 11 
1 486 48 11 12 
1 386 175 11 12 
1 305 235 12 9 
1 355 230 10 12 
1 482 222 13 14 
1 513 163 15 15 
1 218 364 12 11 
1 139 240 9 11 
1 455 55 12 12 
1 62 355 10 11 
1 94 348 17 18 
1 77 293 11 13 
1 1 0 11 15 
