1 315 215 73 73 
1 366 187 112 113 
1 252 133 27 27 
1 224 188 25 25 
1 312 217 77 75 
1 363 190 89 87 
1 372 209 18 17 
1 252 133 30 23 
1 383 160 21 21 
1 221 186 21 21 
1 307 305 18 21 
1 391 285 13 15 
1 400 300 20 22 
1 443 308 17 19 
1 354 349 23 13 
1 477 201 22 24 
1 468 257 17 26 
1 557 296 21 21 
1 523 237 11 19 
1 568 145 14 17 
1 488 120 16 13 
1 402 128 11 13 
1 330 80 13 15 
1 294 30 13 11 
1 200 63 17 16 
1 158 16 18 15 
1 133 82 9 10 
1 187 116 10 13 
1 84 268 12 16 
1 6 337 24 23 
1 42 343 21 19 
1 137 308 15 16 
1 37 221 12 10 
1 254 68 11 11 
1 365 88 14 12 
1 377 129 10 11 
1 305 171 14 14 
1 263 164 10 11 
1 295 142 11 10 
1 323 206 14 11 
1 344 225 10 10 
1 232 286 15 14 
1 262 264 12 12 
1 306 270 14 14 
1 253 245 11 11 
1 166 281 13 12 
1 180 264 14 11 
1 501 149 12 13 
1 561 45 8 10 
1 426 119 10 9 
1 447 165 9 9 
1 453 148 10 9 
1 189 86 18 15 
1 223 89 21 15 
1 213 102 14 13 
1 343 30 13 13 
1 378 59 12 12 
1 392 74 11 10 
1 341 184 8 12 
1 366 145 6 10 
1 425 293 12 11 
1 419 289 7 8 
1 502 338 13 13 
1 508 348 12 13 
1 522 326 10 10 
1 542 324 8 10 
1 565 220 12 13 
1 553 282 13 12 
1 45 231 9 9 
1 66 303 9 11 
1 36 334 8 8 
1 103 339 10 7 
1 102 122 14 11 
1 84 38 14 9 
1 86 30 12 9 
1 145 1 12 9 
1 77 13 9 10 
1 17 9 8 7 
1 310 104 15 14 
1 274 90 11 12 
1 353 153 14 12 
1 480 94 8 8 
1 558 126 16 14 
1 551 98 13 13 
1 383 12 9 9 
1 385 40 7 11 
1 172 171 13 12 
1 73 223 11 8 
1 71 229 8 7 
1 560 199 8 10 
1 489 277 8 9 
1 332 347 9 7 
1 296 183 9 10 
1 270 231 7 10 
1 285 237 10 9 
1 457 193 9 9 
1 504 14 13 9 
