1 303 216 104 104 
1 344 51 50 50 
1 212 32 26 26 
1 197 52 25 25 
1 122 141 32 32 
1 116 173 36 36 
1 152 296 41 41 
1 558 358 35 35 
1 487 130 28 29 
1 159 344 28 28 
1 183 354 29 30 
1 149 293 54 51 
1 161 343 27 31 
1 183 353 31 32 
1 48 312 14 15 
1 70 328 12 13 
1 86 347 14 17 
1 120 365 14 15 
1 17 279 16 17 
1 41 265 11 13 
1 45 237 11 12 
1 42 246 9 10 
1 50 226 16 17 
1 29 222 12 13 
1 34 214 12 13 
1 41 201 22 24 
1 62 184 16 20 
1 63 165 12 13 
1 65 150 11 12 
1 116 173 43 37 
1 114 181 11 11 
1 109 174 9 10 
1 133 211 19 20 
1 132 209 9 10 
1 123 140 37 37 
1 144 170 11 11 
1 116 113 24 25 
1 89 137 15 15 
1 112 81 22 23 
1 93 76 18 16 
1 81 69 12 12 
1 76 65 10 12 
1 98 57 15 17 
1 119 55 15 15 
1 127 51 10 9 
1 147 39 11 12 
1 139 9 15 16 
1 143 43 9 11 
1 31 0 22 11 
1 35 10 11 13 
1 178 4 20 20 
1 163 14 17 20 
1 189 37 13 16 
1 196 50 31 31 
1 211 32 32 29 
1 243 1 12 13 
1 209 38 9 10 
1 258 38 21 23 
1 277 0 21 8 
1 295 0 26 13 
1 313 7 12 13 
1 318 18 12 13 
1 317 73 14 14 
1 326 76 19 21 
1 350 100 14 14 
1 345 108 21 21 
1 336 52 65 58 
1 389 80 10 10 
1 405 74 24 26 
1 466 0 27 26 
1 455 5 12 13 
1 502 1 110 99 
1 472 34 26 26 
1 460 94 28 25 
1 485 131 33 29 
1 503 157 16 19 
1 541 126 17 18 
1 523 130 13 15 
1 517 98 15 17 
1 546 108 13 14 
1 571 69 12 12 
1 589 30 10 14 
1 541 79 12 13 
1 487 131 29 29 
1 502 121 12 14 
1 498 114 8 11 
1 462 96 24 25 
1 540 127 17 18 
1 554 138 13 14 
1 562 154 24 23 
1 504 157 17 19 
1 540 222 32 31 
1 520 248 21 20 
1 492 287 32 31 
1 532 322 23 24 
1 574 301 16 19 
1 563 297 10 11 
1 557 356 39 38 
1 536 355 11 14 
1 525 336 12 13 
1 452 351 9 10 
1 401 388 20 17 
1 353 310 20 21 
1 337 306 12 15 
1 311 278 17 18 
1 269 204 155 138 
1 409 260 13 15 
1 393 276 12 11 
1 387 216 12 13 
1 266 319 13 15 
1 283 326 12 13 
1 289 349 15 16 
1 294 387 21 19 
1 239 294 15 16 
1 249 271 14 15 
1 228 207 17 20 
1 187 175 21 26 
1 228 159 24 23 
1 233 137 19 21 
1 290 133 14 17 
1 350 153 15 18 
1 508 203 15 17 
1 523 213 12 13 
1 573 342 11 12 
1 485 235 23 23 
1 472 206 12 13 
1 453 207 13 13 
1 453 221 12 12 
1 466 246 9 10 
1 455 266 19 19 
1 425 118 16 16 
1 440 158 16 16 
1 446 169 9 10 
1 463 156 10 11 
1 417 213 22 23 
1 424 229 16 18 
1 424 253 9 10 
1 382 128 10 11 
1 365 129 14 16 
1 348 127 12 12 
1 359 172 14 14 
1 321 207 16 17 
1 316 257 17 19 
1 326 236 15 16 
1 177 113 13 16 
1 116 277 15 16 
1 102 261 12 13 
1 89 222 17 17 
1 81 234 12 14 
1 39 326 19 21 
1 69 90 12 13 
1 55 97 10 11 
1 14 22 10 12 
1 7 36 12 12 
1 2 166 10 12 
1 365 39 12 14 
1 123 228 18 19 
1 120 207 16 16 
1 111 308 15 16 
1 53 388 24 18 
1 337 260 12 13 
1 446 125 11 13 
1 411 62 11 11 
1 423 88 10 11 
1 432 87 11 13 
1 410 10 11 12 
1 430 13 13 14 
1 443 14 16 16 
1 428 32 14 15 
1 442 67 11 12 
1 489 50 12 14 
1 477 60 10 11 
1 524 11 12 13 
1 409 60 15 14 
1 436 55 10 13 
1 500 69 11 12 
1 365 198 14 13 
1 394 181 10 11 
1 335 359 18 20 
1 267 74 17 17 
1 255 87 17 18 
1 237 101 19 19 
1 206 115 25 24 
1 193 264 14 15 
1 158 271 15 16 
1 188 259 11 11 
1 233 337 12 14 
1 470 289 11 12 
1 405 130 14 13 
1 377 147 13 14 
1 483 182 13 14 
1 212 147 14 15 
1 206 154 13 15 
1 536 181 17 17 
1 518 59 11 12 
1 494 20 11 12 
1 133 89 12 12 
