1 557 0 36 25 
1 365 171 34 34 
1 180 0 28 17 
1 381 221 29 29 
1 367 169 37 39 
1 378 220 35 34 
1 438 249 31 32 
1 144 294 23 24 
1 99 332 27 24 
1 137 379 20 19 
1 189 364 13 12 
1 166 386 27 12 
1 197 49 19 23 
1 402 18 17 20 
1 336 44 20 18 
1 328 28 20 15 
1 315 143 22 16 
1 159 153 18 15 
1 131 140 17 18 
1 111 131 14 15 
1 11 239 21 18 
1 198 158 11 14 
1 194 185 15 13 
1 184 173 11 12 
1 348 245 15 15 
1 280 355 12 13 
1 290 293 14 15 
1 273 169 13 16 
1 258 42 14 16 
1 255 32 9 11 
1 274 79 16 15 
1 242 81 13 14 
1 15 92 14 15 
1 564 259 16 17 
1 453 56 14 13 
1 459 76 14 18 
1 504 264 14 11 
1 300 198 12 15 
1 342 98 9 11 
1 366 127 12 12 
1 354 130 10 11 
1 497 231 11 12 
1 207 211 12 13 
1 142 65 13 12 
1 295 18 17 16 
1 547 349 15 13 
1 333 314 17 15 
1 341 286 15 14 
1 328 229 11 11 
1 262 312 10 13 
1 55 323 12 12 
1 46 333 11 10 
1 26 329 10 9 
1 10 125 23 23 
1 252 265 13 12 
1 266 299 9 13 
1 272 312 12 12 
1 275 291 12 12 
1 241 207 13 11 
1 129 225 22 21 
1 106 174 20 20 
1 304 156 21 22 
1 233 158 10 11 
1 384 296 19 18 
1 447 378 19 15 
1 508 181 15 15 
1 574 138 16 15 
