1 259 199 32 32 
1 413 229 39 39 
1 25 58 58 58 
1 182 173 29 30 
1 253 191 40 41 
1 284 241 26 28 
1 306 240 29 39 
1 365 290 22 27 
1 380 323 18 18 
1 344 325 17 18 
1 403 336 10 18 
1 417 348 19 13 
1 499 300 13 20 
1 469 284 16 16 
1 405 230 35 30 
1 400 218 17 13 
1 451 186 21 21 
1 472 198 18 15 
1 484 278 16 11 
1 539 340 20 21 
1 560 168 18 18 
1 486 135 19 16 
1 496 125 24 18 
1 404 121 16 16 
1 434 112 18 16 
1 425 130 17 22 
1 372 158 14 18 
1 377 121 15 14 
1 304 140 17 27 
1 241 155 11 22 
1 228 132 16 13 
1 205 124 19 25 
1 192 120 15 11 
1 174 165 34 40 
1 149 226 23 22 
1 148 250 23 24 
1 92 189 15 19 
1 137 181 15 12 
1 147 190 9 11 
1 110 179 14 12 
1 104 309 13 17 
1 122 338 19 22 
1 145 298 16 14 
1 180 305 17 12 
1 160 211 20 17 
1 87 108 20 23 
1 556 314 20 16 
1 338 220 21 14 
1 300 82 20 20 
1 334 69 19 14 
1 412 23 34 28 
1 494 64 29 19 
1 316 101 20 22 
1 30 276 14 11 
1 62 255 15 14 
1 23 68 39 38 
1 79 15 27 22 
1 70 25 21 19 
1 113 29 27 19 
1 142 14 21 20 
1 89 66 40 29 
1 269 27 28 24 
1 285 1 21 15 
1 225 6 13 7 
1 177 60 20 17 
1 334 142 13 10 
1 320 149 20 12 
1 541 160 18 20 
1 517 40 20 18 
1 268 276 20 29 
1 34 157 23 17 
1 33 19 13 21 
1 42 10 15 17 
1 202 43 16 22 
1 185 12 19 20 
1 302 15 12 23 
1 383 67 16 14 
1 382 290 20 20 
1 472 234 10 12 
1 544 50 13 13 
1 68 227 13 10 
1 158 66 10 11 
