1 187 150 36 36 
1 53 26 29 30 
1 151 8 26 27 
1 52 1 14 13 
1 79 1 10 8 
1 105 1 7 7 
1 53 28 22 24 
1 46 71 12 13 
1 17 97 10 8 
1 18 126 7 9 
1 17 152 13 10 
1 2 154 11 13 
1 0 202 13 10 
1 36 208 10 10 
1 31 225 12 10 
1 27 261 10 8 
1 33 273 10 10 
1 13 294 12 10 
1 0 300 9 9 
1 18 314 6 7 
1 0 354 13 9 
1 50 344 13 15 
1 80 265 15 10 
1 74 238 11 11 
1 55 150 8 9 
1 97 180 19 21 
1 119 280 8 10 
1 84 278 10 9 
1 126 226 9 9 
1 103 82 12 13 
1 89 85 9 9 
1 121 47 8 8 
1 139 63 12 11 
1 129 67 7 8 
1 123 60 9 10 
1 117 65 6 7 
1 148 96 9 9 
1 168 112 11 10 
1 171 88 9 9 
1 152 40 6 7 
1 135 5 14 17 
1 145 6 28 30 
1 191 13 9 8 
1 192 35 11 10 
1 207 103 13 14 
1 178 65 7 7 
1 204 14 7 8 
1 223 4 7 9 
1 211 20 9 12 
1 226 14 7 8 
1 212 52 7 7 
1 209 63 12 8 
1 222 118 19 20 
1 189 156 21 24 
1 226 166 14 12 
1 212 271 8 9 
1 215 278 12 9 
1 221 288 10 7 
1 270 298 9 9 
1 204 330 9 9 
1 190 323 11 10 
1 168 354 12 7 
1 215 344 8 7 
1 230 348 7 6 
1 233 350 9 8 
1 270 341 8 12 
1 247 51 6 9 
1 261 169 8 9 
1 276 153 10 9 
1 297 144 8 10 
1 245 226 6 7 
1 281 241 10 10 
1 299 235 14 15 
1 293 284 13 14 
1 313 283 10 11 
1 324 273 10 10 
1 259 72 8 7 
1 279 71 7 9 
1 293 61 7 8 
1 313 201 11 10 
1 337 227 9 10 
1 384 255 16 18 
1 314 9 18 17 
1 336 94 7 9 
1 358 96 9 10 
1 398 82 13 13 
1 322 62 8 8 
1 352 26 6 6 
1 361 0 10 10 
1 0 0 0 0 
1 387 15 11 11 
1 379 1 7 9 
1 389 0 9 7 
1 414 24 9 10 
1 337 118 11 9 
1 375 130 7 7 
1 355 141 7 8 
1 380 144 17 17 
1 336 177 9 6 
1 349 177 10 10 
1 376 182 7 9 
1 385 199 7 8 
1 420 199 11 13 
1 475 62 25 26 
1 451 103 16 17 
1 490 7 9 11 
1 509 2 20 17 
1 508 28 8 8 
1 501 37 9 9 
1 516 68 8 10 
1 508 102 9 10 
1 518 100 9 8 
1 436 320 7 9 
1 500 314 9 9 
1 477 204 10 11 
1 558 137 11 10 
1 547 121 10 9 
1 536 141 8 11 
1 527 113 6 9 
1 523 128 9 10 
1 543 232 10 10 
1 542 241 8 7 
1 520 238 11 12 
1 164 359 18 19 
1 305 373 11 11 
1 30 358 24 23 
1 83 381 13 12 
