1 25 46 41 40 
1 227 8 30 30 
1 149 226 51 51 
1 353 200 32 32 
1 411 191 44 44 
1 524 343 29 29 
1 426 323 29 30 
1 21 47 43 43 
1 223 6 38 35 
1 147 228 58 52 
1 151 246 14 14 
1 404 196 57 44 
1 350 203 38 33 
1 236 241 21 23 
1 52 162 24 29 
1 109 111 25 25 
1 134 67 27 27 
1 74 71 20 18 
1 70 58 23 18 
1 105 25 17 16 
1 78 311 30 25 
1 59 317 16 13 
1 14 297 17 20 
1 21 263 16 21 
1 91 215 17 16 
1 159 176 21 22 
1 363 107 19 18 
1 424 287 16 15 
1 521 343 34 33 
1 220 328 22 19 
1 233 342 20 18 
1 449 74 23 20 
1 172 42 14 12 
1 192 34 18 17 
1 155 42 18 14 
1 146 56 17 14 
1 155 84 15 14 
1 273 79 20 18 
1 252 61 15 15 
1 205 96 16 14 
1 16 354 21 19 
1 31 156 13 14 
1 3 66 10 13 
1 12 73 15 11 
1 342 9 14 15 
1 405 1 16 14 
1 517 52 17 16 
1 526 83 17 18 
1 549 118 12 15 
1 552 224 17 21 
1 581 249 15 17 
1 456 298 24 25 
1 387 315 16 16 
1 371 308 14 15 
1 357 295 14 18 
1 306 254 18 20 
1 362 174 18 15 
1 345 33 15 16 
1 139 276 28 22 
1 456 342 11 11 
1 546 260 21 18 
1 466 157 20 16 
1 330 113 15 15 
1 315 78 19 13 
1 303 50 15 16 
1 307 35 16 16 
1 72 152 17 14 
1 346 262 17 15 
1 290 377 19 18 
1 560 165 14 19 
1 133 116 20 17 
1 96 71 17 17 
1 10 178 10 14 
1 73 8 11 11 
1 365 281 15 13 
1 323 143 13 15 
1 367 66 18 14 
1 418 166 14 14 
1 435 150 11 10 
1 516 131 13 10 
1 176 70 13 12 
1 412 322 12 16 
1 123 304 15 15 
1 108 102 14 13 
1 277 137 11 13 
1 276 118 14 14 
1 52 244 16 18 
1 130 195 16 15 
