1 135 24 23 25 
1 26 156 28 28 
1 74 185 28 28 
1 71 238 24 23 
1 74 269 13 13 
1 16 286 16 14 
1 15 99 18 16 
1 164 213 17 17 
1 431 60 19 19 
1 355 13 22 22 
1 130 255 20 20 
1 145 150 20 19 
1 85 138 17 16 
1 69 90 11 13 
1 224 84 14 14 
1 262 13 20 20 
1 304 67 19 19 
1 336 181 21 20 
1 250 170 19 19 
1 208 190 14 14 
1 242 254 17 17 
1 279 267 15 15 
1 298 285 15 16 
1 307 245 19 18 
1 288 329 23 22 
1 127 293 13 13 
1 91 291 15 15 
1 102 307 14 14 
1 11 329 19 19 
1 417 16 24 24 
1 476 18 15 15 
1 481 108 15 15 
1 481 87 14 14 
1 510 113 29 29 
1 459 197 20 20 
1 428 215 18 18 
1 367 285 12 12 
1 399 324 13 13 
1 301 168 20 20 
1 340 199 16 16 
1 1 68 15 18 
1 113 273 14 14 
1 233 206 15 16 
1 250 224 16 17 
1 390 277 16 16 
1 396 196 20 20 
1 513 51 19 19 
1 518 20 14 14 
1 489 162 13 14 
1 552 234 23 22 
1 563 305 17 17 
1 478 277 13 13 
1 522 320 13 13 
1 423 311 13 14 
1 269 90 16 16 
1 324 144 14 14 
1 273 316 13 13 
1 322 315 14 14 
1 552 89 14 14 
1 567 128 12 12 
