1 281 97 27 26 
1 96 354 26 25 
1 464 91 59 59 
1 7 190 27 27 
1 51 88 29 25 
1 84 52 25 24 
1 45 46 14 13 
1 41 19 14 13 
1 83 12 14 13 
1 3 120 20 23 
1 2 185 39 39 
1 16 217 13 14 
1 25 230 14 15 
1 21 272 17 17 
1 45 272 14 14 
1 81 262 12 13 
1 93 262 17 19 
1 80 229 21 21 
1 84 197 17 18 
1 108 222 20 20 
1 99 344 15 16 
1 91 354 36 35 
1 55 363 19 18 
1 45 377 13 14 
1 34 342 15 17 
1 49 344 11 12 
1 252 390 16 13 
1 273 385 11 11 
1 320 363 11 11 
1 277 270 16 17 
1 259 245 23 22 
1 259 230 14 15 
1 268 213 18 20 
1 290 221 19 20 
1 300 206 28 26 
1 297 160 18 17 
1 313 176 10 11 
1 276 90 39 39 
1 252 97 12 15 
1 286 73 12 15 
1 330 73 11 12 
1 329 97 11 11 
1 352 97 13 16 
1 382 79 25 26 
1 399 94 19 20 
1 426 61 17 20 
1 433 113 11 12 
1 460 91 10 12 
1 450 82 80 76 
1 476 104 15 15 
1 475 114 17 19 
1 507 129 15 15 
1 577 15 18 19 
1 528 41 14 16 
1 542 65 14 16 
1 551 74 20 20 
1 539 79 13 13 
1 550 104 13 12 
1 572 104 12 13 
1 576 133 14 15 
1 575 218 14 14 
1 501 220 16 17 
1 539 277 22 23 
1 406 249 36 32 
1 430 212 15 18 
1 411 213 13 14 
1 406 227 11 12 
1 356 281 18 18 
1 340 285 21 20 
1 332 297 17 16 
1 319 364 12 12 
1 272 385 12 12 
1 248 390 22 11 
1 533 0 28 13 
1 570 39 19 18 
1 584 50 10 10 
1 557 144 10 10 
1 551 310 15 15 
1 493 261 14 14 
1 496 274 13 14 
1 423 178 10 10 
1 425 195 11 11 
1 370 123 16 15 
1 369 157 13 13 
1 407 0 23 19 
1 353 221 11 12 
1 311 188 15 16 
1 279 344 12 13 
1 309 323 17 17 
1 227 315 12 14 
1 237 317 9 10 
1 93 144 13 13 
1 51 131 12 12 
1 53 290 16 17 
1 108 84 14 15 
1 130 74 24 24 
1 153 22 13 15 
1 172 63 18 19 
1 194 94 16 18 
1 201 38 11 11 
1 276 15 14 14 
1 311 9 13 14 
1 301 34 12 12 
1 318 125 10 11 
1 322 146 14 14 
1 124 45 16 15 
1 246 170 15 15 
1 269 184 13 14 
1 496 52 10 11 
1 484 57 11 11 
1 511 57 10 10 
1 540 31 11 11 
1 524 145 9 10 
1 525 153 9 9 
1 454 269 11 11 
1 435 302 10 10 
1 405 322 11 12 
1 325 246 12 12 
1 314 230 13 13 
1 258 312 17 16 
1 556 345 16 17 
1 584 344 14 15 
1 553 363 12 13 
1 565 378 16 14 
1 556 383 11 12 
1 566 163 15 17 
1 181 238 15 16 
