1 235 267 50 49 
1 504 325 38 38 
1 240 130 32 32 
1 38 300 57 57 
1 538 148 26 25 
1 228 258 71 69 
1 48 310 49 46 
1 53 258 34 35 
1 236 126 41 39 
1 113 378 17 18 
1 127 372 14 17 
1 497 322 56 51 
1 493 226 27 30 
1 518 203 15 16 
1 477 196 14 14 
1 453 253 17 17 
1 532 142 37 36 
1 564 159 14 15 
1 496 25 15 16 
1 517 44 22 23 
1 548 11 12 15 
1 410 8 12 11 
1 442 13 19 17 
1 308 52 12 14 
1 208 38 30 28 
1 186 24 26 24 
1 121 31 15 14 
1 161 11 16 16 
1 357 187 31 32 
1 540 169 15 15 
1 463 295 21 23 
1 422 130 15 17 
1 283 102 11 12 
1 553 299 15 16 
1 560 267 17 19 
1 582 230 11 12 
1 587 239 11 13 
