1 106 76 44 44 
1 188 95 85 85 
1 457 204 124 124 
1 58 154 143 143 
1 211 21 44 44 
1 147 252 28 27 
1 55 304 217 95 
1 306 273 135 126 
1 430 293 22 23 
1 455 389 21 13 
1 482 294 24 25 
1 478 368 14 13 
1 487 222 21 22 
1 493 184 18 17 
1 582 285 17 21 
1 564 162 15 15 
1 536 78 22 22 
1 554 52 19 20 
1 545 35 13 14 
1 561 9 12 12 
1 550 3 12 12 
1 512 46 12 12 
1 484 25 12 14 
1 477 47 13 13 
1 454 17 15 14 
1 458 37 10 10 
1 448 99 19 19 
1 404 133 21 21 
1 412 108 16 16 
1 400 89 16 17 
1 387 101 12 12 
1 366 116 18 19 
1 365 74 26 30 
1 373 3 27 26 
1 241 0 51 15 
1 235 13 13 15 
1 214 9 17 18 
1 217 20 40 37 
1 216 45 25 26 
1 209 40 15 16 
1 177 1 15 16 
1 165 16 17 15 
1 154 67 22 23 
1 122 54 23 22 
1 105 72 50 51 
1 124 128 13 13 
1 121 141 17 16 
1 180 87 105 104 
1 226 222 17 18 
1 215 250 21 20 
1 191 248 23 22 
1 191 264 22 23 
1 149 252 29 31 
1 138 280 27 26 
1 107 284 22 21 
1 68 290 20 21 
1 64 312 14 16 
1 28 327 18 20 
1 45 296 14 15 
1 37 303 11 12 
1 30 274 20 20 
1 52 242 16 19 
1 1 214 41 48 
1 4 252 14 14 
1 1 224 9 23 
1 62 224 21 22 
1 100 189 17 18 
1 104 166 25 28 
1 95 153 21 21 
1 119 140 17 18 
1 52 108 34 37 
1 125 127 12 13 
1 99 71 59 56 
1 122 52 24 26 
1 151 66 26 27 
1 175 79 14 15 
1 94 30 16 16 
1 43 14 16 16 
1 58 12 16 15 
1 3 1 20 20 
1 0 26 12 23 
1 482 108 41 37 
1 491 157 14 15 
1 470 162 13 14 
1 444 182 60 64 
1 472 239 11 13 
1 449 233 14 13 
1 412 188 11 12 
1 412 197 11 10 
1 413 74 18 18 
1 325 60 12 12 
1 332 69 15 15 
1 324 89 16 16 
1 303 93 18 20 
1 267 108 16 16 
1 253 124 13 12 
1 148 175 29 31 
1 144 235 21 22 
1 163 235 20 20 
1 20 46 18 20 
1 79 83 27 28 
1 79 238 45 47 
1 244 63 22 24 
1 262 62 21 26 
1 302 1 16 11 
1 20 45 19 19 
1 279 253 18 19 
1 266 361 20 20 
1 278 347 11 12 
1 547 328 14 14 
1 565 345 10 12 
1 213 354 13 15 
1 150 216 22 24 
1 206 333 16 17 
1 1 348 18 20 
1 26 346 18 17 
1 5 72 43 47 
1 306 16 27 27 
1 586 66 15 32 
1 580 56 17 18 
1 468 247 41 41 
1 498 245 12 13 
1 501 255 12 13 
1 316 211 16 16 
1 333 224 12 12 
1 175 145 14 15 
1 177 129 17 19 
1 172 130 11 12 
1 435 9 16 17 
1 439 1 15 12 
1 475 94 10 10 
1 517 58 15 16 
1 565 203 14 15 
1 426 64 10 10 
1 341 148 14 15 
1 316 230 16 16 
1 303 321 13 14 
1 55 62 13 14 
1 20 136 14 15 
1 17 208 13 15 
1 25 239 12 12 
1 452 360 14 14 
1 437 363 12 13 
1 180 222 10 11 
1 93 12 12 13 
