1 368 305 43 43 
1 217 8 31 30 
1 480 281 30 30 
1 429 284 32 33 
1 316 293 57 57 
1 313 294 60 59 
1 364 303 51 51 
1 428 278 41 45 
1 478 279 35 37 
1 482 277 15 11 
1 219 5 33 36 
1 535 350 28 24 
1 468 178 31 24 
1 406 213 23 19 
1 559 225 22 22 
1 503 60 25 20 
1 180 299 18 20 
1 137 329 16 14 
1 51 103 18 21 
1 0 52 16 16 
1 268 178 18 16 
1 284 185 16 16 
1 213 213 15 17 
1 218 254 18 19 
1 332 258 16 18 
1 540 173 17 18 
1 563 151 19 17 
1 484 374 19 18 
1 364 184 22 20 
1 305 134 19 14 
1 298 141 17 12 
1 225 107 14 12 
1 188 30 31 27 
1 82 172 12 12 
1 228 306 14 14 
1 396 134 14 12 
1 477 208 14 13 
1 587 200 12 16 
1 583 361 17 17 
1 445 358 14 12 
1 438 379 10 11 
1 370 358 15 13 
1 281 0 36 24 
1 439 6 16 13 
1 496 93 14 15 
1 454 96 17 14 
1 523 220 14 13 
1 45 291 13 14 
1 133 350 11 14 
1 15 100 13 14 
1 294 262 13 11 
1 559 322 18 19 
1 307 345 20 18 
1 310 385 11 11 
1 200 340 15 13 
1 229 153 14 15 
1 172 197 16 15 
1 177 70 20 23 
1 572 69 11 11 
1 451 200 12 13 
1 350 267 11 14 
1 104 101 19 18 
1 402 83 14 14 
1 418 102 14 13 
1 368 126 13 13 
1 370 111 12 13 
1 272 267 14 14 
1 253 308 17 18 
