1 243 340 45 44 
1 353 316 56 57 
1 207 116 149 150 
1 380 142 31 31 
1 352 121 18 18 
1 379 141 36 35 
1 347 38 24 23 
1 529 169 24 27 
1 107 1 22 19 
1 29 40 14 13 
1 92 122 15 15 
1 195 18 15 15 
1 222 56 20 20 
1 234 67 16 18 
1 275 30 16 18 
1 181 220 22 22 
1 26 238 24 24 
1 356 268 21 20 
1 444 253 26 27 
1 480 251 16 18 
1 499 223 20 20 
1 317 218 18 18 
1 331 149 13 13 
1 377 96 21 21 
1 406 115 17 17 
1 517 16 22 24 
1 411 184 18 19 
1 81 254 19 19 
1 41 313 19 19 
1 166 272 16 16 
1 233 251 17 16 
1 238 211 28 28 
1 384 56 14 15 
1 427 30 17 17 
1 477 144 16 16 
1 254 268 15 15 
1 215 13 23 22 
1 307 261 13 13 
1 345 298 20 21 
1 557 266 15 15 
1 356 167 13 13 
1 488 78 11 13 
1 494 117 15 14 
1 145 300 14 14 
1 186 134 21 21 
1 261 285 14 14 
1 397 228 15 14 
1 409 227 18 19 
1 408 347 13 13 
1 212 319 15 14 
1 370 70 19 18 
