1 550 42 28 28 
1 286 350 38 39 
1 283 118 60 60 
1 276 252 70 70 
1 379 310 33 33 
1 511 324 46 45 
1 481 368 30 30 
1 10 38 57 56 
1 124 1 99 25 
1 5 44 46 40 
1 27 90 20 23 
1 89 280 23 22 
1 113 295 14 16 
1 57 314 25 23 
1 130 246 17 16 
1 74 162 12 15 
1 32 183 12 12 
1 7 215 14 19 
1 226 138 16 16 
1 198 147 15 13 
1 202 162 14 13 
1 210 145 15 22 
1 154 118 12 17 
1 168 155 13 17 
1 399 192 11 12 
1 442 221 18 19 
1 467 211 22 22 
1 377 306 37 38 
1 400 283 13 16 
1 548 262 27 25 
1 548 243 14 15 
1 509 324 48 39 
1 555 322 11 15 
1 481 276 13 14 
1 285 260 54 52 
1 419 250 53 45 
1 285 121 51 48 
1 236 334 24 22 
1 287 349 36 12 
1 530 112 22 20 
1 550 40 28 34 
1 513 0 23 23 
1 380 46 14 16 
1 320 52 22 18 
1 347 68 18 15 
1 397 70 14 13 
1 408 125 11 13 
1 234 229 13 13 
1 245 213 15 11 
1 266 219 22 15 
1 225 279 25 30 
1 174 256 13 11 
1 246 228 21 21 
1 266 199 10 14 
1 307 90 22 16 
1 355 299 12 14 
1 313 279 14 15 
1 320 299 13 14 
1 271 325 12 8 
1 452 78 10 11 
1 477 171 8 9 
1 495 164 10 12 
1 509 165 8 6 
1 528 177 13 9 
1 550 171 5 9 
1 562 168 6 8 
1 281 32 10 13 
1 136 280 13 12 
1 154 292 8 9 
1 164 281 8 11 
1 193 283 12 10 
1 193 273 8 8 
1 178 266 11 11 
1 196 314 6 10 
1 347 216 10 10 
1 337 222 9 10 
1 372 159 7 9 
1 383 163 8 11 
1 474 27 10 10 
1 356 144 15 14 
1 345 113 11 13 
1 437 337 13 16 
1 476 298 13 15 
1 564 213 14 13 
1 106 155 13 17 
1 19 22 13 14 
