1 335 344 49 48 
1 485 327 30 30 
1 552 359 27 27 
1 513 99 30 30 
1 106 59 16 15 
1 93 42 21 21 
1 40 22 17 17 
1 30 20 13 14 
1 64 33 20 20 
1 108 160 14 14 
1 121 169 17 17 
1 125 194 12 15 
1 161 72 13 12 
1 291 78 23 22 
1 448 33 22 22 
1 287 19 14 16 
1 310 13 13 13 
1 330 93 16 16 
1 354 62 18 19 
1 403 144 24 24 
1 402 164 18 18 
1 233 174 15 14 
1 287 187 16 16 
1 185 76 14 14 
1 166 262 14 15 
1 150 290 16 16 
1 244 289 13 15 
1 246 341 15 15 
1 303 47 14 14 
1 511 98 35 35 
1 485 324 36 36 
1 452 220 14 14 
1 317 297 17 18 
1 290 297 14 14 
1 377 159 12 14 
1 456 134 20 17 
1 469 224 13 13 
1 503 71 15 15 
1 521 7 20 20 
1 536 263 14 15 
1 539 151 20 21 
1 173 244 11 11 
1 107 132 16 16 
1 220 3 13 14 
1 214 105 12 12 
1 361 33 15 15 
1 370 210 15 15 
1 436 210 14 13 
1 541 332 15 16 
1 551 321 14 12 
1 546 302 11 12 
1 565 286 13 12 
