1 310 324 35 35 
1 367 200 28 29 
1 269 34 30 30 
1 0 91 25 29 
1 262 28 41 40 
1 357 190 42 42 
1 288 234 32 28 
1 174 216 23 24 
1 0 79 29 53 
1 25 129 19 19 
1 43 22 25 22 
1 297 313 56 46 
1 435 228 35 40 
1 125 213 27 21 
1 506 206 19 24 
1 481 241 25 27 
1 481 2 20 24 
1 535 105 17 23 
1 549 182 20 19 
1 404 201 21 23 
1 186 56 19 18 
1 437 334 25 22 
1 234 315 27 23 
1 90 326 25 20 
1 329 156 16 16 
1 42 261 21 17 
1 547 344 29 15 
1 475 345 29 14 
1 345 19 19 15 
1 264 155 13 13 
1 273 128 13 14 
1 301 62 15 14 
1 130 141 14 13 
1 81 173 17 15 
1 479 42 15 16 
1 477 319 14 16 
1 417 279 16 14 
1 354 336 14 17 
1 274 270 12 14 
1 218 272 13 15 
1 242 171 13 15 
1 302 112 20 22 
1 404 109 18 15 
1 449 314 9 9 
1 153 317 15 12 
1 538 309 13 14 
1 404 240 17 16 
