1 534 270 35 34 
1 128 356 33 32 
1 14 287 29 28 
1 3 29 12 12 
1 10 60 7 7 
1 0 83 8 9 
1 0 0 0 0 
1 0 93 8 6 
1 16 117 11 12 
1 1 153 11 11 
1 0 138 5 8 
1 36 193 11 10 
1 13 237 13 16 
1 18 291 14 16 
1 38 313 9 8 
1 49 298 8 9 
1 73 274 11 11 
1 64 115 12 10 
1 88 91 6 7 
1 100 79 13 14 
1 76 10 8 11 
1 86 8 12 12 
1 107 44 7 9 
1 90 58 7 6 
1 112 59 9 10 
1 134 85 8 10 
1 154 112 8 10 
1 81 147 10 10 
1 94 138 8 9 
1 112 149 9 9 
1 115 189 10 10 
1 73 188 7 8 
1 80 181 9 9 
1 65 204 8 10 
1 81 240 7 7 
1 110 245 8 10 
1 118 228 11 13 
1 118 214 8 7 
1 109 210 8 9 
1 148 268 13 12 
1 148 343 8 9 
1 205 108 23 20 
1 168 0 14 13 
1 231 13 17 16 
1 158 52 9 10 
1 235 195 12 11 
1 256 199 9 7 
1 285 192 16 14 
1 312 188 11 11 
1 330 251 11 11 
1 285 281 8 8 
1 300 306 8 9 
1 315 333 9 10 
1 342 348 15 15 
1 421 353 13 12 
1 378 291 10 10 
1 394 257 12 14 
1 415 257 8 11 
1 436 285 10 12 
1 479 312 12 14 
1 293 103 11 11 
1 296 91 9 8 
1 339 89 6 8 
1 341 53 10 11 
1 358 101 14 13 
1 368 0 16 11 
1 399 2 8 9 
1 381 24 9 10 
1 414 48 9 10 
1 427 63 10 12 
1 473 6 16 19 
1 483 1 16 11 
1 534 1 6 10 
1 547 0 12 6 
1 544 8 9 10 
1 569 13 9 9 
1 575 1 7 9 
1 577 31 7 12 
1 567 31 8 10 
1 557 16 8 16 
1 565 40 9 13 
1 548 54 9 13 
1 557 52 12 7 
1 500 61 12 12 
1 430 120 8 10 
1 494 80 14 11 
1 530 67 12 13 
1 532 52 8 9 
1 558 67 7 8 
1 574 71 8 11 
1 547 123 11 11 
1 538 138 6 7 
1 564 146 12 12 
1 540 154 7 9 
1 512 146 12 9 
1 471 167 10 10 
1 557 211 8 7 
1 558 218 8 10 
1 574 201 8 7 
1 576 215 7 9 
1 510 206 8 7 
1 502 244 11 10 
1 532 255 5 7 
1 545 258 9 8 
1 575 286 8 10 
1 532 273 27 27 
1 540 341 9 7 
1 548 347 6 8 
1 567 322 10 8 
1 578 343 8 9 
1 481 217 8 6 
1 408 238 7 7 
1 403 247 5 7 
1 362 254 6 8 
1 409 209 9 8 
1 422 33 7 7 
1 427 43 7 7 
1 421 352 17 17 
1 126 360 24 21 
1 218 394 10 6 
1 236 375 6 8 
1 227 364 7 7 
1 208 354 9 9 
1 211 372 7 9 
1 462 376 8 10 
1 455 386 6 10 
1 437 383 9 9 
