1 9 215 103 102 
1 199 271 40 40 
1 290 360 26 27 
1 38 7 9 8 
1 11 7 8 9 
1 27 17 6 8 
1 23 31 7 11 
1 16 21 10 11 
1 40 33 6 9 
1 45 27 8 9 
1 56 31 9 9 
1 52 46 10 10 
1 59 9 8 9 
1 93 26 11 10 
1 90 38 20 19 
1 140 0 17 17 
1 96 81 12 14 
1 100 95 14 10 
1 49 60 12 26 
1 32 59 11 14 
1 0 94 17 21 
1 23 104 10 10 
1 60 84 9 11 
1 41 95 13 13 
1 31 107 27 33 
1 71 102 10 15 
1 125 104 14 15 
1 77 123 29 54 
1 101 139 36 57 
1 109 193 10 19 
1 24 182 126 155 
1 7 299 16 16 
1 24 320 14 14 
1 58 345 12 12 
1 101 337 12 14 
1 138 304 13 15 
1 148 314 16 17 
1 131 287 9 8 
1 142 278 9 10 
1 166 253 14 14 
1 201 272 37 41 
1 189 316 12 11 
1 188 345 11 11 
1 174 332 12 12 
1 259 260 21 23 
1 262 253 10 11 
1 278 318 6 9 
1 286 350 9 9 
1 295 355 10 7 
1 236 341 9 10 
1 212 308 27 48 
1 312 188 11 10 
1 316 196 21 26 
1 323 244 6 8 
1 307 225 14 9 
1 375 274 9 9 
1 359 16 9 11 
1 320 0 11 7 
1 130 2 238 257 
1 476 106 12 10 
1 565 95 9 12 
1 569 185 9 8 
1 409 204 10 9 
1 413 187 8 9 
1 381 198 8 8 
1 348 245 8 8 
1 333 245 6 7 
1 289 273 7 8 
1 578 301 11 11 
1 539 271 15 13 
1 496 356 11 12 
1 24 362 11 11 
1 43 365 11 12 
1 101 368 19 19 
1 529 47 10 11 
1 579 26 12 13 
