1 96 81 66 66 
1 372 198 37 37 
1 275 115 27 28 
1 567 91 31 31 
1 219 156 32 31 
1 186 178 33 32 
1 369 196 46 41 
1 562 91 36 35 
1 564 159 30 27 
1 533 352 22 22 
1 181 178 38 33 
1 209 158 43 34 
1 272 114 36 34 
1 274 110 15 12 
1 268 18 22 23 
1 309 75 17 16 
1 376 112 24 22 
1 426 202 20 21 
1 429 286 23 24 
1 20 253 21 22 
1 25 271 23 23 
1 75 281 17 14 
1 346 208 16 17 
1 224 272 17 16 
1 203 293 17 14 
1 173 309 18 19 
1 48 384 24 16 
1 296 381 14 15 
1 255 379 16 14 
1 274 277 23 23 
1 294 309 14 13 
1 247 192 18 22 
1 491 65 24 24 
1 351 148 17 19 
1 288 211 13 14 
1 270 210 12 16 
1 151 242 18 19 
1 180 235 15 15 
1 11 186 16 15 
1 53 165 17 17 
1 93 222 16 15 
1 99 310 16 15 
1 25 324 18 14 
1 42 334 16 13 
1 60 307 15 16 
1 292 1 13 17 
1 498 7 10 12 
1 192 222 14 13 
1 534 323 16 14 
1 383 21 16 14 
1 137 192 15 14 
1 92 174 18 15 
1 125 274 20 23 
1 67 144 18 20 
1 140 25 17 13 
1 397 146 18 17 
1 432 152 12 13 
1 151 337 15 14 
1 229 79 14 12 
1 406 349 15 17 
1 425 266 24 20 
1 90 120 14 13 
1 208 2 16 11 
1 111 32 13 12 
1 65 43 14 12 
1 80 336 12 12 
1 19 355 13 16 
1 471 132 12 13 
1 585 214 13 13 
1 411 220 16 14 
1 428 370 17 15 
1 297 352 26 19 
1 386 272 12 14 
1 356 237 15 16 
1 107 127 14 11 
1 546 0 17 15 
1 585 53 15 13 
