1 45 288 36 37 
1 484 149 50 50 
1 345 205 70 69 
1 311 117 86 86 
1 196 136 61 61 
1 528 105 41 41 
1 543 53 43 43 
1 287 225 28 27 
1 333 319 34 35 
1 29 60 23 23 
1 36 22 11 11 
1 44 139 18 18 
1 38 122 12 13 
1 35 190 21 21 
1 53 211 17 17 
1 60 225 17 17 
1 43 229 18 18 
1 16 216 17 17 
1 35 271 15 15 
1 44 285 49 47 
1 66 278 20 19 
1 36 305 18 20 
1 28 367 14 15 
1 38 358 10 11 
1 7 377 12 12 
1 159 363 31 29 
1 122 249 19 21 
1 107 213 21 22 
1 131 200 27 28 
1 97 136 16 17 
1 93 119 13 15 
1 126 73 25 25 
1 107 60 16 15 
1 115 35 15 15 
1 133 20 12 13 
1 144 33 14 16 
1 155 34 15 17 
1 169 39 15 17 
1 169 73 13 13 
1 174 83 12 14 
1 222 54 14 15 
1 221 84 15 15 
1 220 123 15 17 
1 239 131 12 15 
1 190 120 89 86 
1 258 108 27 29 
1 209 187 53 50 
1 283 221 35 32 
1 270 241 12 14 
1 263 254 12 12 
1 252 267 12 13 
1 204 276 16 17 
1 181 269 19 21 
1 197 284 10 13 
1 162 366 26 25 
1 233 332 24 24 
1 273 345 72 59 
1 321 336 14 16 
1 324 313 47 45 
1 360 351 32 33 
1 354 363 14 16 
1 419 386 15 15 
1 453 374 39 34 
1 490 371 30 36 
1 499 302 24 26 
1 458 269 52 54 
1 469 235 22 24 
1 488 145 56 59 
1 490 149 14 16 
1 529 182 13 13 
1 519 120 21 22 
1 557 138 13 14 
1 526 98 58 58 
1 544 53 51 53 
1 582 66 14 15 
1 589 44 10 14 
1 545 19 14 12 
1 546 4 11 13 
1 507 12 32 29 
1 515 33 32 26 
1 477 46 13 15 
1 441 77 18 18 
1 422 7 30 28 
1 393 5 23 22 
1 319 15 24 25 
1 359 75 12 14 
1 304 101 122 114 
1 336 206 96 84 
1 271 143 15 14 
1 289 137 10 12 
1 393 87 20 19 
1 430 130 17 20 
1 393 180 30 29 
1 397 217 19 18 
1 136 8 24 24 
1 156 15 12 13 
1 105 0 37 21 
1 77 9 11 13 
1 53 14 12 11 
1 0 203 16 24 
1 109 198 12 12 
1 203 80 21 23 
1 250 67 24 24 
1 252 88 24 20 
1 243 36 26 25 
1 242 52 20 21 
1 261 8 28 28 
1 288 5 53 58 
1 271 71 11 12 
1 274 78 10 11 
1 291 69 12 14 
1 300 62 16 18 
1 287 57 13 14 
1 216 307 32 34 
1 192 318 13 12 
1 302 259 12 14 
1 316 278 14 15 
1 320 289 13 14 
1 338 281 13 13 
1 365 288 13 14 
1 446 157 13 14 
1 432 115 12 13 
1 502 74 11 13 
1 570 200 27 31 
1 580 253 17 21 
1 522 346 15 16 
1 518 327 13 14 
1 256 153 12 13 
1 156 15 12 14 
1 133 3 31 35 
1 493 108 18 20 
1 482 90 26 25 
1 466 121 35 35 
1 476 149 14 15 
1 463 89 19 19 
1 411 276 12 13 
1 454 44 18 20 
1 485 22 13 14 
1 317 236 12 13 
1 316 311 12 14 
1 248 285 14 16 
1 292 3 11 12 
1 192 1 11 9 
1 199 6 10 13 
1 144 161 13 13 
1 161 163 12 13 
1 105 179 14 14 
1 7 265 11 12 
1 20 45 11 12 
1 8 322 10 10 
1 8 265 9 11 
1 129 230 12 14 
1 351 52 12 11 
1 329 109 13 14 
1 487 59 19 19 
1 561 25 17 19 
1 349 23 12 13 
1 176 62 11 12 
1 184 59 9 10 
1 70 135 16 18 
1 68 119 15 15 
1 69 93 11 11 
1 67 55 11 11 
1 146 211 11 12 
1 179 171 35 36 
1 172 183 10 13 
1 177 294 10 10 
