1 133 152 141 140 
1 532 362 29 29 
1 477 304 26 27 
1 362 101 29 30 
1 107 135 147 158 
1 257 226 21 22 
1 270 211 18 31 
1 559 248 23 39 
1 471 298 34 43 
1 5 63 263 293 
1 252 108 37 32 
1 356 98 32 34 
1 336 63 24 16 
1 453 3 20 18 
1 444 30 14 18 
1 543 97 20 24 
1 498 87 77 155 
1 463 342 21 22 
1 290 265 17 12 
1 336 190 28 20 
1 83 33 24 25 
1 306 44 17 14 
1 305 66 15 21 
1 363 19 16 17 
1 327 4 19 14 
1 330 16 20 20 
1 398 23 17 16 
1 410 25 13 20 
1 415 47 21 9 
1 463 70 15 16 
1 504 38 19 17 
1 516 12 13 13 
1 486 6 11 10 
1 518 27 12 10 
1 539 37 13 12 
1 496 64 13 16 
1 505 73 14 12 
1 442 133 17 17 
1 438 230 14 13 
1 501 238 19 17 
1 340 342 20 20 
1 237 293 13 17 
1 245 306 26 10 
1 320 220 21 21 
1 334 137 15 15 
1 367 140 17 12 
1 413 122 19 20 
1 414 158 17 12 
1 507 180 12 19 
1 541 218 17 16 
1 139 20 20 13 
1 27 3 18 7 
1 5 9 15 10 
1 462 33 15 12 
1 379 6 12 13 
1 226 10 17 17 
1 2 34 22 19 
1 73 127 11 12 
1 95 98 14 12 
1 273 180 11 10 
