1 476 324 64 65 
1 356 364 105 35 
1 374 263 26 30 
1 335 300 34 36 
1 382 311 17 15 
1 364 344 17 13 
1 283 329 22 18 
1 278 306 17 17 
1 1 118 31 33 
1 519 37 17 16 
1 331 47 17 17 
1 362 23 15 15 
1 371 16 10 12 
1 368 0 13 15 
1 343 0 18 12 
1 385 1 9 12 
1 173 116 20 19 
1 138 152 25 22 
1 33 208 20 21 
1 75 214 14 16 
1 82 183 14 16 
1 174 256 16 15 
1 218 267 32 28 
1 234 254 18 16 
1 212 207 14 17 
1 224 201 14 21 
1 352 184 11 13 
1 446 198 24 20 
1 463 219 14 11 
1 466 179 13 18 
1 534 243 19 21 
1 523 146 15 14 
1 546 142 18 20 
1 466 43 12 12 
1 480 43 12 14 
1 573 292 14 17 
1 538 303 17 16 
1 578 378 15 16 
1 547 389 14 11 
1 411 242 13 16 
1 380 205 13 12 
1 378 190 8 12 
1 419 96 16 17 
1 501 74 52 43 
1 521 219 13 14 
1 582 69 12 15 
1 537 40 13 13 
1 553 62 9 12 
1 282 97 14 16 
1 207 117 15 15 
1 197 98 16 15 
1 30 348 14 15 
1 51 308 15 17 
1 2 334 11 15 
1 3 373 12 14 
1 95 362 16 17 
1 122 364 12 14 
1 145 316 13 13 
1 136 330 14 12 
1 124 323 11 12 
1 107 313 11 13 
1 325 251 14 18 
1 344 274 15 15 
1 132 211 17 11 
1 158 185 14 12 
1 444 122 15 15 
1 450 151 13 14 
1 523 117 11 12 
1 537 129 9 10 
1 25 250 12 13 
1 1 225 10 17 
1 11 202 10 11 
1 4 216 11 9 
1 140 16 10 10 
1 141 56 12 11 
1 322 23 12 15 
1 391 76 16 19 
1 482 65 11 13 
1 176 310 17 16 
1 99 260 14 15 
1 79 310 12 13 
1 18 294 23 26 
1 43 184 20 23 
1 494 224 17 19 
1 290 135 15 15 
1 396 137 11 12 
1 419 179 11 13 
1 325 121 10 16 
1 226 136 14 14 
1 245 231 18 16 
1 160 352 13 15 
1 100 137 11 13 
1 158 31 18 18 
1 350 116 10 11 
1 78 236 11 13 
1 554 226 13 12 
