M21884.bmp 2 380 78 133 236 408 0 41 59 
M21917.bmp 2 240 118 75 74 99 7 34 34 
M21951.bmp 3 495 298 33 39 63 21 58 49 78 82 17 14 
M21968.bmp 2 405 104 45 40 454 279 57 72 
M22011.bmp 3 534 337 38 63 140 281 42 74 185 318 28 63 
M22045.bmp 3 562 358 38 42 524 81 24 19 397 354 26 22 
M22076.bmp 4 459 157 35 34 127 322 18 23 135 303 24 22 107 250 33 34 
M22097.bmp 7 221 118 88 74 271 204 64 71 457 52 20 21 403 41 29 30 211 60 35 31 362 184 45 58 213 211 40 57 
M22157.bmp 3 123 271 49 46 180 267 24 21 32 371 35 29 
M22192.bmp 4 418 256 24 28 136 113 22 21 187 242 15 18 563 66 25 27 
M22227.bmp 3 181 131 35 33 383 14 85 91 286 319 32 32 
M22251.bmp 3 56 271 99 101 351 366 43 31 422 179 32 34 
M22278.bmp 5 77 321 23 28 361 143 16 18 494 151 42 38 177 236 34 34 447 347 18 17 
M22310.bmp 2 138 206 34 32 497 266 31 32 
M22338.bmp 1 461 271 55 48 
M22368.bmp 2 233 364 45 36 73 284 17 21 
M22403.bmp 2 274 130 36 32 448 97 76 119 
M22424.bmp 3 297 288 24 20 317 329 23 17 474 28 25 19 
M22444.bmp 1 213 0 387 191 
M22494.bmp 2 164 274 49 46 239 312 39 35 
M22517.bmp 2 381 179 58 60 409 112 22 24 
M22541.bmp 1 483 211 45 36 
M22573.bmp 4 199 270 25 17 390 111 24 22 532 243 35 40 568 65 27 29 
M22621.bmp 5 252 55 87 72 49 137 38 32 245 0 36 27 563 180 21 26 29 38 36 31 
M22650.bmp 2 91 109 20 19 546 122 38 29 
M22681.bmp 3 129 205 26 28 4 46 14 17 64 228 23 24 
M22714.bmp 4 272 1 27 32 155 0 54 14 220 335 27 26 282 125 26 30 
M22751.bmp 3 9 3 64 68 291 171 41 49 479 282 25 22 
M22785.bmp 3 411 108 22 29 376 78 31 34 0 42 19 27 
M22813.bmp 4 344 217 32 28 327 0 29 10 362 303 23 22 381 141 24 27 
M22848.bmp 6 25 108 23 25 408 122 21 24 537 170 23 25 436 271 21 25 545 93 14 19 575 68 21 22 
M22878.bmp 1 443 8 35 41 
M22903.bmp 2 185 0 28 16 206 26 16 21 
M22963.bmp 3 441 207 23 27 410 94 28 26 432 114 22 24 
M22991.bmp 7 286 81 20 35 268 379 43 21 265 53 15 22 279 46 12 15 283 60 13 17 155 109 18 20 44 108 16 29 
M23026.bmp 3 0 29 32 50 0 12 22 27 44 51 22 20 
M21882.bmp 6 287 374 45 38 579 54 36 51 270 295 58 56 193 0 37 19 522 9 62 61 379 118 58 58
M21912.bmp 6 385 295 68 66 116 252 65 62 297 4 41 40 0 347 12 22 1 287 11 35 216 192 41 37
M21949.bmp 6 571 1 34 31 39 258 41 45 60 135 70 74 108 75 51 51 379 187 27 31 363 13 28 29
M21967.bmp 5 572 205 48 108 58 169 290 263 231 76 68 68 228 0 64 23 573 39 59 74
M22009.bmp 7 532 56 80 95 523 298 31 29 534 378 24 24 433 184 48 52 110 368 65 44 357 362 40 42 576 2 29 29
M22043.bmp 4 95 189 146 162 7 331 41 38 65 376 43 32 121 373 61 35
M22073.bmp 4 422 2 190 404 39 151 30 30 172 6 42 36 164 40 31 31
M22095.bmp 5 576 147 40 57 292 103 42 41 98 184 47 45 142 356 35 36 65 132 32 32
M22121.bmp 10 0 209 38 46 0 189 18 35 286 32 48 46 302 66 54 53 386 107 33 35 358 14 81 80 500 326 29 30 126 119 27 26 60 160 35 35 29 227 52 49
M22155.bmp 9 277 103 35 31 207 22 33 34 146 18 38 36 123 110 31 30 85 206 27 27 9 212 36 38 86 365 36 34 326 164 32 30 440 0 41 19
M22191.bmp 7 570 372 29 30 545 200 24 28 373 188 38 39 374 8 28 27 241 38 30 30 176 62 23 22 52 21 27 28
M22218.bmp 7 222 71 32 35 25 50 54 51 297 1 21 15 466 139 45 47 25 265 49 48 250 319 19 19 199 293 34 35
M22250.bmp 5 371 343 43 43 37 214 35 37 546 14 46 48 359 1 26 18 0 0 30 17
M22276.bmp 7 343 283 28 31 299 82 343 346 168 332 48 46 368 1 57 33 355 39 21 23 392 264 13 14 392 274 12 13
M22303.bmp 7 1 161 25 55 519 49 46 45 434 173 37 40 159 202 24 26 136 40 46 46 152 1 50 44 0 28 20 34
M22337.bmp 10 332 155 17 17 336 173 16 18 318 242 22 23 491 164 19 20 397 84 20 19 176 353 24 26 75 176 27 28 255 0 32 14 498 232 27 28 373 274 37 35
M22365.bmp 6 76 1 54 11 1 323 48 76 5 139 33 34 279 128 37 35 312 33 29 29 416 290 34 33
M22401.bmp 10 0 128 12 33 0 5 33 36 564 9 24 24 347 61 28 28 44 9 29 31 54 33 17 18 68 26 26 28 44 97 23 24 310 209 20 22 193 361 32 31
M22422.bmp 7 0 53 9 22 9 367 35 34 454 288 39 42 505 98 31 31 498 11 32 32 332 182 28 27 45 157 17 18
M22443.bmp 7 189 295 30 34 148 318 49 48 113 131 46 46 229 29 22 23 211 20 23 22 266 0 31 15 362 34 28 28
M22458.bmp 9 209 111 28 29 82 287 28 27 562 117 21 22 580 110 16 16 69 1 26 19 8 218 21 23 76 312 22 21 22 383 25 18 124 140 48 48
M22493.bmp 11 566 363 34 34 551 102 38 37 32 310 105 86 57 2 38 32 271 128 19 19 60 177 33 34 105 181 26 26 179 169 22 22 394 324 24 23 392 232 75 75 212 71 26 26
M22515.bmp 10 65 211 24 25 15 223 26 28 452 231 29 31 477 77 24 27 442 48 23 26 509 18 37 37 577 133 28 41 589 348 20 41 274 382 21 20 88 156 22 25
M22540.bmp 10 134 139 39 42 134 192 31 33 100 213 41 41 11 165 25 27 194 13 32 32 339 247 28 26 315 233 26 25 438 218 21 24 561 14 23 24 198 94 19 22
M22571.bmp 7 261 296 13 13 221 324 19 20 139 350 21 23 555 277 22 25 488 53 17 17 390 1 39 18 346 0 47 26
M22620.bmp 16 169 256 21 21 157 265 17 18 0 192 22 58 582 382 15 18 569 388 17 18 582 239 20 23 378 270 11 13 206 179 38 41 290 98 17 16 283 115 20 21 319 124 20 21 322 142 17 18 357 172 27 27 355 150 29 30 415 98 39 40 451 11 36 38
M22643.bmp 7 372 77 49 51 329 173 49 55 379 207 36 38 228 232 36 40 95 147 44 44 0 263 27 40 317 29 34 37
M22680.bmp 9 500 115 44 44 109 347 30 32 186 277 17 18 208 298 29 32 568 77 22 24 259 194 31 30 137 93 19 19 62 333 20 21 114 346 26 28
M22713.bmp 16 56 254 18 19 15 260 23 21 10 46 16 16 267 25 19 18 302 20 17 16 301 100 24 24 449 108 17 19 514 158 22 21 403 307 27 28 408 339 24 25 272 370 27 27 324 367 21 23 338 335 19 20 353 386 29 22 244 249 14 14 125 141 24 23
M22750.bmp 26 19 21 17 17 21 36 18 18 251 334 22 23 208 336 19 20 125 326 17 19 81 102 16 17 129 25 16 16 119 14 16 17 405 67 37 35 476 161 39 40 259 176 37 36 510 214 24 26 556 209 30 32 346 4 22 21 131 254 17 19 130 284 18 19 99 199 15 16 101 213 14 15 133 287 20 22 72 9 21 22 13 0 25 16 511 0 45 22 570 0 28 11 421 188 20 21 424 166 22 22 463 198 25 27
M22782.bmp 11 275 1 40 25 280 26 36 34 305 11 32 32 158 146 86 87 560 68 27 26 87 20 22 24 32 0 27 18 473 252 24 24 512 283 19 19 518 270 15 17 553 18 22 21
M22811.bmp 10 419 275 33 35 369 72 65 71 372 33 23 26 365 17 23 24 386 6 33 36 471 6 71 72 536 148 46 52 572 177 21 22 510 246 20 21
M22847.bmp 11 403 115 21 22 348 147 22 21 346 170 16 19 372 210 19 18 349 342 12 14 276 357 21 23 272 156 22 22 57 184 16 17 68 172 17 18 524 15 20 21 216 0 28 11
M22877.bmp 10 541 124 23 27 414 295 21 25 423 214 27 26 216 334 47 46 89 112 25 28 88 323 25 24 83 345 27 26 17 257 28 26 518 99 24 23 528 109 22 23
M22902.bmp 10 453 299 32 33 290 222 113 108 156 24 44 43 52 0 68 42 136 83 35 35 565 200 19 19 295 28 31 35 158 270 18 18 61 365 17 16 399 281 46 45
M22961.bmp 8 197 350 29 30 287 322 66 63 440 292 34 34 292 3 34 33 109 113 36 38 116 207 18 19 383 362 25 23 385 382 26 22
M22988.bmp 16 542 278 95 133 539 72 54 56 383 42 24 24 384 29 22 22 340 31 30 31 294 39 20 18 164 14 15 14 111 25 18 18 454 2 25 24 218 11 22 20 249 24 24 26 141 312 33 31 318 290 28 30 465 296 20 21 89 100 13 12 3 368 27 27
M23014.bmp 15 506 261 57 62 213 309 32 37 207 210 31 30 216 191 21 20 232 195 29 27 252 66 23 23 245 40 19 18 243 52 18 18 208 1 52 28 455 42 17 20 441 56 19 18 66 117 18 18 491 371 28 32 517 363 29 30 562 378 26 28
M23057.bmp 18 116 251 22 23 124 269 18 20 126 282 16 18 470 249 35 37 493 275 20 24 483 108 38 36 308 16 23 24 30 0 31 15 3 2 20 20 0 284 19 48 149 217 22 24 161 204 25 29 438 0 17 12 438 11 13 14 1 213 42 48 537 377 31 23 263 287 20 21 280 302 26 27
M21941.bmp 1 45 78 49 54 
M21963.bmp 6 414 97 28 37 388 19 25 31 414 14 34 34 119 1 23 23 237 145 52 51 162 262 59 64 
M22006.bmp 6 459 83 26 27 291 39 26 38 323 249 44 57 277 155 30 33 207 12 67 67 92 131 90 86 
M22038.bmp 7 130 149 22 20 389 93 24 30 544 10 28 32 256 149 19 16 218 252 18 19 0 97 31 29 515 101 32 25 
M22069.bmp 9 517 110 15 25 133 131 24 24 156 21 16 17 71 47 12 19 161 286 23 25 463 245 22 19 533 226 18 21 96 124 17 25 343 249 12 18 
M22091.bmp 4 110 84 15 22 218 70 21 18 365 379 35 21 77 225 66 68 
M22118.bmp 1 224 147 18 20 
M22153.bmp 3 207 32 28 29 322 326 21 24 94 81 18 24 
M22189.bmp 6 226 42 23 22 452 101 25 25 322 57 30 18 546 180 25 33 209 35 18 19 256 333 17 29 
M22210.bmp 1 206 321 27 27 
M22245.bmp 6 215 205 25 38 553 134 29 36 445 92 30 36 495 140 27 38 25 49 22 26 3 31 23 22 
M22271.bmp 4 24 308 13 20 228 176 23 30 261 28 23 26 441 273 18 25 
M22298.bmp 4 424 168 25 23 157 320 24 23 42 207 25 29 487 164 19 19 
M22326.bmp 7 350 299 44 55 518 204 34 32 288 152 23 24 90 0 26 16 228 334 55 28 434 145 21 21 418 39 14 16 
M22353.bmp 2 358 350 29 11 557 31 27 55 
M22394.bmp 4 294 78 20 18 254 67 22 21 479 166 21 18 325 54 20 21 
M22418.bmp 4 149 316 22 26 495 191 27 28 347 230 19 19 200 269 24 22 
M22440.bmp 8 62 270 17 17 389 237 71 71 237 130 24 24 282 234 18 18 319 180 17 17 446 149 18 19 23 134 18 31 146 329 14 14 
M22456.bmp 14 0 2 12 18 20 187 29 29 114 161 16 17 108 300 21 20 84 301 20 22 216 189 22 23 232 343 24 17 414 53 14 14 448 64 15 17 567 16 16 16 272 277 19 19 385 110 13 14 174 260 20 20 334 300 18 18 
M22489.bmp 8 382 84 25 25 120 164 20 20 152 245 22 22 22 8 22 23 252 217 51 51 272 209 20 20 169 130 25 26 520 78 18 19 
M22510.bmp 7 206 52 21 21 52 65 29 28 284 178 41 41 236 204 59 58 486 80 25 25 439 96 37 37 557 82 18 18 
M22537.bmp 4 119 195 21 22 269 307 51 51 522 244 19 19 277 253 21 21 
M22569.bmp 8 40 100 15 16 85 76 15 15 70 119 22 22 415 36 19 19 215 85 20 20 374 192 19 19 360 75 18 18 522 155 24 25 
M22613.bmp 7 47 15 27 27 109 313 17 17 507 110 44 44 148 159 20 21 261 133 19 19 185 268 17 17 450 199 23 25 
M22633.bmp 5 39 20 26 26 331 284 23 23 268 38 26 26 445 342 23 23 451 71 17 17 
M22674.bmp 8 63 212 15 15 227 118 30 30 253 152 26 26 162 320 24 24 440 113 44 44 372 66 16 16 508 206 13 13 161 200 27 27 
M22706.bmp 12 228 138 23 22 19 40 16 16 361 86 26 24 385 81 22 22 408 40 17 17 326 138 27 27 327 122 32 31 458 30 18 18 198 328 28 28 364 53 20 20 28 323 74 37 412 119 24 24 
M22747.bmp 5 348 155 38 42 530 106 32 33 74 229 26 27 316 275 17 16 251 58 16 16 
M22777.bmp 9 110 228 20 20 119 205 19 20 210 189 23 23 395 79 30 31 505 19 20 19 339 115 24 26 406 254 20 21 442 333 0 0 538 1 43 62 
M22806.bmp 9 60 93 14 13 297 91 20 20 314 110 17 18 303 151 18 18 344 18 22 21 420 177 23 23 485 307 17 17 430 273 13 14 444 279 26 25 
M22835.bmp 2 271 306 16 16 456 152 21 21 
M22871.bmp 10 10 136 18 19 37 24 25 24 90 95 19 19 127 255 17 17 165 237 27 27 341 281 21 21 553 50 19 20 463 14 35 35 532 258 11 11 563 272 15 15 
M22899.bmp 14 152 95 102 102 114 139 20 24 50 318 14 16 404 288 29 29 347 298 28 28 488 198 68 67 463 135 33 32 365 231 15 19 319 224 17 17 154 240 19 20 321 65 20 21 354 330 25 24 413 148 16 17 359 32 20 20 
M22954.bmp 11 28 125 13 13 140 98 43 43 242 52 20 20 252 43 25 25 470 253 15 17 337 153 14 14 386 228 13 13 466 134 30 29 359 290 38 38 436 134 15 15 128 322 20 21 
M22981.bmp 4 39 291 33 33 418 68 19 19 354 128 18 18 348 169 18 18 
M23010.bmp 12 59 57 19 21 81 99 20 19 137 9 17 17 264 182 25 25 395 250 23 24 285 285 15 15 419 260 20 20 462 79 31 31 407 313 12 13 566 306 16 16 378 116 14 15 178 198 12 13 
M23056.bmp 11 5 78 26 26 41 96 21 21 56 119 15 15 156 74 21 21 80 307 18 18 87 338 23 21 513 324 21 20 169 193 18 18 263 91 20 17 14 183 15 15 34 198 15 17 
M21882.bmp 4 447 191 18 27 515 203 33 22 551 80 21 28 556 63 20 25 
M21907.bmp 9 13 109 19 24 45 251 27 31 385 222 52 73 490 41 14 26 538 340 26 21 432 198 20 22 550 116 29 37 388 25 16 30 470 193 25 22 
M21878.bmp 3 262 265 71 69 7 156 96 94 383 116 26 27
M21906.bmp 3 80 245 80 81 570 87 21 22 460 287 100 71 
M21940.bmp 1 467 381 20 19  
M21962.bmp 1 217 31 237 219  
M22068.bmp 1 157 375 15 13 
M22089.bmp 2 516 142 84 89 575 342 18 20 
M22149.bmp 3 267 368 32 31 224 268 59 61 146 372 71 28 
M22187.bmp 1 564 151 36 126 
M22206.bmp 2 518 4 82 265 357 362 51 38 
M22269.bmp 5 543 134 13 20 549 239 37 37 545 199 32 36 475 369 35 31 564 339 36 61 
M22292.bmp 1 571 55 29 34 
M22350.bmp 4 454 363 93 37 524 342 76 58 22 281 220 119 416 387 57 13 
M22389.bmp 5 0 167 87 122 216 0 201 74 340 346 26 28 460 124 26 27 0 359 19 29 
M22417.bmp 2 578 327 22 24 552 383 41 17 
M22438.bmp 10 365 79 70 65 258 84 74 84 149 297 93 79 288 230 40 35 267 201 46 46 72 160 36 35 70 112 47 41 234 54 48 40  366 80 54 50 277 184 21 19 
M22455.bmp 3 280 130 16 16 291 113 11 13 263 126 11 13 
M22487.bmp 10 221 364 54 36 276 364 77 36 175 344 52 50  270 318 45 40 559 315 29 32 90 170 48 55 133 162 28 29 216 39 25 24 290 239 20 19 370 66 24 20 
M22508.bmp 8 352 7 224 198 526 248 68 50 454 345 62 49 0 198 43 79 113 220 85 91 580 62 20 35 46 219 39 35 326 47 19 14 
M22531.bmp 17 108 84 46 45 101 60 38 39 93 168 47 48 182 135 48 49 225 63 42 39 291 60 52 54 329 18 66 64 338 56 64 66 270 0 68 49 108 24 72 61 30 0 89 49  219 7 22 20 229 20 21 19 190 17 22 20 181 4 19 16 244 170 28 21 246 196 25 22 
M22610.bmp 6 0 189 86 135 393 301 68 66 318 338 98 62 542 37 49 44 400 149 32 31 427 265 29 29 
M22632.bmp 5 35 352 98 48 275 254 102 97 35 278 41 44 332 138 22 21  0 21 52 49 
M22672.bmp 5 76 198 99 91 494 6 35 38 247 100 35 42 278 291 25 29 214 146 41 40 
M22746.bmp 2 277 186 57 52 298 0 148 85 
M22776.bmp 2 28 78 280 254 153 246 46 44 
M22805.bmp 1 335 100 24 20  
M22831.bmp 2 407 100 34 32 135 45 27 28 
M22870.bmp 1 95 98 150 158 
M22897.bmp 2 562 210 38 50 484 294 108 103 
M22949.bmp 2 287 294 59 57 426 321 33 32 
M22980.bmp 1 453 107 21 20 
M23008.bmp 3 58 301 37 30 343 74 33 30 136 219 30 31 
M23053.bmp 3 370 60 24 23 21 83 19 20 21 37 25 20 
M21869.bmp 3 26 169 33 32 444 355 31 29 251 35 28 29 
M21882.bmp 3 267 258 40 40 446 72 33 32 204 319 33 34 
M21900.bmp 3 342 208 34 37 0 320 35 34 372 250 29 29 
M21960.bmp 5 123 82 47 50 464 41 33 32 9 324 40 39 486 228 21 25 269 127 36 35 
M21982.bmp 4 344 81 30 30 260 116 34 32 312 310 43 43 516 209 40 42 
M22024.bmp 3 198 238 33 32 501 268 47 49 522 75 42 42 
M22065.bmp 3 372 229 38 39 427 143 39 37 363 276 35 35 
M22087.bmp 3 219 106 54 54 204 174 44 45 385 118 51 53 
M22137.bmp 3 85 50 31 30 70 242 32 32 187 48 52 55 
M22184.bmp 2 287 36 38 38 167 128 37 37 
M22203.bmp 3 48 81 35 36 264 189 31 32 179 170 32 30 
M22236.bmp 3 45 209 40 40 174 72 29 29 155 200 36 38 
M22262.bmp 4 412 249 30 32 295 19 48 45 485 164 30 30 118 122 26 26 
M22288.bmp 2 320 243 27 26 113 0 27 27 
M22321.bmp 5 136 20 35 38 116 247 54 55 304 10 37 40 488 128 37 41 179 176 31 29 
M22347.bmp 5 115 19 25 28 66 170 32 32 403 109 31 33 261 284 28 28 217 111 28 29 
M22382.bmp 5 305 85 31 30 472 95 52 49 316 195 38 40 233 167 29 30 5 147 46 45 
M22414.bmp 3 170 250 31 38 468 259 33 35 285 89 27 25 
M22434.bmp 2 436 191 35 39 35 0 31 31 
M22453.bmp 3 150 166 34 35 90 318 37 36 202 56 38 35 
M22481.bmp 3 279 193 35 32 402 270 33 31 192 277 34 34 
M22504.bmp 3 383 324 29 30 550 133 30 29 105 168 35 34 
M22527.bmp 2 185 260 26 27 31 299 26 28 
M22560.bmp 3 131 119 34 33 502 187 32 35 15 65 37 31 
M22603.bmp 3 223 65 51 51 275 281 58 52 523 135 44 48 
M22629.bmp 5 441 105 36 40 86 217 48 45 185 111 31 33 368 212 34 34 339 1 27 29 
M22668.bmp 3 235 295 29 27 304 24 35 37 173 220 38 35 
M22737.bmp 3 453 228 34 34 402 272 31 31 344 45 28 29 
M22770.bmp 1 138 17 49 47 
M22798.bmp 4 442 70 38 40 272 310 36 34 36 207 45 43 392 226 29 30 
M22823.bmp 1 53 167 51 51 
M22895.bmp 2 198 133 35 37 110 258 46 54 
M22945.bmp 3 397 218 56 57 409 17 40 41 17 51 69 69 
M22976.bmp 1 348 152 29 25 
M23004.bmp 3 117 186 26 26 50 40 36 36 353 94 41 42 
M23045.bmp 3 91 321 23 25 477 236 35 36 297 109 29 28 
M22435.bmp 57 499 117 15 16 453 162 15 14 461 140 11 12 425 149 15 14 549 157 9 9 373 157 17 18 339 124 13 15 376 179 12 13 356 192 8 8 275 178 10 10 261 168 11 12 289 198 10 10 288 215 8 11 299 220 9 10 293 231 9 8 312 237 7 7 296 242 6 7 98 45 10 7 65 74 9 7 32 326 10 9 30 281 12 13 120 261 8 7 129 278 8 8 169 260 8 10 142 321 9 10 160 322 11 10 224 286 10 10 211 257 12 13 210 239 9 12 216 276 9 7 233 328 10 9 189 180 12 14 217 170 8 11 200 154 13 10 235 3 8 11 231 48 8 8 238 31 10 9 340 40 8 11 361 257 8 10 369 248 8 7 384 277 8 10 411 289 13 11 350 318 9 11 334 315 7 12 396 364 9 10 452 81 11 10 494 83 11 9 526 80 7 9 512 49 9 10 510 60 8 6 447 28 11 9 482 6 7 7 543 194 10 9 547 210 9 11 388 112 13 14 327 95 14 13 330 128 6 9 
M22454.bmp 80 111 71 6 6 89 85 9 9 96 72 7 8 106 84 6 7 110 368 13 14 137 377 11 8 111 211 11 13 195 147 9 9 176 157 7 8 123 140 9 8 146 159 8 8 138 168 6 8 5 147 10 8 21 160 8 8 28 191 9 10 179 264 8 9 178 273 8 9 197 253 7 10 188 270 7 9 177 295 6 8 179 304 10 7 183 317 12 11 194 300 7 9 237 337 8 9 255 368 6 6 258 359 9 9 240 373 6 7 243 388 9 8 275 361 6 8 291 376 9 10 466 386 7 8 464 379 6 7 472 378 9 10 486 375 7 9 479 363 11 9 536 387 13 13 520 389 11 9 517 365 13 17 532 366 10 13 538 355 7 12 496 330 21 17 238 7 7 8 219 23 6 7 220 38 5 8 211 95 9 9 222 133 8 8 260 185 9 9 223 186 10 9 249 228 6 7 253 234 9 8 263 263 10 10 243 277 9 9 271 294 10 11 281 258 11 11 290 53 9 9 268 53 10 9 287 94 10 9 289 185 9 10 292 172 5 8 303 194 9 6 316 205 10 15 340 279 5 8 343 289 10 9 315 341 12 13 308 352 9 11 389 305 12 12 438 313 10 12 486 282 5 8 501 299 6 9 489 243 7 8 393 239 9 11 317 115 8 8 352 127 9 7 366 137 6 7 380 41 6 10 428 76 6 8 460 85 10 11 552 91 9 11 459 11 10 9 473 7 7 9 
M22482.bmp 61 30 31 6 8 36 61 6 8 30 72 6 9 44 110 8 6 10 123 7 7 14 137 8 7 5 187 5 8 41 214 8 8 102 223 9 9 42 343 6 8 54 335 6 7 5 346 6 10 98 12 6 7 87 86 8 7 131 85 9 10 142 89 11 11 121 121 11 10 67 122 11 10 95 325 13 11 128 243 10 11 116 252 9 12 183 78 23 26 150 128 12 11 209 197 18 26 135 149 8 8 250 89 8 7 299 73 7 9 319 198 12 9 340 176 8 10 350 172 9 9 349 128 9 10 333 267 10 11 349 267 10 13 257 153 10 9 253 163 7 8 275 162 8 10 308 170 5 8 232 104 12 11 268 235 9 11 246 272 10 9 284 322 8 9 359 33 8 6 351 51 10 10 389 103 8 9 397 172 8 8 400 188 12 10 364 235 12 13 437 271 10 9 410 30 6 6 419 24 10 10 457 5 7 8 472 0 11 11 525 21 9 9 553 85 14 15 564 131 9 10 478 193 10 10 493 208 9 9 483 210 6 11 518 197 7 8 534 207 9 11 460 71 10 14 
M22507.bmp 21 291 166 14 12 309 263 18 19 357 260 8 7 368 278 18 24 362 344 10 10 362 330 7 8 394 1 16 11 403 10 8 8 403 19 7 7 425 15 6 8 416 105 13 18 431 138 10 7 407 86 10 12 445 74 9 9 476 77 9 10 537 81 8 11 489 31 9 10 513 1 9 9 553 13 12 12 471 56 9 9 524 201 17 16 
M22530.bmp 50 52 197 21 21 75 174 13 16 91 185 13 13 79 206 9 9 10 291 18 18 3 309 23 22 117 157 9 10 149 186 10 10 82 337 8 10 92 248 7 9 148 272 10 11 146 313 11 13 180 50 11 7 196 24 7 9 250 67 8 10 181 275 11 10 234 277 12 13 259 276 12 13 243 213 8 9 247 340 7 9 260 345 8 10 303 326 9 12 372 224 10 12 363 186 9 8 360 199 8 8 396 218 9 9 387 224 11 12 385 207 8 9 458 64 7 7 461 69 9 8 333 1 16 13 359 29 8 7 351 71 9 10 367 124 12 8 461 133 7 9 469 194 11 11 505 101 12 12 536 100 12 12 553 85 10 11 530 201 9 10 541 257 10 12 489 255 9 9 481 279 9 9 483 267 8 8 513 277 7 6 560 290 11 11 536 338 10 10 501 313 6 8 460 344 9 9 441 306 12 9 
M22564.bmp 65 34 5 10 13 6 55 11 14 39 37 8 13 48 52 8 12 40 91 8 9 124 13 10 12 113 2 10 7 109 35 8 8 58 6 6 8 0 296 16 14 36 309 7 9 48 334 10 6 39 335 9 9 110 243 10 11 55 252 12 11 76 278 10 13 104 267 13 11 117 276 11 11 102 53 11 13 94 77 8 9 151 102 9 6 245 154 10 14 197 195 10 13 202 193 7 7 219 72 9 12 224 56 9 10 205 31 11 13 158 19 11 10 165 32 8 9 185 18 8 9 180 3 8 11 181 130 11 11 205 284 9 9 205 176 8 7 230 181 5 6 213 193 6 8 264 201 9 7 319 275 10 9 387 276 5 8 543 151 11 15 320 17 9 9 310 27 8 7 386 1 8 9 374 118 8 9 260 58 9 11 515 299 10 10 485 132 10 13 427 48 8 10 270 249 10 11 121 91 9 9 254 87 9 10 447 191 12 11 527 177 10 10 536 188 10 10 457 39 7 6 459 52 8 8 540 44 8 7 438 92 10 10 173 323 10 9 20 150 6 8 62 183 11 11 90 94 9 9 100 114 9 10 344 153 9 11 458 335 10 11 
M22609.bmp 38 127 328 10 9 107 342 7 7 116 297 7 9 132 317 7 7 78 132 11 14 93 94 7 9 79 70 11 13 121 53 10 11 164 64 10 16 155 224 8 8 155 239 8 7 141 246 7 8 130 298 7 9 155 319 6 9 164 305 7 10 177 307 6 11 188 319 6 10 99 134 8 9 227 354 8 10 219 291 15 22 270 266 10 12 315 316 16 14 270 90 11 13 351 156 7 9 405 250 8 9 392 245 9 11 390 198 12 13 381 131 11 14 574 250 9 9 559 252 10 10 563 277 12 9 513 278 13 10 485 255 10 13 413 168 14 12 445 270 12 12 485 15 6 9 457 18 9 11 273 192 10 11 
M22630.bmp 106 1 27 10 11 26 22 12 19 66 5 8 8 44 151 9 10 74 73 9 11 73 84 9 12 83 137 10 9 105 115 7 8 105 136 9 8 77 169 9 10 72 180 8 11 30 195 8 8 11 231 9 11 6 218 16 16 35 278 9 12 10 320 18 21 69 228 9 9 78 257 14 13 66 264 8 9 46 260 11 9 112 146 12 15 120 210 10 12 124 182 8 11 118 287 10 8 160 323 10 12 146 317 9 9 143 333 9 9 184 253 6 8 198 245 7 9 206 236 8 8 221 224 8 9 221 259 9 12 186 273 8 10 243 323 9 8 221 321 8 10 204 316 7 8 207 328 7 8 160 123 10 11 198 164 13 20 177 153 7 8 152 144 6 8 283 25 10 9 338 53 8 10 320 98 13 15 315 186 11 12 307 227 15 15 218 119 12 19 190 91 9 11 243 168 11 11 279 164 8 10 265 0 11 4 392 188 12 13 355 262 13 17 341 267 8 12 322 258 11 13 376 338 11 13 370 301 14 14 383 345 24 19 427 270 8 8 434 277 9 8 454 287 10 12 470 297 18 21 432 288 9 10 566 333 7 9 543 301 10 11 554 284 10 11 521 281 12 11 371 36 12 12 375 17 6 8 363 1 15 17 353 16 8 9 338 27 10 10 334 40 10 6 321 49 10 13 338 9 7 6 392 68 12 16 358 282 11 10 449 194 9 11 506 7 16 15 507 33 12 15 535 52 11 13 550 63 9 15 392 121 13 12 433 112 9 11 431 20 10 13 474 111 18 18 445 119 15 18 479 185 13 13 472 227 10 15 470 264 10 12 503 287 6 9 506 300 10 7 571 300 10 11 556 257 9 11 547 263 10 10 551 210 9 12 550 164 13 13 505 137 8 9 531 182 8 9 547 87 9 12 560 133 7 9 533 152 9 10 534 252 9 10 197 275 8 7 303 105 11 12 472 329 13 15 
M22669.bmp 92 23 24 9 13 30 17 10 13 12 36 8 9 14 52 7 6 20 46 6 5 2 69 7 8 22 147 8 8 38 151 7 8 16 188 9 12 48 203 15 18 41 171 12 12 72 231 11 10 99 332 10 10 126 310 9 10 158 311 9 10 174 308 15 19 187 332 17 18 0 0 0 0 83 212 12 12 44 118 9 11 76 137 9 10 60 82 11 10 98 276 11 11 156 264 10 11 151 277 10 15 200 301 11 10 157 247 11 10 167 250 11 12 169 260 13 12 216 260 7 6 144 219 6 6 198 233 8 10 110 307 7 8 94 195 7 11 98 191 10 10 74 4 8 10 97 12 7 10 68 33 6 6 87 34 11 11 125 79 7 9 144 21 8 9 43 315 12 10 15 317 7 10 25 318 10 11 199 115 12 13 191 90 10 12 225 26 8 8 163 168 9 9 245 70 11 11 399 16 9 9 493 16 12 13 477 92 9 14 484 102 17 25 339 233 17 21 325 221 8 11 295 257 10 13 500 177 17 16 436 315 11 9 403 318 10 11 402 306 5 9 450 331 9 9 475 337 6 8 515 351 10 11 364 325 9 10 439 40 8 10 343 73 9 9 311 112 13 17 299 153 8 10 279 165 6 10 311 162 9 8 259 44 11 8 253 49 9 7 233 74 7 9 200 159 12 10 204 145 10 12 259 223 11 13 303 204 11 11 351 178 10 8 395 109 8 11 457 72 8 7 557 120 9 11 530 234 9 9 543 236 8 10 440 181 11 12 459 186 8 10 449 216 12 12 532 25 8 10 523 39 8 10 487 36 11 10 487 48 10 11 488 342 11 10 184 38 11 11 
M22699.bmp 27 46 101 11 11 111 63 9 12 166 143 10 10 485 246 11 12 541 241 12 13 251 161 21 21 253 126 12 14 278 145 15 13 280 202 11 12 235 169 7 11 259 223 13 11 258 206 12 13 526 8 9 10 549 0 7 8 572 16 12 12 542 40 11 11 394 44 11 12 393 30 14 15 423 23 8 10 224 96 21 22 466 62 16 14 309 145 15 14 361 161 12 10 451 143 16 13 451 169 10 9 451 193 13 14 430 219 9 10 
M22741.bmp 58 33 97 10 9 45 102 7 7 16 98 11 10 29 187 19 19 108 349 10 10 106 302 11 13 84 30 12 13 76 57 12 11 119 65 7 10 144 17 8 9 112 22 8 7 98 92 7 8 115 104 7 6 116 122 10 11 105 119 14 13 136 130 8 9 151 156 9 9 155 98 10 10 150 88 10 9 175 192 9 9 160 290 15 14 134 92 6 10 130 70 5 7 178 5 10 8 219 53 9 8 245 64 13 14 263 179 9 8 258 203 8 7 252 231 8 9 243 242 11 13 258 283 19 18 276 238 16 26 304 264 16 18 307 305 12 21 287 306 14 23 318 215 12 15 336 218 22 23 376 338 7 7 377 319 9 8 319 28 16 30 399 20 9 11 333 159 13 15 329 348 10 11 424 219 7 10 570 286 7 10 532 262 11 24 544 130 10 11 563 176 12 9 565 124 8 10 556 181 8 9 561 188 10 11 564 224 10 9 526 220 7 10 519 134 8 8 465 65 10 12 499 281 9 8 398 133 8 10 389 140 15 15 
M22774.bmp 47 4 144 11 10 4 185 9 9 17 246 8 10 65 230 12 12 69 220 9 8 104 246 10 9 89 262 8 8 88 148 8 11 106 133 6 9 86 103 9 10 120 172 9 10 120 195 8 7 138 274 6 9 142 284 7 9 206 292 9 19 268 155 6 6 272 176 9 7 277 139 5 7 244 93 8 8 340 182 10 12 309 167 11 11 320 209 13 14 365 36 9 10 392 16 9 9 398 303 11 11 464 220 10 11 464 199 9 11 468 183 8 11 483 200 7 9 480 155 9 11 492 102 10 9 533 99 11 10 468 41 17 15 550 49 9 9 533 123 5 9 551 178 14 15 537 213 9 8 550 221 10 10 575 198 10 8 542 245 9 12 556 264 10 9 491 6 7 8 386 77 8 10 391 112 9 10 431 115 4 6 436 114 9 9 431 124 10 7 
M22799.bmp 29 7 36 10 10 7 52 8 9 18 23 10 10 11 274 9 7 25 245 9 9 13 323 14 14 93 187 12 12 45 193 12 12 32 218 10 11 65 118 12 10 204 243 13 14 280 64 8 12 305 43 13 12 106 21 10 12 296 244 7 12 386 308 11 11 342 24 9 10 299 103 7 8 328 315 8 9 459 333 16 18 516 200 9 11 474 207 10 10 435 172 9 7 531 109 14 14 125 69 7 9 109 56 11 11 197 137 9 8 417 88 10 9 445 90 7 9 
M22829.bmp 43 72 23 13 15 25 285 9 11 91 320 11 9 70 208 11 12 85 234 12 10 52 236 8 7 23 186 7 8 107 161 7 9 155 169 10 11 165 188 8 6 83 169 9 12 228 34 10 11 216 0 7 8 228 8 8 7 191 1 11 6 307 24 11 9 248 305 9 9 208 280 10 9 188 283 10 11 191 310 8 6 228 328 8 7 230 256 8 10 242 247 10 11 214 223 10 12 190 214 13 14 179 106 10 10 146 120 8 8 146 39 11 12 111 205 6 9 520 34 9 12 482 89 7 8 458 49 12 13 509 148 12 17 540 153 6 9 574 169 9 12 546 179 11 9 347 57 8 10 354 30 8 9 317 241 5 7 446 336 10 11 401 345 9 9 422 342 7 9 491 349 8 8 
M22864.bmp 63 22 311 15 16 59 315 10 12 148 41 7 7 145 138 9 9 134 115 7 9 133 165 10 9 118 148 9 10 115 165 7 9 73 180 13 10 106 215 10 9 86 189 9 10 126 239 9 8 178 238 9 10 272 233 10 10 263 222 9 10 216 242 10 9 224 234 8 9 229 82 6 7 116 20 9 10 275 277 12 11 246 302 11 8 221 332 12 14 150 325 8 11 131 318 9 7 279 5 12 17 289 90 9 11 298 106 11 13 304 122 8 9 327 149 9 9 358 177 31 34 543 137 10 10 236 121 11 10 262 88 10 11 289 140 7 11 319 174 9 10 323 203 8 7 459 224 12 10 467 206 8 8 500 181 12 11 515 150 7 7 524 169 11 11 568 174 7 9 566 187 7 7 303 301 12 13 334 318 9 11 405 218 6 7 439 125 11 10 437 109 11 11 454 109 9 8 472 151 6 8 502 197 10 10 567 39 11 10 428 7 14 12 376 37 12 7 401 60 10 9 424 76 11 10 399 84 13 10 191 87 11 8 366 267 10 10 84 340 9 10 147 355 9 10 112 354 17 11 62 333 8 10 
M22896.bmp 60 21 49 11 11 6 41 9 8 25 153 9 10 33 169 7 8 31 226 11 9 45 244 11 13 66 303 8 9 34 328 8 9 18 327 6 8 35 311 9 8 103 342 8 8 105 180 9 10 89 189 9 9 75 194 9 9 124 111 6 8 103 84 11 11 114 69 9 10 72 54 14 13 176 15 14 23 163 59 14 31 159 173 15 14 164 213 18 16 205 277 12 9 263 307 10 10 276 347 10 8 194 176 12 15 259 123 19 19 300 319 12 13 344 334 14 16 470 342 11 12 439 336 10 9 427 325 8 10 397 323 10 10 374 304 18 20 297 1 12 12 462 15 8 7 465 31 16 18 489 58 11 10 508 50 11 12 502 42 9 11 543 17 8 9 542 98 10 11 524 91 7 9 503 113 9 8 469 82 7 9 487 113 7 9 494 103 7 8 500 93 9 8 502 134 15 14 529 169 9 11 449 228 10 11 472 198 10 9 395 70 39 53 540 45 8 7 573 32 10 8 572 48 10 16 568 316 12 20 550 324 21 34 473 165 9 11 486 182 8 11 
M22946.bmp 20 549 362 12 12 393 328 10 11 290 371 11 10 345 367 10 12 590 99 8 11 518 355 10 11 549 380 9 10 429 316 9 11 421 263 12 10 571 255 5 9 557 248 10 9 517 305 10 9 350 219 11 13 353 196 11 14 275 140 13 12 428 232 11 12 433 248 10 10 436 262 10 9 454 265 10 10 482 183 10 10 
M22979.bmp 43 64 18 9 8 49 16 9 9 90 54 8 7 93 40 7 7 38 130 8 10 42 119 9 10 50 133 9 8 64 141 9 6 47 294 9 9 57 172 8 9 69 195 7 8 84 341 8 11 116 322 10 11 207 186 8 8 200 204 8 9 165 260 19 16 161 285 9 10 97 314 7 9 123 342 8 8 145 323 11 10 203 291 13 12 260 235 8 12 304 270 11 11 285 89 13 25 305 219 7 8 298 207 8 10 354 200 8 10 312 46 10 14 313 77 7 9 324 86 6 8 369 79 10 11 346 47 8 10 336 59 10 9 383 69 10 8 397 54 7 7 422 155 11 11 464 39 14 14 359 287 9 10 357 271 9 8 403 296 8 8 428 180 10 11 438 153 10 11 422 123 10 11 
M23007.bmp 20 3 22 10 11 113 37 16 16 113 74 17 22 112 116 15 17 245 352 9 10 391 151 11 14 450 261 10 13 425 53 9 9 413 53 8 13 434 61 7 10 435 51 5 9 524 119 9 11 576 301 8 13 541 271 11 12 486 293 8 11 503 278 9 8 541 347 10 10 366 336 8 7 360 306 10 9 258 290 17 28 
M23051.bmp 47 19 103 12 9 33 235 7 8 37 85 6 9 57 75 7 6 65 62 13 12 84 79 8 8 129 64 11 17 146 170 12 12 147 198 9 10 159 224 10 10 172 244 10 11 167 241 7 7 98 264 8 11 96 253 7 7 107 285 6 7 88 296 10 8 141 313 9 9 119 346 9 11 248 149 6 8 401 318 9 11 499 330 11 14 453 327 8 11 422 306 6 7 468 291 10 11 448 320 8 9 422 330 7 10 352 245 8 9 321 92 9 11 331 120 9 11 389 47 11 11 464 19 9 10 162 153 6 10 291 117 6 10 394 66 7 9 464 95 8 9 473 112 9 11 487 97 8 9 554 89 11 9 516 156 11 11 525 188 17 16 472 200 11 11 515 284 9 9 379 181 7 9 376 168 9 9 402 91 7 7 249 96 10 10 507 215 15 15 
M22088.bmp 47 3 146 7 8 13 170 7 7 14 218 9 9 30 222 7 8 28 317 9 11 42 318 7 9 20 337 11 12 112 275 10 15 134 297 8 10 139 334 60 36 79 44 7 7 153 37 10 10 141 87 10 9 132 171 8 11 92 176 9 8 177 195 8 11 197 191 6 9 193 276 9 10 159 308 7 9 230 313 7 10 219 13 7 11 169 230 9 10 244 139 8 11 303 159 7 9 248 252 6 8 307 305 13 13 310 324 11 31 285 334 14 28 395 352 11 10 388 156 27 45 476 14 11 13 468 47 13 16 406 246 15 21 521 288 10 17 363 152 8 12 352 140 9 13 540 264 9 12 528 257 8 10 573 284 10 12 559 178 8 12 489 0 27 28 497 110 10 15 490 105 6 8 480 335 13 16 421 100 11 12 457 57 8 10 457 18 8 7 
M22349.bmp 51 15 0 11 10 16 21 11 22 30 69 9 9 32 220 10 9 35 230 8 9 68 272 15 37 87 287 9 10 115 220 10 12 104 184 11 13 112 165 7 9 105 153 7 15 176 279 12 12 188 342 11 11 168 346 10 20 241 270 11 18 131 13 12 13 205 255 12 15 227 331 6 9 184 6 9 17 288 51 12 20 314 1 10 11 479 30 9 10 380 49 10 9 404 57 6 9 317 113 10 14 357 124 10 15 350 20 7 9 396 120 8 8 430 131 10 11 503 110 7 10 196 50 9 10 448 128 8 9 442 121 6 7 492 102 7 8 490 345 7 8 490 328 9 10 148 326 8 10 357 47 9 19 487 269 13 13 501 271 7 10 462 305 8 9 433 223 7 9 464 234 9 9 455 2 8 9 470 14 9 10 568 288 9 8 169 258 8 9 401 111 9 9 456 98 9 8 502 202 7 8 405 124 6 10 
M21983.bmp 11 16 367 13 9 179 386 14 12 178 375 11 10 281 275 12 11 304 89 11 12 308 309 15 15 300 348 14 14 376 1 10 11 495 270 47 69 480 364 13 13 454 391 10 8 
M21934.bmp 64 106 228 8 10 57 377 8 7 62 363 6 7 41 375 10 9 223 201 9 8 192 347 8 13 219 267 7 8 258 305 8 10 215 288 9 12 404 291 11 20 328 239 9 8 352 262 10 10 369 288 8 10 565 163 9 8 574 131 16 14 432 218 11 16 464 270 10 10 471 255 10 11 469 341 8 13 550 391 11 9 561 309 10 10 538 287 9 11 589 287 9 8 525 262 9 11 519 183 7 7 46 256 19 19 492 351 17 18 281 297 9 8 284 307 8 7 272 299 8 10 49 304 9 11 82 322 9 8 66 305 12 13 69 298 9 10 59 291 9 9 214 272 25 27 207 296 7 8 151 264 10 11 31 241 7 9 583 321 9 10 584 278 10 10 563 217 10 10 503 200 29 28 543 225 9 9 558 257 8 9 532 48 9 11 450 143 10 10 406 368 9 9 401 380 7 8 402 391 7 7 283 378 8 9 316 382 8 8 395 320 10 10 403 328 9 9 400 290 20 21 415 232 9 9 404 228 7 9 424 182 6 7 454 181 9 10 460 160 6 7 482 140 6 6 471 123 6 7 493 121 9 9 517 18 9 10 
M21882.bmp 27 560 105 18 20 293 378 22 22 432 253 31 26 548 269 16 14 304 53 11 16 238 47 13 12 254 61 13 15 219 271 14 12 518 281 11 9 365 305 12 15 325 269 12 10 375 250 17 15 476 197 16 14 525 208 22 14 543 227 20 16 519 104 11 11 500 77 13 17 488 103 13 13 451 127 14 12 241 287 15 14 365 189 20 18 368 99 10 11 365 69 12 16 402 82 9 10 437 40 20 16 527 385 24 15 496 344 21 21 
M21890.bmp 53 111 95 16 16 448 70 36 34 233 233 24 28 37 124 10 12 42 138 9 10 11 106 11 15 45 83 14 17 51 66 10 14 89 34 19 17 141 13 12 16 494 215 13 10 570 3 13 14 345 290 23 31 213 304 15 24 159 187 13 12 124 121 9 10 170 91 11 17 98 237 20 19 411 87 12 14 251 58 24 24 247 200 25 23 269 300 14 13 272 272 13 15 420 194 10 11 453 215 10 13 460 225 8 11 455 276 11 13 465 267 7 9 519 339 22 25 557 269 12 12 559 284 12 15 517 95 9 13 371 123 9 18 181 143 11 10 295 257 22 25 255 342 18 14 390 137 17 18 353 215 23 22 335 189 14 16 355 167 12 20 405 219 12 12 393 225 10 19 490 98 19 17 481 119 15 16 490 135 19 20 426 256 11 15 447 151 12 12 465 142 9 11 467 37 21 21 493 9 11 16 440 221 7 10 422 214 9 11 426 235 9 13 
M21920.bmp 29 293 337 11 12 165 139 14 16 0 0 0 0 131 195 18 19 157 170 14 18 145 88 16 18 146 58 10 13 406 141 7 10 130 241 33 25 121 306 20 24 98 319 19 31 65 246 10 13 76 233 11 22 91 215 23 22 265 169 67 74 450 89 14 18 462 90 21 17 546 191 9 14 524 202 9 12 567 233 9 11 533 350 11 9 535 58 12 10 171 12 10 15 177 3 14 15 3 53 8 15 24 57 4 12 3 234 8 15 6 327 23 37 53 341 24 21 
M21953.bmp 18 364 268 14 14 353 241 10 9 365 233 12 10 383 236 11 11 103 61 10 10 32 211 11 11 233 211 8 8 493 91 11 12 484 99 15 14 527 102 10 13 211 49 15 14 218 31 11 12 243 117 8 8 312 41 15 13 59 321 18 16 289 245 10 9 360 125 9 11 403 106 10 9 
M21973.bmp 17 15 129 15 13 16 299 27 31 96 62 14 13 58 82 31 30 140 1 18 15 154 3 19 15 227 58 10 12 230 66 19 17 158 125 21 23 124 132 32 34 302 209 32 32 256 95 18 17 166 71 19 20 501 59 30 39 351 162 18 17 413 257 22 25 417 98 86 69 
M22013.bmp 8 471 297 33 30 540 254 16 21 565 260 12 15 349 16 42 34 59 316 18 16 123 85 23 27 543 350 20 15 280 3 17 8 
M22049.bmp 29 477 207 34 30 408 203 28 26 198 192 17 19 70 230 26 21 529 207 13 13 318 279 19 18 242 244 18 19 259 244 17 22 491 52 14 13 359 167 26 23 420 134 9 8 292 76 13 10 30 225 11 15 18 306 15 18 49 330 10 14 0 275 14 22 170 268 21 18 185 305 20 21 396 237 12 10 423 263 8 7 245 326 10 9 242 309 15 14 223 65 13 12 508 47 15 15 398 191 21 20 49 76 13 14 291 48 16 16 308 48 11 13 224 303 27 20 
M22082.bmp 78 61 162 14 17 317 88 9 10 319 122 13 12 352 89 7 9 364 82 13 18 407 117 9 7 388 164 9 8 378 191 8 7 363 221 13 13 401 184 7 8 282 226 6 7 294 224 7 9 438 45 9 13 448 48 10 12 512 37 11 10 491 104 9 10 12 277 14 15 26 150 9 10 44 136 13 10 48 145 9 12 49 103 11 12 56 118 9 10 50 307 12 9 50 326 6 9 85 340 14 13 124 336 10 12 121 262 14 12 134 283 10 11 283 296 10 11 192 242 12 12 342 318 14 14 473 334 11 11 495 329 8 10 512 337 11 10 500 327 12 12 537 272 13 12 571 286 16 17 547 312 10 12 487 297 12 11 472 201 12 13 494 203 21 18 457 166 11 9 465 135 15 15 475 148 13 11 533 100 13 12 516 103 12 13 522 117 10 10 543 120 14 16 540 63 8 10 561 76 8 7 556 59 9 9 532 55 10 10 549 73 8 10 556 39 8 10 566 35 6 13 483 2 14 7 237 37 9 10 279 39 11 11 299 23 11 7 295 38 10 13 297 100 20 18 244 127 8 11 231 116 10 8 204 348 18 17 188 340 10 11 377 352 17 15 42 43 12 12 4 249 11 12 67 200 8 9 73 184 8 9 280 54 14 14 316 204 28 31 445 148 32 27 466 306 8 9 472 301 5 5 466 324 9 9 518 250 10 10 512 231 10 12 
M22125.bmp 38 252 2 40 34 499 339 37 25 169 67 35 33 47 47 25 25 19 6 44 28 40 11 13 11 3 66 12 15 28 325 26 14 33 325 21 22 69 277 22 25 97 245 32 31 431 205 10 11 427 319 9 12 364 294 10 9 373 305 9 9 467 198 16 16 497 192 9 9 524 207 12 12 523 68 15 17 532 75 12 12 515 59 11 10 557 59 12 10 549 45 9 9 438 155 28 27 437 122 10 12 418 134 12 13 444 133 9 11 455 137 20 15 364 162 9 12 361 76 14 13 380 52 15 11 408 14 10 10 370 99 21 19 312 176 9 10 128 38 10 11 72 80 10 11 12 44 10 12 46 223 11 11 
M22171.bmp 32 194 163 10 14 101 171 10 9 41 91 11 12 55 14 15 16 83 31 7 7 52 51 9 8 27 117 7 9 29 133 6 7 68 190 9 7 54 181 7 9 65 229 8 9 36 278 9 10 13 287 9 10 50 268 8 9 88 289 12 10 89 263 8 9 96 259 10 11 156 4 10 8 179 0 16 15 287 246 16 15 268 180 15 18 298 237 9 10 233 244 17 12 260 236 9 10 276 223 10 9 367 176 18 17 375 224 11 10 423 306 25 22 461 325 16 22 515 348 18 12 537 335 16 13 276 120 11 8 
M22193.bmp 33 385 21 15 16 351 18 14 14 416 66 11 11 451 81 10 8 399 82 30 29 561 76 9 11 525 143 11 11 509 152 9 13 523 166 14 10 507 152 14 13 533 216 8 11 542 120 11 14 547 290 10 12 80 292 13 14 163 277 11 14 191 259 9 12 371 100 17 17 453 316 14 18 482 348 13 15 170 25 14 12 157 36 8 11 31 189 14 15 5 153 14 13 84 162 12 14 567 91 9 10 7 0 45 28 82 191 10 11 47 199 15 13 487 267 12 10 192 225 12 10 168 248 9 13 202 209 12 9 435 82 9 10 
M22228.bmp 3 116 0 89 31 311 0 33 20 356 190 72 69 
M22252.bmp 6 565 111 21 31 389 34 7 10 219 162 12 13 249 116 17 18 395 344 12 15 264 125 53 45 
M22282.bmp 15 551 271 30 42 259 31 21 21 386 174 6 7 412 209 12 13 436 156 17 14 435 150 8 11 518 119 11 17 501 121 9 10 1 244 10 9 72 133 9 11 558 220 14 14 520 265 14 15 220 262 8 9 224 276 9 9 528 3 21 22 
M22312.bmp 47 213 30 29 27 118 253 26 25 262 64 34 39 551 224 25 24 418 340 30 25 298 229 10 11 267 172 19 17 280 129 11 8 280 139 10 11 297 166 7 9 419 7 9 12 425 4 7 8 555 16 15 11 418 240 35 46 353 345 13 13 395 263 11 14 415 294 15 15 229 348 21 15 197 279 10 12 40 296 11 11 88 248 12 13 60 4 17 13 1 126 15 15 497 166 26 22 521 189 12 12 353 14 11 10 358 293 75 56 65 316 10 10 1 307 29 31 346 159 11 12 334 160 9 10 329 183 12 16 308 151 9 8 303 158 8 8 499 46 8 8 540 36 16 15 442 331 13 15 516 341 30 23 330 231 13 13 326 213 10 10 363 191 9 13 111 15 11 14 189 28 13 12 246 29 12 13 106 298 13 16 142 324 11 12 563 43 23 31 
M22339.bmp 9 534 162 25 30 164 163 37 33 188 137 11 13 46 180 10 10 83 104 10 13 102 100 10 11 271 124 31 38 361 196 13 10 551 272 37 65 
M22369.bmp 2 506 318 31 38 266 321 54 45 
M22407.bmp 1 81 197 131 163 
M22427.bmp 31 390 143 17 17 198 37 18 16 447 9 17 17 34 317 16 17 31 283 10 13 62 271 12 10 63 262 13 10 152 286 12 15 557 61 19 18 515 19 11 14 540 68 14 13 331 64 15 13 9 136 22 19 287 6 8 7 294 20 9 13 295 344 8 13 303 351 11 10 212 349 10 12 551 53 10 13 363 39 14 16 317 70 9 18 265 117 17 16 66 30 10 13 63 95 9 10 64 78 10 10 57 207 13 16 71 231 13 14 145 335 10 11 230 292 18 21 225 271 10 10 322 216 9 8 
M22445.bmp 8 355 340 18 17 480 332 16 18 517 326 14 15 533 343 14 19 475 126 18 13 341 194 13 12 354 207 13 11 251 89 29 25 
M22466.bmp 24 74 145 13 13 33 129 16 15 12 116 14 15 16 137 12 16 17 163 17 17 10 200 14 11 122 144 15 11 127 222 14 14 100 267 12 14 3 318 15 17 422 239 10 12 437 240 9 10 396 254 9 6 284 121 8 9 248 143 10 10 249 166 19 14 301 116 7 7 120 260 7 7 121 268 9 10 78 248 9 12 223 317 8 8 225 198 10 11 150 212 13 11 388 14 13 10 
M22495.bmp 17 47 55 139 148 263 48 28 27 243 112 13 16 255 104 9 10 259 323 16 20 326 304 20 28 492 325 30 38 389 345 24 22 394 160 15 16 427 155 8 9 455 132 12 16 524 306 20 24 517 231 14 14 554 288 9 12 112 315 10 14 136 297 10 10 130 281 14 13 
M22520.bmp 26 385 297 10 13 432 248 10 12 194 59 8 11 165 79 8 9 166 120 9 11 126 149 9 12 141 257 13 11 112 291 9 9 160 351 12 11 272 348 12 13 379 163 17 14 367 3 9 9 158 217 6 9 166 217 9 13 195 253 8 10 205 255 6 10 230 236 7 11 235 249 7 9 227 203 8 8 231 82 7 11 235 75 8 8 487 222 10 11 508 256 10 12 547 299 12 12 549 122 9 11 127 58 18 19 
M22542.bmp 40 131 135 14 15 88 227 6 8 92 235 9 11 316 152 12 13 315 122 13 12 341 134 10 10 414 194 14 15 329 193 12 14 341 183 9 10 317 217 12 13 343 218 7 9 543 196 7 10 547 188 14 11 454 144 12 10 469 117 10 10 508 122 8 10 519 102 23 24 113 53 14 15 124 345 10 14 130 241 11 10 265 130 19 17 407 109 23 19 446 333 11 11 454 274 15 14 490 270 25 30 512 226 10 12 530 163 9 14 57 111 9 8 217 225 17 15 252 230 19 14 221 56 14 12 307 312 10 9 171 345 10 10 224 335 9 12 571 143 9 10 560 126 6 12 556 145 11 9 543 158 7 9 384 165 11 11 396 185 9 13 
M22578.bmp 11 469 169 9 9 469 196 13 17 497 252 12 13 414 323 12 15 330 271 11 13 317 303 13 20 318 345 8 7 132 106 257 216 301 13 11 11 228 7 9 11 265 24 20 27 
M22623.bmp 17 0 51 50 84 103 53 31 32 413 130 51 48 163 324 55 40 88 169 18 19 176 67 30 31 295 154 55 54 380 3 14 15 318 264 58 44 432 61 11 10 431 75 20 24 382 37 7 10 353 56 9 8 340 65 7 8 363 30 10 11 507 152 10 9 530 144 23 29 
M22652.bmp 12 109 39 12 11 327 210 13 13 267 220 9 10 492 283 7 9 536 212 10 13 540 203 7 9 560 195 11 12 565 212 17 18 531 247 7 10 200 134 10 13 134 116 8 10 122 63 14 10 
M22687.bmp 16 353 142 34 39 374 106 20 22 317 351 18 10 162 106 15 15 70 103 17 17 90 100 18 15 65 118 16 18 83 121 12 12 558 14 11 13 568 36 13 17 330 216 18 17 244 159 17 12 317 244 18 16 345 21 13 12 362 9 10 11 361 69 9 15 
M22725.bmp 22 22 106 19 16 241 343 23 21 296 321 20 16 212 161 48 59 440 76 24 26 8 236 30 25 253 127 19 25 320 48 11 12 367 93 9 15 426 50 20 22 424 107 12 10 537 196 12 12 496 5 10 12 378 15 14 11 313 16 12 11 273 21 21 16 236 65 17 18 246 38 13 14 141 130 23 24 155 121 17 13 170 289 14 13 117 74 44 45 
M22759.bmp 34 261 113 16 16 277 174 15 13 116 241 63 53 108 162 19 15 129 179 16 19 208 165 16 17 562 262 26 66 357 170 14 16 302 200 14 13 229 274 13 13 253 231 11 10 331 69 30 32 374 28 13 18 364 155 9 9 392 174 11 10 384 196 9 10 411 105 14 16 188 183 17 13 30 279 13 11 416 168 9 13 361 199 10 11 3 24 35 32 108 124 11 10 403 331 11 16 439 257 22 24 484 259 8 11 545 273 14 16 546 259 12 15 556 237 13 11 550 208 6 11 558 327 19 16 475 318 20 15 509 327 29 29 413 225 8 12 
M22786.bmp 12 429 177 55 72 430 321 41 42 534 31 23 31 357 53 29 31 7 20 22 20 15 254 18 19 10 342 13 15 163 272 14 13 229 99 21 22 372 306 20 17 300 140 23 23 330 167 21 28 
M22814.bmp 29 11 294 12 11 209 110 15 14 331 87 17 15 467 56 48 47 281 350 39 14 402 237 13 15 456 245 14 14 330 301 16 14 208 181 28 29 181 255 31 26 313 127 23 27 278 50 10 8 333 59 10 12 371 69 10 12 232 269 12 13 234 284 9 9 0 161 21 22 532 315 23 28 570 311 12 15 497 203 9 11 544 172 12 14 538 135 10 8 345 199 10 10 327 226 15 10 407 211 11 11 291 223 9 11 464 302 28 28 501 315 25 29 68 66 12 15 
M22854.bmp 47 79 159 19 27 87 185 12 8 163 125 14 16 202 108 4 8 207 121 8 11 196 127 10 11 210 153 18 12 260 191 16 17 40 242 13 9 49 229 12 13 59 226 10 9 69 239 9 10 58 256 13 8 23 253 15 9 463 117 16 15 439 80 13 12 424 56 14 14 518 73 11 13 544 111 25 16 419 252 11 8 385 194 10 10 400 209 14 17 514 13 13 11 545 26 8 8 547 39 10 10 558 45 8 10 535 36 10 9 187 57 19 15 268 58 15 15 259 27 15 12 263 2 11 10 280 1 14 11 300 0 9 13 333 9 17 15 102 137 21 25 255 336 11 12 235 284 14 16 278 349 9 12 554 297 11 12 551 313 14 16 566 277 11 18 542 347 13 16 515 196 16 17 529 185 16 12 558 186 10 15 346 179 13 10 546 8 12 10 
M22882.bmp 19 563 336 20 22 423 326 13 20 312 229 19 17 340 142 11 13 370 158 9 13 371 110 13 14 386 126 7 10 357 122 9 13 544 313 20 19 567 312 13 17 542 345 16 14 345 86 13 12 286 118 12 12 94 121 8 13 92 158 8 15 109 184 4 5 111 215 6 10 16 246 7 8 20 225 12 11 
M22907.bmp 16 130 173 12 10 111 146 13 13 97 50 12 15 211 24 17 21 209 22 12 10 287 73 11 9 483 269 12 14 487 243 10 9 497 261 8 9 526 274 9 8 402 298 9 8 301 241 10 13 324 138 8 10 378 171 5 7 126 210 9 5 135 264 6 9 
M22966.bmp 10 82 2 29 21 444 8 53 48 382 11 11 10 78 291 13 9 313 119 36 30 120 145 21 15 132 170 16 19 561 271 22 27 151 303 14 16 386 94 11 12 
M22992.bmp 14 528 219 57 57 130 165 18 17 146 75 17 23 120 96 20 18 233 151 27 32 272 257 25 28 339 294 26 22 452 266 18 23 189 290 20 12 77 158 17 13 430 9 158 175 2 94 20 36 333 330 26 31 495 307 21 21 
M23029.bmp 12 285 175 22 18 351 251 22 30 502 261 26 22 123 206 13 16 143 200 13 10 395 25 24 25 350 31 13 20 544 3 14 15 570 5 14 15 53 8 13 15 20 0 20 12 375 344 61 18 