461 244 492 275 1 
553 366 581 394 1 
35 235 61 261 1 
508 295 538 320 1 
459 247 493 274 1 
244 326 272 352 1 
162 62 181 84 1 
230 59 247 77 1 
262 89 296 123 1 
264 52 275 62 1 
364 111 384 131 1 
423 96 440 115 1 
5 163 39 190 1 
34 232 64 265 1 
61 278 77 298 1 
96 250 117 273 1 
86 189 104 206 1 
86 218 106 237 1 
317 294 344 320 1 
280 275 300 299 1 
206 289 225 308 1 
253 237 273 255 1 
549 364 583 395 1 
479 226 499 243 1 
563 208 586 228 1 
585 244 600 265 1 
417 5 435 20 1 
372 69 388 85 1 
321 175 336 194 1 
384 205 409 228 1 
392 168 407 183 1 
185 185 201 204 1 
282 124 296 138 1 
73 57 89 79 1 
18 88 38 107 1 
4 65 18 77 1 
54 184 71 201 1 
4 310 21 327 1 
102 378 119 392 1 
197 373 216 389 1 
91 336 103 348 1 
171 199 191 220 1 
82 103 93 116 1 
124 118 133 128 1 
131 106 141 118 1 
132 64 153 84 1 
184 58 199 75 1 
207 47 220 59 1 
238 47 251 61 1 
208 113 221 128 1 
176 153 189 168 1 
282 162 298 174 1 
263 142 279 155 1 
305 124 324 141 1 
327 127 344 143 1 
295 148 306 163 1 
279 230 294 244 1 
256 214 267 227 1 
160 311 173 323 1 
181 305 197 320 1 
469 21 485 38 1 
279 10 293 23 1 
302 18 314 30 1 
303 39 317 53 1 
480 130 495 143 1 
468 139 484 155 1 
531 132 550 146 1 
184 266 202 281 1 
344 282 362 301 1 
351 262 369 278 1 
255 354 273 369 1 
390 360 406 374 1 
314 315 338 333 1 
