121 215 188 282 1 
385 286 450 351 1 
546 167 594 215 1 
540 49 574 83 1 
493 353 524 384 1 
231 364 264 397 1 
0 53 21 79 1 
324 232 353 262 1 
330 69 368 107 1 
120 206 197 285 1 
323 229 354 262 1 
388 288 451 349 1 
540 159 583 211 1 
541 44 579 85 1 
515 118 544 146 1 
141 319 167 342 1 
63 189 91 217 1 
332 69 369 105 1 
168 41 195 69 1 
242 15 265 37 1 
0 41 28 82 1 
4 257 17 276 1 
53 258 76 274 1 
3 205 25 230 1 
440 162 465 189 1 
525 230 545 253 1 
423 7 460 45 1 
425 101 443 121 1 
391 257 409 277 1 
373 251 388 271 1 
303 332 324 353 1 
138 101 156 120 1 
195 120 210 134 1 
64 155 83 175 1 
5 148 28 173 1 
224 265 246 288 1 
530 268 546 285 1 
489 275 503 289 1 
369 167 382 179 1 
321 152 331 162 1 
340 130 351 147 1 
314 200 334 215 1 
278 214 290 231 1 
301 11 315 31 1 
358 35 371 51 1 
500 50 528 73 1 
198 342 216 359 1 
98 67 113 81 1 
3 334 25 350 1 
