174 308 204 339 1 
35 120 63 148 1 
180 213 202 236 1 
176 310 203 337 1 
208 351 232 372 1 
85 384 102 399 1 
65 374 82 391 1 
116 365 129 377 1 
88 355 101 368 1 
6 293 17 305 1 
6 234 19 246 1 
32 118 67 154 1 
402 342 423 361 1 
464 324 484 344 1 
364 383 383 400 1 
393 389 415 400 1 
132 374 148 390 1 
10 273 25 289 1 
69 244 84 260 1 
129 149 146 167 1 
294 55 313 75 1 
159 26 176 45 1 
216 28 228 43 1 
231 27 244 43 1 
495 15 518 40 1 
579 35 596 54 1 
574 72 600 93 1 
414 173 434 197 1 
519 149 533 167 1 
520 205 533 223 1 
553 162 575 191 1 
546 314 566 335 1 
459 357 472 371 1 
279 149 292 166 1 
347 83 364 104 1 
416 43 434 65 1 
421 234 441 255 1 
329 199 343 219 1 
355 206 368 222 1 
154 250 170 265 1 
12 182 28 196 1 
19 197 35 209 1 
2 200 14 213 1 
263 106 282 125 1 
300 90 314 104 1 
247 341 259 355 1 
226 328 240 343 1 
245 189 260 211 1 
153 106 169 124 1 
101 186 116 203 1 
117 190 133 205 1 
527 127 544 150 1 
509 55 526 75 1 
532 15 542 29 1 
298 342 314 357 1 
216 222 234 241 1 
202 204 215 217 1 
59 271 75 286 1 
110 108 129 127 1 
512 109 528 124 1 
557 141 569 153 1 
237 0 293 71 1 
149 180 164 197 1 
585 165 598 182 1 
455 53 470 70 1 
465 22 477 40 1 
336 113 354 131 1 
277 227 292 240 1 
313 255 323 266 1 
334 262 347 274 1 
474 240 484 253 1 
568 257 581 272 1 
453 180 465 193 1 
59 307 72 322 1 
171 149 183 163 1 
190 60 204 76 1 
508 342 523 358 1 
65 0 84 17 1 
133 21 148 37 1 
