284 98 327 141 1 
410 0 462 50 1 
268 189 304 225 1 
92 112 119 138 1 
364 205 392 233 1 
88 109 127 145 1 
148 49 168 65 1 
264 6 293 33 1 
376 72 397 91 1 
29 7 45 20 1 
220 73 236 89 1 
178 99 197 119 1 
212 109 226 120 1 
72 9 84 21 1 
81 11 96 24 1 
1 62 24 92 1 
69 53 84 65 1 
251 75 265 88 1 
222 41 236 53 1 
42 227 66 244 1 
52 250 72 268 1 
20 103 43 123 1 
124 191 140 205 1 
21 273 42 289 1 
59 96 81 115 1 
72 87 95 113 1 
63 74 78 91 1 
140 79 161 97 1 
274 87 336 147 1 
30 69 43 81 1 
38 324 52 337 1 
496 17 512 33 1 
560 36 576 57 1 
500 119 532 149 1 
494 135 511 153 1 
510 153 534 174 1 
228 148 251 167 1 
388 0 475 63 1 
253 181 324 234 1 
353 188 368 204 1 
354 195 392 240 1 
424 107 448 134 1 
414 161 436 180 1 
364 263 394 293 1 
481 335 505 358 1 
524 323 544 341 1 
536 297 564 329 1 
533 167 559 197 1 
362 336 382 353 1 
395 321 414 337 1 
236 261 251 273 1 
272 342 292 357 1 
90 373 110 394 1 
217 368 236 385 1 
168 369 188 390 1 
363 357 381 370 1 
459 184 480 205 1 
