45 93 77 125 1 
93 192 136 236 1 
222 177 258 213 1 
309 171 344 206 1 
388 199 417 229 1 
9 159 103 254 1 
577 68 589 83 1 
575 30 587 41 1 
564 125 577 136 1 
540 183 556 196 1 
509 251 527 267 1 
493 293 508 309 1 
486 332 505 355 1 
578 347 598 367 1 
409 365 432 389 1 
435 379 456 399 1 
370 8 386 23 1 
315 21 336 38 1 
443 72 455 85 1 
475 205 489 220 1 
397 244 409 257 1 
466 246 477 260 1 
419 230 432 246 1 
89 192 137 235 1 
218 175 263 220 1 
233 206 249 222 1 
308 166 353 210 1 
387 200 421 229 1 
43 91 85 128 1 
66 42 90 64 1 
278 71 304 91 1 
376 56 403 81 1 
377 86 391 100 1 
490 15 511 34 1 
544 367 573 395 1 
182 382 202 400 1 
332 373 359 397 1 
92 266 115 288 1 
200 253 224 274 1 
351 294 367 311 1 
510 227 527 242 1 
452 236 465 251 1 
181 100 197 114 1 
40 279 56 296 1 
4 291 20 309 1 
175 200 191 214 1 
157 20 176 36 1 
174 55 192 71 1 
305 7 319 21 1 
582 175 597 193 1 
5 378 20 392 1 
202 310 218 327 1 
310 150 326 164 1 
370 237 387 252 1 
432 231 446 245 1 
372 382 386 395 1 
524 359 539 374 1 
140 120 153 133 1 
440 17 454 30 1 
87 148 103 163 1 
431 315 447 329 1 
476 352 490 364 1 
86 333 97 345 1 
502 110 515 122 1 
512 122 524 134 1 
473 170 488 183 1 
341 253 355 268 1 
38 146 50 159 1 
28 1 40 10 1 
19 28 32 42 1 
149 268 162 281 1 
251 133 267 148 1 
460 98 473 113 1 
202 228 216 241 1 
44 353 65 370 1 
43 202 58 214 1 
510 0 523 13 1 
539 1 548 12 1 
143 230 157 242 1 
275 37 290 52 1 
525 218 540 234 1 
347 134 358 142 1 
151 380 162 393 1 
