391 16 421 46 1 
272 264 301 293 1 
461 295 489 322 1 
204 320 233 349 1 
229 363 255 390 1 
460 294 490 322 1 
556 247 578 268 1 
268 260 300 293 1 
256 202 280 225 1 
263 133 284 151 1 
317 109 336 127 1 
364 153 383 172 1 
355 211 374 229 1 
207 323 232 349 1 
227 364 252 386 1 
281 362 293 373 1 
399 364 413 378 1 
493 370 510 388 1 
519 307 541 331 1 
422 276 442 296 1 
390 234 406 250 1 
366 307 378 320 1 
241 338 255 349 1 
265 322 275 334 1 
228 232 242 248 1 
448 76 475 105 1 
386 18 421 48 1 
464 47 484 70 1 
561 137 577 150 1 
419 235 442 253 1 
436 322 450 338 1 
264 96 278 115 1 
272 74 285 86 1 
289 87 304 100 1 
366 192 383 206 1 
380 291 397 303 1 
379 281 389 291 1 
449 202 462 215 1 
339 99 354 116 1 
369 100 380 111 1 
375 121 386 135 1 
519 280 529 292 1 
519 104 530 119 1 
587 184 600 199 1 
307 1 328 19 1 
531 387 545 400 1 
440 40 455 57 1 
302 55 318 68 1 
228 40 238 52 1 
237 49 247 60 1 
253 64 265 77 1 
315 108 339 131 1 
341 101 353 114 1 
369 100 380 110 1 
362 71 375 84 1 
348 77 362 89 1 
378 4 403 22 1 
392 18 425 48 1 
363 153 385 174 1 
347 151 356 161 1 
366 190 386 208 1 
355 210 377 231 1 
391 234 405 249 1 
379 223 390 235 1 
377 251 389 265 1 
370 274 379 283 1 
378 281 390 291 1 
382 289 395 303 1 
366 307 377 320 1 
398 362 417 380 1 
437 322 451 339 1 
461 293 491 322 1 
424 277 441 295 1 
492 370 511 389 1 
504 349 515 362 1 
519 308 543 330 1 
520 281 529 292 1 
540 280 554 293 1 
557 247 578 268 1 
530 208 544 220 1 
588 184 601 200 1 
562 135 577 151 1 
559 107 575 125 1 
538 87 553 104 1 
554 86 570 105 1 
518 105 532 117 1 
498 79 512 92 1 
482 45 495 57 1 
450 75 478 103 1 
461 48 492 75 1 
440 41 453 56 1 
178 1 194 19 1 
177 44 191 60 1 
180 74 199 94 1 
201 122 213 135 1 
205 111 214 121 1 
193 163 203 175 1 
206 154 214 163 1 
207 179 218 190 1 
214 189 223 200 1 
209 207 221 220 1 
210 234 218 243 1 
213 227 221 236 1 
221 226 230 237 1 
229 232 241 246 1 
246 238 259 251 1 
235 257 246 268 1 
219 270 231 282 1 
230 277 238 287 1 
243 289 255 300 1 
201 291 212 302 1 
197 305 206 315 1 
205 321 235 353 1 
241 338 252 351 1 
226 362 254 387 1 
250 377 262 390 1 
281 362 296 376 1 
266 322 278 336 1 
280 321 291 333 1 
268 259 305 293 1 
255 203 281 231 1 
258 129 268 139 1 
264 135 283 153 1 
283 127 294 137 1 
263 98 278 113 1 
288 87 302 99 1 
279 95 291 106 1 
271 73 284 85 1 
303 55 316 69 1 
290 12 304 25 1 
306 3 327 20 1 
420 234 440 255 1 
450 203 463 215 1 
449 193 459 204 1 
478 199 490 212 1 
437 162 452 175 1 
451 175 464 186 1 
450 126 463 140 1 
467 119 477 130 1 
479 122 487 131 1 
488 105 501 116 1 
399 156 411 169 1 
532 385 547 400 1 
583 291 594 304 1 
326 268 336 279 1 
313 255 325 267 1 
327 256 338 267 1 
338 248 350 259 1 
460 384 469 393 1 
466 390 484 402 1 
272 390 283 402 1 
453 223 464 237 1 
415 204 429 219 1 
269 374 281 386 1 
375 120 388 134 1 
401 81 411 93 1 
404 48 413 57 1 
343 61 356 72 1 
317 60 326 70 1 
317 46 327 57 1 
543 226 561 245 1 
282 304 293 317 1 
270 72 287 87 1 
304 3 329 24 1 
291 8 307 27 1 
380 5 398 24 1 
391 18 422 48 1 
300 53 318 72 1 
237 49 247 60 1 
256 25 270 42 1 
344 71 365 91 1 
262 98 281 114 1 
276 90 293 108 1 
289 83 309 102 1 
315 106 342 131 1 
447 75 478 104 1 
461 46 490 74 1 
437 42 453 59 1 
367 97 383 112 1 
340 101 355 118 1 
262 133 285 154 1 
280 125 296 133 1 
372 120 385 136 1 
482 43 497 59 1 
517 104 534 119 1 
497 79 511 95 1 
559 134 577 151 1 
536 83 560 109 1 
362 152 388 177 1 
399 155 413 169 1 
437 160 452 178 1 
253 204 283 228 1 
268 260 306 296 1 
204 320 235 352 1 
238 333 254 354 1 
265 320 278 335 1 
280 319 295 334 1 
422 277 443 296 1 
418 235 442 256 1 
368 190 386 207 1 
353 210 379 231 1 
391 233 408 254 1 
376 250 392 267 1 
381 286 396 296 1 
364 305 380 321 1 
459 291 494 326 1 
515 306 546 332 1 
516 277 535 295 1 
554 245 578 270 1 
538 277 558 295 1 
433 321 455 343 1 
446 302 460 318 1 
313 252 329 272 1 
226 229 246 246 1 
244 234 259 249 1 
243 287 258 302 1 
278 160 293 176 1 
450 127 466 144 1 
477 194 497 217 1 
451 218 468 236 1 
445 230 456 242 1 
400 80 412 93 1 
362 67 375 79 1 
331 4 346 18 1 
488 105 501 116 1 
465 116 478 132 1 
477 119 490 134 1 
364 188 385 207 1 
354 207 377 233 1 
457 291 496 324 1 
518 304 547 333 1 
554 241 581 271 1 
418 234 441 256 1 
253 203 283 231 1 
262 243 278 259 1 
442 72 477 106 1 
558 107 572 125 1 
560 133 580 153 1 
515 279 532 293 1 
263 321 278 336 1 
238 337 253 351 1 
280 305 295 318 1 
278 322 293 334 1 
364 308 378 320 1 
419 275 443 296 1 
433 319 452 340 1 
554 170 565 182 1 
517 105 531 118 1 
299 51 317 71 1 
266 72 285 88 1 
263 98 274 113 1 
316 107 337 129 1 
361 151 385 174 1 
367 98 381 112 1 
372 119 386 138 1 
360 70 373 83 1 
436 41 452 57 1 
303 5 323 19 1 
288 85 304 99 1 
436 161 451 175 1 
390 232 408 252 1 
264 134 284 153 1 
379 285 394 303 1 
536 280 551 292 1 
446 194 466 216 1 
201 122 212 135 1 
282 125 295 138 1 
342 98 352 115 1 
399 79 412 93 1 
387 11 425 46 1 
326 267 338 279 1 
369 273 380 283 1 
396 362 416 380 1 
491 368 513 390 1 
580 289 594 303 1 
585 182 598 198 1 
480 44 496 58 1 
238 47 248 59 1 
208 204 221 220 1 
226 229 242 246 1 
266 262 298 291 1 
203 320 232 348 1 
224 359 254 388 1 
281 356 298 376 1 
371 251 389 264 1 
560 73 573 84 1 
292 12 303 22 1 
307 5 317 19 1 
238 50 248 58 1 
302 56 312 68 1 
273 76 283 87 1 
290 87 305 100 1 
265 99 273 110 1 
277 92 290 106 1 
264 136 278 150 1 
206 178 215 190 1 
210 207 216 218 1 
210 207 216 218 1 
210 207 216 218 1 
210 207 216 218 1 
210 207 216 218 1 
210 207 216 218 1 
210 207 216 218 1 
210 207 216 218 1 
210 207 216 218 1 
210 207 216 218 1 
210 207 216 218 1 
210 207 216 218 1 
210 207 216 218 1 
210 207 216 218 1 
260 204 274 226 1 
229 233 236 244 1 
267 249 275 255 1 
272 267 291 289 1 
243 290 250 299 1 
282 307 291 317 1 
265 323 274 331 1 
281 323 293 333 1 
208 327 225 346 1 
239 338 252 348 1 
230 365 248 388 1 
251 381 257 389 1 
273 391 280 403 1 
282 363 294 375 1 
241 339 251 350 1 
267 323 275 332 1 
283 323 291 331 1 
298 350 304 359 1 
308 8 314 17 1 
293 16 300 21 1 
305 55 312 67 1 
319 47 325 56 1 
317 62 325 69 1 
291 85 300 98 1 
318 90 327 101 1 
348 79 358 88 1 
362 72 371 83 1 
368 101 378 111 1 
341 102 348 112 1 
332 100 339 108 1 
318 108 329 127 1 
318 108 329 127 1 
345 152 354 160 1 
367 98 379 111 1 
373 120 383 134 1 
364 156 378 173 1 
366 191 380 206 1 
355 213 367 226 1 
326 270 332 279 1 
365 310 374 320 1 
283 363 291 376 1 
381 8 391 21 1 
390 22 405 44 1 
439 42 451 53 1 
404 48 414 56 1 
364 71 369 82 1 
403 82 410 92 1 
441 43 449 55 1 
448 82 464 98 1 
375 121 383 135 1 
364 154 378 172 1 
440 163 448 172 1 
453 177 459 185 1 
366 190 384 205 1 
417 204 422 214 1 
451 194 456 204 1 
448 204 458 213 1 
355 213 370 228 1 
391 237 401 248 1 
417 237 434 253 1 
370 276 378 281 1 
378 281 388 291 1 
381 290 391 302 1 
425 278 435 293 1 
399 363 411 380 1 
438 322 449 336 1 
450 77 469 100 1 
463 51 477 66 1 
486 47 494 54 1 
460 297 478 317 1 
494 372 506 386 1 
499 349 509 360 1 
519 311 531 326 1 
557 250 570 264 1 
585 293 591 302 1 
521 281 529 290 1 
540 282 547 291 1 
587 186 595 196 1 
557 172 566 181 1 
531 210 541 219 1 
563 137 577 150 1 
556 170 564 179 1 
519 105 528 117 1 
559 107 570 122 1 
539 90 550 103 1 
520 107 526 116 1 
478 121 485 131 1 
453 130 461 141 1 
483 46 493 57 1 
463 49 478 74 1 
444 74 472 103 1 
451 203 459 214 1 
518 306 545 332 1 
461 292 490 322 1 
462 46 488 69 1 
447 74 478 104 1 
388 20 425 45 1 
267 259 304 295 1 
255 205 280 227 1 
361 152 386 176 1 
354 207 377 231 1 
419 234 454 268 1 
417 233 441 256 1 
434 319 457 337 1 
424 276 442 296 1 
555 247 579 264 1 
229 363 253 391 1 
206 323 235 351 1 
263 134 283 152 1 
317 106 337 131 1 
342 99 353 114 1 
375 120 386 136 1 
289 85 303 99 1 
271 73 283 85 1 
265 98 278 111 1 
439 160 449 173 1 
563 135 577 151 1 
494 370 508 386 1 
401 359 413 380 1 
281 361 295 376 1 
392 235 407 249 1 
537 83 559 105 1 
588 184 598 197 1 
207 179 221 193 1 
306 5 328 21 1 
293 11 303 25 1 
348 73 360 88 1 
231 231 245 244 1 
537 277 551 293 1 
380 290 392 302 1 
379 279 390 290 1 
369 272 382 285 1 
265 321 281 334 1 
241 336 251 349 1 
378 1 408 27 1 
317 110 337 126 1 
365 154 387 174 1 
389 19 422 46 1 
445 77 476 103 1 
463 48 491 71 1 
459 294 491 322 1 
268 258 305 293 1 
257 205 280 226 1 
206 321 236 349 1 
241 339 251 349 1 
267 324 277 336 1 
419 237 442 257 1 
355 211 375 230 1 
519 308 545 330 1 
557 248 578 267 1 
563 136 577 151 1 
291 86 305 99 1 
271 73 286 87 1 
265 98 277 114 1 
264 136 283 153 1 
425 278 440 294 1 
437 323 451 338 1 
440 40 454 55 1 
367 189 386 206 1 
380 291 395 304 1 
377 280 390 292 1 
389 236 406 251 1 
449 200 466 214 1 
339 101 353 114 1 
365 307 380 321 1 
228 231 242 246 1 
368 101 382 113 1 
302 54 316 70 1 
308 7 324 21 1 
290 12 305 24 1 
560 109 573 124 1 
518 107 530 117 1 
520 281 529 291 1 
376 5 406 24 1 
537 84 569 109 1 
207 179 218 191 1 
374 121 386 136 1 
435 162 454 177 1 
281 321 293 335 1 
347 151 357 162 1 
361 71 374 82 1 
