134 73 167 106 1 
444 279 497 332 1 
447 77 485 116 1 
265 267 297 299 1 
95 177 104 186 1 
55 213 63 223 1 
33 275 40 283 1 
37 49 46 59 1 
31 209 40 219 1 
24 343 30 350 1 
43 343 51 353 1 
52 345 60 354 1 
37 126 45 134 1 
35 114 42 122 1 
59 116 63 122 1 
117 358 124 365 1 
99 262 106 271 1 
84 265 91 273 1 
116 254 124 261 1 
117 244 126 254 1 
129 257 146 274 1 
133 291 143 301 1 
139 298 150 311 1 
166 105 175 115 1 
150 116 158 124 1 
150 45 157 53 1 
0 0 0 0 1 
195 5 206 16 1 
234 125 240 133 1 
226 129 233 137 1 
222 134 229 142 1 
216 110 224 118 1 
194 190 202 198 1 
290 267 301 277 1 
452 1 474 13 1 
463 31 472 40 1 
352 6 363 16 1 
405 13 414 22 1 
411 1 418 9 1 
484 30 492 38 1 
534 301 541 309 1 
404 101 412 111 1 
51 15 57 25 1 
21 24 26 31 1 
47 43 58 59 1 
37 50 47 59 1 
50 62 60 71 1 
53 81 59 87 1 
35 87 47 103 1 
2 137 9 149 1 
56 145 66 159 1 
25 187 38 205 1 
10 214 25 230 1 
5 246 14 255 1 
51 230 63 248 1 
45 253 55 265 1 
19 300 25 307 1 
27 322 35 331 1 
59 306 66 317 1 
48 363 59 378 1 
85 6 93 14 1 
92 29 99 42 1 
93 48 106 65 1 
84 136 92 148 1 
70 224 80 235 1 
92 273 98 282 1 
131 57 136 64 1 
132 69 141 83 1 
95 50 112 65 1 
103 65 114 79 1 
115 106 123 113 1 
111 115 123 132 1 
124 326 134 347 1 
128 177 135 191 1 
179 15 187 20 1 
185 21 193 30 1 
190 40 195 48 1 
184 42 191 52 1 
210 57 216 63 1 
196 62 204 69 1 
224 71 236 80 1 
138 29 146 40 1 
128 55 138 64 1 
132 70 142 79 1 
136 77 160 102 1 
117 97 124 104 1 
116 107 122 115 1 
113 117 124 129 1 
161 120 170 130 1 
145 134 151 145 1 
144 147 153 158 1 
186 147 197 161 1 
147 165 157 177 1 
128 176 138 189 1 
177 191 185 203 1 
198 192 214 212 1 
186 151 195 164 1 
186 151 195 164 1 
186 151 195 164 1 
186 151 195 164 1 
186 151 195 164 1 
186 151 195 164 1 
186 151 195 164 1 
186 151 195 164 1 
186 151 195 164 1 
186 151 195 164 1 
186 151 195 164 1 
186 151 195 164 1 
186 151 195 164 1 
186 151 195 164 1 
186 151 195 164 1 
186 151 195 164 1 
186 151 195 164 1 
186 151 195 164 1 
195 144 201 151 1 
209 207 227 229 1 
167 278 178 287 1 
186 288 195 297 1 
166 320 173 333 1 
127 331 133 348 1 
144 334 158 347 1 
161 366 172 377 1 
177 381 186 393 1 
243 6 255 19 1 
227 68 234 80 1 
291 79 303 89 1 
261 79 275 90 1 
279 118 287 131 1 
277 130 290 149 1 
258 151 266 157 1 
267 151 273 161 1 
275 158 283 169 1 
287 194 311 218 1 
266 270 287 293 1 
240 325 251 338 1 
257 373 269 387 1 
234 382 245 395 1 
281 383 291 396 1 
385 12 394 21 1 
386 31 392 40 1 
392 33 404 49 1 
341 33 355 46 1 
366 31 375 41 1 
374 43 382 54 1 
345 59 356 70 1 
317 71 328 84 1 
364 73 377 89 1 
322 132 329 141 1 
359 139 377 168 1 
391 139 398 153 1 
381 113 401 135 1 
346 169 358 182 1 
382 180 400 203 1 
329 216 340 227 1 
347 173 357 182 1 
340 250 354 269 1 
360 248 369 262 1 
392 237 399 251 1 
384 268 392 281 1 
381 287 403 309 1 
381 311 388 317 1 
365 305 372 313 1 
337 251 355 269 1 
360 247 372 263 1 
356 266 365 285 1 
326 351 335 360 1 
368 353 379 367 1 
395 33 409 48 1 
410 42 425 79 1 
417 7 425 18 1 
448 46 482 114 1 
440 103 448 111 1 
403 119 409 129 1 
389 137 400 152 1 
433 169 450 189 1 
461 183 473 197 1 
426 221 436 236 1 
411 237 420 250 1 
393 235 403 250 1 
428 265 436 282 1 
399 317 409 332 1 
417 344 432 354 1 
411 371 417 383 1 
404 384 417 396 1 
396 375 406 387 1 
429 387 446 402 1 
460 383 475 398 1 
466 357 472 366 1 
436 246 446 255 1 
428 220 438 236 1 
411 238 419 251 1 
426 265 438 279 1 
455 261 486 324 1 
460 181 473 197 1 
456 128 467 145 1 
432 173 448 188 1 
505 26 549 78 1 
482 77 526 127 1 
563 40 586 61 1 
546 86 557 101 1 
583 81 596 100 1 
551 113 571 138 1 
571 139 581 148 1 
512 130 520 137 1 
459 182 473 196 1 
475 172 487 187 1 
498 172 514 188 1 
489 226 504 246 1 
537 205 549 217 1 
570 194 580 209 1 
591 262 598 272 1 
447 276 488 328 1 
491 229 503 243 1 
546 314 561 330 1 
568 338 588 359 1 
465 355 472 365 1 
457 385 475 398 1 
518 372 535 388 1 
589 263 597 273 1 
568 195 581 211 1 
95 177 104 186 1 
55 213 63 223 1 
33 275 40 283 1 
37 49 46 59 1 
31 209 40 219 1 
24 343 30 350 1 
43 343 51 353 1 
52 345 60 354 1 
37 126 45 134 1 
35 114 42 122 1 
59 116 63 122 1 
117 358 124 365 1 
99 262 106 271 1 
84 265 91 273 1 
116 254 124 261 1 
117 244 126 254 1 
129 257 146 274 1 
133 291 143 301 1 
139 298 150 311 1 
166 105 175 115 1 
150 116 158 124 1 
150 45 157 53 1 
0 0 0 0 1 
195 5 206 16 1 
234 125 240 133 1 
226 129 233 137 1 
222 134 229 142 1 
216 110 224 118 1 
194 190 202 198 1 
290 267 301 277 1 
452 1 474 13 1 
463 31 472 40 1 
352 6 363 16 1 
405 13 414 22 1 
411 1 418 9 1 
484 30 492 38 1 
534 301 541 309 1 
