486 232 553 298 1 
148 282 196 330 1 
0 222 54 285 1 
324 36 349 61 1 
84 44 118 78 1 
579 234 600 266 1 
353 368 376 389 1 
207 353 223 367 1 
33 384 49 399 1 
107 371 124 387 1 
159 382 178 400 1 
298 364 318 386 1 
386 363 401 378 1 
290 373 303 388 1 
583 8 599 24 1 
544 170 560 186 1 
452 185 463 197 1 
437 277 450 289 1 
81 343 95 353 1 
538 377 552 389 1 
495 387 506 400 1 
552 200 568 216 1 
481 229 559 303 1 
145 279 200 331 1 
0 219 62 284 1 
55 209 84 233 1 
98 204 125 231 1 
98 250 124 279 1 
320 34 352 63 1 
404 159 434 188 1 
186 66 211 90 1 
246 91 268 109 1 
263 45 287 68 1 
111 324 134 345 1 
363 198 384 216 1 
500 174 522 192 1 
570 172 587 193 1 
500 23 518 38 1 
77 46 116 78 1 
111 41 129 55 1 
133 136 154 153 1 
57 134 77 149 1 
227 286 250 303 1 
172 232 198 255 1 
215 255 233 271 1 
194 266 215 281 1 
161 188 179 205 1 
182 205 200 220 1 
314 344 333 362 1 
436 102 455 116 1 
300 44 313 60 1 
278 27 296 42 1 
261 19 275 34 1 
235 64 249 78 1 
317 200 334 215 1 
305 171 319 183 1 
291 179 305 191 1 
208 227 222 243 1 
95 160 112 176 1 
118 102 134 117 1 
13 195 28 209 1 
522 320 537 334 1 
533 347 546 358 1 
496 0 512 11 1 
340 22 359 39 1 
136 326 149 340 1 
163 342 183 356 1 
347 126 361 140 1 
357 145 371 157 1 
544 97 566 119 1 
523 10 536 22 1 
491 339 505 353 1 
482 348 501 361 1 
262 335 274 347 1 
492 56 505 72 1 
478 9 491 22 1 
150 224 164 239 1 
146 208 160 222 1 
283 207 300 220 1 
91 280 107 294 1 
518 132 533 146 1 
509 282 528 298 1 
