304 167 368 231 1 
367 64 396 94 1 
324 292 354 322 1 
292 245 347 299 1 
227 114 314 201 1 
98 13 126 41 1 
28 40 55 69 1 
29 92 57 121 1 
376 4 398 28 1 
571 124 593 151 1 
523 98 542 120 1 
480 55 495 71 1 
487 83 498 95 1 
314 177 360 217 1 
325 293 358 322 1 
462 355 483 377 1 
364 318 386 337 1 
265 291 287 315 1 
174 190 199 213 1 
105 123 122 144 1 
475 332 492 348 1 
462 310 478 327 1 
515 264 530 283 1 
439 264 455 282 1 
533 220 549 239 1 
243 218 262 235 1 
77 248 97 268 1 
164 265 186 285 1 
188 300 206 318 1 
559 249 599 313 1 
457 149 472 163 1 
440 192 455 207 1 
366 63 404 100 1 
291 103 312 125 1 
175 339 191 355 1 
99 380 116 393 1 
234 389 251 400 1 
374 188 388 206 1 
497 225 510 238 1 
510 223 525 234 1 
562 229 573 242 1 
471 255 487 269 1 
453 259 466 272 1 
474 300 487 310 1 
524 286 538 299 1 
514 303 525 312 1 
47 292 58 306 1 
286 219 300 233 1 
300 246 354 293 1 
260 55 278 75 1 
298 51 319 71 1 
211 86 227 102 1 
131 227 148 244 1 
143 134 158 150 1 
386 143 398 155 1 
418 128 430 141 1 
430 108 443 122 1 
493 240 508 257 1 
301 331 317 347 1 
83 351 99 367 1 
107 91 122 106 1 
134 111 145 126 1 
161 131 178 150 1 
276 368 288 380 1 
3 333 14 345 1 
46 343 59 361 1 
