288 96 319 126 1 
160 64 196 100 1 
303 23 468 187 1 
0 146 13 169 1 
21 156 39 182 1 
3 174 18 190 1 
65 192 84 211 1 
32 199 43 210 1 
49 174 65 190 1 
55 147 66 159 1 
48 100 58 111 1 
56 112 66 124 1 
101 102 118 123 1 
142 101 168 127 1 
169 113 180 125 1 
178 150 189 163 1 
192 158 204 171 1 
194 140 206 152 1 
199 130 211 144 1 
202 151 213 163 1 
225 179 241 196 1 
112 233 132 253 1 
65 359 82 376 1 
55 372 72 390 1 
56 392 69 403 1 
18 370 30 383 1 
12 344 24 356 1 
168 334 181 349 1 
221 358 233 372 1 
242 364 269 389 1 
284 366 298 381 1 
249 337 263 351 1 
292 350 310 367 1 
410 251 429 272 1 
446 229 470 254 1 
478 215 493 231 1 
459 198 474 214 1 
585 165 595 177 1 
582 332 593 344 1 
525 358 536 370 1 
9 16 18 24 1 
26 12 47 31 1 
40 2 57 15 1 
66 22 89 41 1 
47 73 63 88 1 
6 78 21 91 1 
22 66 31 76 1 
19 101 28 112 1 
28 94 42 109 1 
56 95 67 105 1 
98 68 110 80 1 
94 84 110 101 1 
108 29 123 43 1 
101 7 110 17 1 
133 14 148 29 1 
171 0 186 14 1 
134 35 161 59 1 
163 33 176 48 1 
153 51 174 72 1 
160 64 201 104 1 
184 22 200 40 1 
206 41 227 61 1 
188 40 201 53 1 
193 1 203 12 1 
223 7 234 20 1 
236 4 252 20 1 
225 28 238 42 1 
307 6 327 27 1 
274 81 288 93 1 
286 95 321 130 1 
323 1 501 217 1 
430 47 453 75 1 
471 16 496 37 1 
361 13 389 42 1 
278 143 292 158 1 
274 156 285 167 1 
272 167 288 181 1 
314 151 325 165 1 
306 156 317 167 1 
203 161 221 180 1 
203 372 254 402 1 
203 333 215 345 1 
198 313 215 328 1 
205 299 219 314 1 
201 262 224 281 1 
245 270 266 291 1 
290 249 317 275 1 
222 230 246 252 1 
261 216 276 232 1 
185 211 205 231 1 
137 278 167 309 1 
99 271 126 300 1 
153 270 173 287 1 
72 304 88 320 1 
87 314 102 333 1 
100 300 112 316 1 
111 312 123 324 1 
128 327 145 342 1 
97 373 115 389 1 
345 381 366 397 1 
575 383 600 400 1 
518 386 549 402 1 
563 368 578 387 1 
540 362 559 380 1 
517 332 543 352 1 
558 308 574 324 1 
554 338 564 351 1 
537 245 574 280 1 
552 185 574 206 1 
560 166 578 186 1 
538 163 557 186 1 
561 204 574 217 1 
587 230 599 242 1 
587 124 599 142 1 
582 91 596 107 1 
111 209 123 223 1 
119 175 141 196 1 
132 188 146 203 1 
140 174 151 185 1 
161 219 178 234 1 
40 242 55 256 1 
38 231 50 244 1 
222 210 238 228 1 
363 263 379 282 1 
360 227 378 246 1 
391 215 404 227 1 
453 312 473 331 1 
465 290 488 313 1 
481 276 494 290 1 
519 246 529 258 1 
525 257 536 269 1 
454 384 467 398 1 
460 365 476 380 1 
455 361 466 372 1 
321 374 342 394 1 
288 43 307 63 1 
522 38 546 61 1 
527 82 542 100 1 
548 43 561 58 1 
325 226 342 244 1 
342 239 355 253 1 
342 251 354 264 1 
