340 158 370 187 1 
312 241 341 270 1 
34 195 73 233 1 
420 121 447 148 1 
3 297 32 326 1 
82 238 159 315 1 
146 346 230 400 1 
566 379 589 400 1 
565 369 581 384 1 
39 386 52 400 1 
1 352 12 364 1 
317 361 341 385 1 
266 351 280 365 1 
298 351 308 364 1 
432 211 449 230 1 
223 267 235 280 1 
402 127 414 141 1 
355 385 372 400 1 
479 247 491 260 1 
544 302 556 314 1 
250 276 266 291 1 
112 116 127 133 1 
336 152 379 189 1 
363 177 385 196 1 
416 120 449 149 1 
139 20 171 46 1 
102 7 124 30 1 
0 27 21 53 1 
29 188 79 237 1 
7 294 36 322 1 
96 298 120 319 1 
310 239 344 270 1 
265 212 286 231 1 
506 196 534 222 1 
527 153 546 172 1 
523 227 545 246 1 
493 250 515 266 1 
430 233 449 252 1 
451 202 467 217 1 
134 99 157 122 1 
110 75 133 99 1 
125 65 145 81 1 
152 84 173 107 1 
200 319 227 340 1 
151 339 170 362 1 
0 268 22 291 1 
64 32 84 50 1 
33 27 55 46 1 
61 0 83 13 1 
502 73 525 93 1 
379 94 401 115 1 
480 340 499 360 1 
319 328 339 345 1 
376 277 398 296 1 
358 246 388 275 1 
239 262 256 278 1 
390 50 409 66 1 
418 52 439 70 1 
249 4 268 20 1 
320 128 338 144 1 
136 150 154 166 1 
12 129 30 144 1 
35 144 53 162 1 
18 163 31 179 1 
211 159 224 173 1 
59 83 75 96 1 
379 16 397 35 1 
538 82 557 101 1 
565 295 577 312 1 
87 217 104 234 1 
94 321 109 338 1 
112 320 133 337 1 
70 343 87 356 1 
242 75 257 90 1 
192 145 204 159 1 
474 93 495 110 1 
134 0 157 13 1 
295 1 312 13 1 
573 123 591 143 1 
508 346 530 368 1 
382 40 397 55 1 
282 209 305 228 1 
232 226 249 240 1 
380 212 396 225 1 
550 174 565 187 1 
541 185 557 198 1 
560 240 575 254 1 
252 185 270 204 1 
222 207 235 218 1 
221 147 234 162 1 
63 134 77 149 1 
53 293 68 310 1 
192 177 204 188 1 
209 173 227 189 1 
351 46 364 57 1 
554 103 570 116 1 
556 128 569 141 1 
471 137 484 149 1 
469 208 485 225 1 
456 310 471 324 1 
403 349 417 365 1 
