482 0 593 104 1 
70 301 132 363 1 
282 129 351 198 1 
449 225 481 257 1 
249 379 292 400 1 
348 367 378 400 1 
582 244 600 267 1 
487 367 511 390 1 
16 386 37 400 1 
302 347 319 363 1 
462 203 477 220 1 
494 204 508 221 1 
456 374 474 390 1 
485 283 500 299 1 
476 2 585 110 1 
66 292 148 372 1 
95 285 125 310 1 
14 313 46 346 1 
160 23 191 52 1 
197 226 223 255 1 
213 217 240 240 1 
186 248 206 270 1 
446 224 479 259 1 
117 67 142 91 1 
6 190 33 215 1 
437 312 460 333 1 
509 301 530 318 1 
427 5 448 22 1 
376 9 394 28 1 
428 41 455 66 1 
143 102 159 118 1 
139 111 154 126 1 
103 143 119 161 1 
231 129 246 145 1 
236 125 252 138 1 
195 104 218 122 1 
272 269 291 291 1 
381 318 402 338 1 
404 280 421 296 1 
422 264 437 277 1 
449 272 466 289 1 
480 238 500 255 1 
502 243 522 261 1 
552 299 568 311 1 
551 311 567 324 1 
331 69 343 82 1 
338 99 354 116 1 
357 114 370 127 1 
121 10 144 28 1 
45 174 60 190 1 
42 196 61 212 1 
134 245 148 259 1 
38 240 55 253 1 
0 272 13 288 1 
319 332 340 352 1 
314 314 327 326 1 
323 213 340 228 1 
300 223 318 237 1 
264 90 277 105 1 
215 20 232 37 1 
111 52 127 69 1 
117 39 134 53 1 
149 57 164 69 1 
142 42 159 55 1 
79 140 92 153 1 
106 79 124 96 1 
275 297 288 312 1 
491 123 506 137 1 
520 162 531 177 1 
355 149 367 161 1 
5 135 21 151 1 
9 142 26 156 1 
30 147 45 158 1 
226 174 239 191 1 
140 216 158 232 1 
521 229 536 241 1 
531 228 546 242 1 
551 252 564 265 1 
506 323 517 336 1 
323 134 348 160 1 
8 90 25 107 1 
