65 94 161 190 1 
238 192 310 265 1 
470 56 578 165 1 
403 45 430 72 1 
89 47 98 57 1 
213 65 234 85 1 
196 149 210 164 1 
211 153 221 164 1 
221 147 242 171 1 
158 343 167 354 1 
262 265 274 276 1 
417 10 427 19 1 
28 1 34 7 1 
46 4 57 17 1 
8 25 19 36 1 
31 25 40 33 1 
54 20 60 32 1 
48 39 56 47 1 
18 41 26 54 1 
18 95 27 102 1 
43 126 52 136 1 
26 144 34 155 1 
26 147 35 156 1 
43 127 51 136 1 
58 146 65 152 1 
24 171 29 179 1 
21 192 27 197 1 
13 180 21 194 1 
50 226 59 236 1 
45 238 58 249 1 
18 239 26 273 1 
62 336 72 345 1 
12 338 19 351 1 
19 354 28 366 1 
17 366 24 374 1 
57 371 68 379 1 
8 387 21 397 1 
69 158 76 166 1 
45 128 51 138 1 
49 39 55 47 1 
47 3 58 16 1 
68 4 80 14 1 
103 3 112 13 1 
128 2 138 12 1 
120 14 135 27 1 
110 20 124 35 1 
89 25 98 40 1 
148 35 155 43 1 
154 40 163 52 1 
172 26 179 36 1 
175 73 182 83 1 
175 73 182 83 1 
131 94 139 107 1 
113 99 127 115 1 
98 114 109 128 1 
80 154 98 170 1 
168 138 180 151 1 
122 156 131 166 1 
113 162 125 171 1 
74 181 84 190 1 
90 191 100 200 1 
138 192 146 202 1 
152 177 159 188 1 
162 215 172 223 1 
114 217 123 234 1 
94 217 106 231 1 
91 191 100 200 1 
77 236 98 255 1 
164 216 172 223 1 
121 263 129 275 1 
86 274 97 286 1 
71 299 81 309 1 
90 323 98 333 1 
83 331 90 340 1 
56 367 70 384 1 
67 364 81 378 1 
114 383 124 393 1 
90 324 97 334 1 
76 385 83 395 1 
151 329 158 337 1 
174 289 182 301 1 
153 327 158 338 1 
140 381 145 386 1 
164 214 172 224 1 
138 192 148 202 1 
121 157 131 167 1 
114 161 124 172 1 
130 95 139 106 1 
114 99 129 114 1 
99 113 109 127 1 
80 153 96 169 1 
207 3 219 16 1 
202 1 210 9 1 
194 10 201 21 1 
171 26 178 33 1 
210 27 218 37 1 
189 37 195 44 1 
186 46 191 57 1 
195 51 203 58 1 
204 38 212 55 1 
224 47 231 59 1 
221 55 230 65 1 
212 91 229 112 1 
186 93 192 100 1 
199 106 207 115 1 
199 114 211 124 1 
237 118 246 130 1 
212 127 222 136 1 
173 138 179 148 1 
197 107 208 114 1 
201 113 210 123 1 
216 172 226 187 1 
210 191 221 203 1 
192 190 198 198 1 
192 215 201 227 1 
188 235 200 248 1 
210 245 217 256 1 
175 288 182 298 1 
194 305 206 319 1 
218 319 231 333 1 
203 338 210 346 1 
192 341 203 358 1 
215 354 232 372 1 
197 369 206 379 1 
249 6 257 17 1 
261 19 268 28 1 
296 22 305 31 1 
259 49 261 51 1 
258 38 265 43 1 
256 29 261 35 1 
266 36 272 48 1 
265 54 273 64 1 
241 76 250 84 1 
247 89 257 99 1 
274 93 280 103 1 
263 102 274 119 1 
240 119 248 128 1 
262 128 271 136 1 
245 181 256 193 1 
272 189 284 201 1 
300 178 309 191 1 
291 194 298 201 1 
259 194 263 200 1 
242 209 249 216 1 
261 201 267 206 1 
262 238 272 246 1 
262 238 272 246 1 
244 244 256 256 1 
266 250 283 264 1 
276 300 289 315 1 
248 324 255 335 1 
246 358 255 366 1 
265 373 274 384 1 
305 2 313 14 1 
345 8 353 22 1 
330 20 336 29 1 
307 28 312 36 1 
334 72 344 82 1 
323 61 330 70 1 
336 100 346 116 1 
348 117 358 133 1 
354 141 370 157 1 
304 111 313 119 1 
322 120 328 129 1 
305 121 310 129 1 
301 176 311 191 1 
306 199 312 208 1 
365 198 374 208 1 
326 203 335 215 1 
346 227 356 242 1 
319 270 328 284 1 
365 248 371 258 1 
313 297 322 307 1 
300 324 310 335 1 
315 352 325 363 1 
307 368 314 380 1 
329 349 340 360 1 
349 369 357 385 1 
357 348 363 358 1 
362 360 368 369 1 
357 290 370 304 1 
366 243 374 256 1 
346 228 356 242 1 
367 198 374 208 1 
325 204 333 217 1 
356 137 367 158 1 
402 46 422 70 1 
400 82 415 106 1 
371 88 379 100 1 
355 135 368 159 1 
388 136 405 155 1 
366 198 374 207 1 
382 187 391 197 1 
405 197 415 207 1 
414 204 425 216 1 
375 231 381 243 1 
386 229 395 249 1 
396 233 405 257 1 
419 243 427 256 1 
422 261 429 273 1 
359 291 372 304 1 
420 284 428 293 1 
418 294 429 302 1 
422 346 429 359 1 
406 331 414 339 1 
397 345 405 354 1 
373 339 380 348 1 
373 354 383 367 1 
359 347 365 356 1 
363 362 370 371 1 
375 368 383 382 1 
395 383 401 398 1 
401 44 422 71 1 
401 85 414 105 1 
417 205 424 217 1 
463 12 471 21 1 
439 39 448 50 1 
437 56 448 72 1 
424 72 431 81 1 
446 72 453 79 1 
450 78 455 90 1 
482 90 491 101 1 
474 99 485 109 1 
485 108 493 119 1 
456 110 467 123 1 
467 136 481 159 1 
467 166 475 177 1 
417 201 427 216 1 
420 242 429 256 1 
466 213 474 224 1 
463 229 469 238 1 
442 236 449 247 1 
482 252 495 269 1 
436 288 449 300 1 
421 286 429 296 1 
421 294 427 303 1 
445 322 452 330 1 
421 343 430 358 1 
444 321 451 330 1 
459 344 464 354 1 
473 358 483 368 1 
431 377 437 387 1 
432 388 443 399 1 
482 90 491 102 1 
476 98 486 110 1 
484 108 494 118 1 
467 137 481 159 1 
468 165 474 177 1 
476 174 482 181 1 
540 1 549 8 1 
554 0 565 7 1 
565 7 575 23 1 
551 10 557 18 1 
552 36 558 46 1 
563 32 569 38 1 
494 15 506 29 1 
485 38 494 50 1 
506 44 514 54 1 
584 44 596 60 1 
581 65 591 78 1 
548 37 559 46 1 
506 60 515 74 1 
509 85 519 97 1 
482 92 491 101 1 
477 98 485 110 1 
493 95 507 108 1 
480 105 496 117 1 
468 134 482 159 1 
574 174 582 185 1 
587 169 598 181 1 
544 198 551 208 1 
490 211 501 226 1 
463 214 472 224 1 
461 228 468 237 1 
481 256 495 270 1 
497 244 505 256 1 
531 224 541 236 1 
467 301 478 313 1 
462 278 478 294 1 
473 357 482 368 1 
523 346 532 360 1 
492 306 520 353 1 
582 363 594 383 1 
592 241 600 250 1 
587 165 598 182 1 
575 172 584 186 1 
541 199 553 208 1 
563 189 569 199 1 
527 222 540 233 1 
543 197 550 209 1 
537 181 544 189 1 
562 190 569 200 1 
574 172 581 186 1 
594 142 602 153 1 
581 64 589 80 1 
583 46 596 60 1 
565 8 578 22 1 
89 47 98 57 1 
213 65 234 85 1 
196 149 210 164 1 
211 153 221 164 1 
221 147 242 171 1 
158 343 167 354 1 
262 265 274 276 1 
