332 237 373 277 1 
293 244 373 325 1 
470 250 502 282 1 
549 60 594 106 1 
18 66 23 72 1 
47 172 55 180 1 
56 210 65 217 1 
55 222 64 231 1 
90 205 96 212 1 
82 218 89 227 1 
113 249 121 258 1 
164 264 174 275 1 
113 266 130 282 1 
222 357 232 367 1 
270 383 279 391 1 
265 378 275 388 1 
318 370 344 399 1 
461 6 477 21 1 
456 17 469 30 1 
407 36 425 53 1 
393 106 404 117 1 
280 117 288 126 1 
216 113 222 121 1 
200 24 210 34 1 
329 225 338 234 1 
23 21 31 29 1 
33 2 41 11 1 
34 32 49 49 1 
57 30 68 44 1 
67 64 79 75 1 
23 130 33 142 1 
60 128 73 149 1 
7 153 13 161 1 
14 160 19 170 1 
23 199 29 208 1 
34 222 41 232 1 
6 233 13 240 1 
49 259 56 269 1 
6 232 13 239 1 
63 282 71 291 1 
18 320 25 329 1 
8 345 16 352 1 
24 348 34 359 1 
3 362 12 372 1 
76 80 83 87 1 
99 42 104 51 1 
123 25 130 31 1 
128 66 134 73 1 
131 119 137 125 1 
120 132 126 141 1 
103 137 117 148 1 
98 213 105 225 1 
96 227 103 235 1 
117 215 123 222 1 
93 255 104 271 1 
129 297 137 306 1 
124 378 133 392 1 
169 23 180 33 1 
155 56 158 63 1 
130 66 136 72 1 
166 78 176 88 1 
154 55 160 63 1 
210 65 217 74 1 
146 169 155 183 1 
200 205 208 217 1 
226 186 233 197 1 
219 103 227 110 1 
212 65 220 76 1 
238 119 248 131 1 
235 210 243 221 1 
184 242 194 256 1 
210 258 220 268 1 
215 240 222 247 1 
137 253 146 261 1 
127 298 138 307 1 
139 321 143 326 1 
146 316 154 330 1 
124 377 134 392 1 
228 323 239 336 1 
233 377 239 384 1 
204 386 211 394 1 
215 391 226 399 1 
284 5 290 15 1 
311 1 333 28 1 
243 95 248 103 1 
273 102 280 111 1 
266 109 273 127 1 
242 120 249 128 1 
258 128 266 141 1 
314 124 325 134 1 
297 154 307 167 1 
305 164 314 179 1 
310 160 318 166 1 
278 179 290 193 1 
255 212 261 219 1 
266 223 274 230 1 
301 220 306 229 1 
296 236 304 246 1 
290 243 297 251 1 
236 213 243 220 1 
249 247 256 255 1 
276 244 280 249 1 
275 275 285 282 1 
275 311 283 319 1 
255 311 263 322 1 
258 365 263 373 1 
303 361 310 369 1 
259 365 268 373 1 
312 5 333 27 1 
388 6 394 14 1 
342 26 350 37 1 
351 46 358 56 1 
358 61 368 71 1 
352 69 359 78 1 
381 73 391 88 1 
398 68 406 82 1 
356 99 360 106 1 
362 110 372 119 1 
315 124 323 134 1 
305 165 314 177 1 
300 153 306 165 1 
349 154 366 170 1 
349 154 366 170 1 
381 138 388 145 1 
393 133 413 154 1 
378 196 390 212 1 
358 194 364 202 1 
341 184 347 193 1 
359 216 368 225 1 
351 225 357 234 1 
369 224 378 235 1 
383 227 391 237 1 
396 230 409 241 1 
381 285 390 295 1 
394 274 408 287 1 
401 292 409 302 1 
329 233 359 274 1 
294 254 343 312 1 
321 370 331 392 1 
304 360 312 367 1 
373 341 392 372 1 
379 381 390 393 1 
411 14 420 26 1 
397 69 406 83 1 
435 48 451 61 1 
474 41 480 50 1 
479 47 486 54 1 
437 49 450 62 1 
398 72 407 81 1 
421 77 431 85 1 
414 89 423 106 1 
477 98 494 113 1 
394 135 411 154 1 
434 143 446 166 1 
466 199 478 209 1 
445 197 456 208 1 
435 199 444 207 1 
439 212 452 224 1 
398 232 410 242 1 
424 230 433 240 1 
421 243 428 254 1 
411 230 421 243 1 
439 246 448 256 1 
436 261 447 275 1 
395 273 407 286 1 
401 289 411 303 1 
413 330 433 346 1 
429 372 446 389 1 
414 369 421 376 1 
412 390 420 396 1 
476 364 487 373 1 
463 349 473 360 1 
439 304 458 324 1 
471 288 479 305 1 
441 247 449 259 1 
463 199 477 211 1 
445 197 455 211 1 
438 213 453 225 1 
434 196 442 206 1 
426 231 435 240 1 
441 245 448 255 1 
466 225 499 282 1 
477 99 493 115 1 
527 13 537 23 1 
497 78 506 87 1 
489 85 496 98 1 
495 88 509 100 1 
477 97 493 113 1 
473 131 488 143 1 
501 211 513 223 1 
527 15 538 23 1 
514 94 527 106 1 
546 128 586 204 1 
547 50 588 117 1 
511 142 545 229 1 
469 226 500 282 1 
499 334 515 352 1 
517 344 529 357 1 
505 355 525 371 1 
487 360 579 404 1 
546 303 574 337 1 
527 303 545 318 1 
518 292 533 309 1 
18 66 23 72 1 
47 172 55 180 1 
56 210 65 217 1 
55 222 64 231 1 
90 205 96 212 1 
82 218 89 227 1 
113 249 121 258 1 
164 264 174 275 1 
113 266 130 282 1 
222 357 232 367 1 
270 383 279 391 1 
265 378 275 388 1 
318 370 344 399 1 
461 6 477 21 1 
456 17 469 30 1 
407 36 425 53 1 
393 106 404 117 1 
280 117 288 126 1 
216 113 222 121 1 
200 24 210 34 1 
