235 57 346 168 1 
158 259 229 330 1 
115 32 213 130 1 
166 208 194 236 1 
151 250 254 342 1 
235 41 352 165 1 
2 27 13 48 1 
81 0 101 9 1 
69 9 81 19 1 
62 25 75 41 1 
10 67 28 83 1 
89 57 109 76 1 
71 97 97 125 1 
25 217 45 235 1 
36 261 59 285 1 
57 273 70 291 1 
112 338 140 364 1 
76 265 92 279 1 
86 171 100 187 1 
105 162 120 179 1 
177 125 202 144 1 
281 226 306 252 1 
329 266 354 289 1 
329 232 352 252 1 
26 324 40 339 1 
18 287 27 298 1 
23 274 33 287 1 
42 100 53 110 1 
51 160 63 173 1 
461 333 484 356 1 
493 299 509 317 1 
506 253 523 270 1 
516 221 537 241 1 
561 182 575 199 1 
410 265 426 279 1 
399 326 417 349 1 
365 339 381 353 1 
411 11 429 31 1 
223 343 242 363 1 
203 334 221 351 1 
211 308 221 323 1 
140 15 155 32 1 
387 2 402 20 1 
400 39 415 57 1 
452 14 471 33 1 
167 207 201 241 1 
33 293 55 323 1 
168 47 191 69 1 
552 3 565 16 1 
353 173 371 196 1 
11 178 19 189 1 
39 189 55 201 1 
45 199 59 220 1 
458 134 469 147 1 
459 176 472 189 1 
438 208 453 224 1 
457 211 473 234 1 
477 209 487 223 1 
502 183 510 195 1 
502 210 517 225 1 
537 142 554 161 1 
269 285 289 305 1 
155 13 166 27 1 
98 123 119 138 1 
199 179 208 194 1 
211 190 224 200 1 
67 148 83 164 1 
19 112 29 125 1 
507 17 521 31 1 
394 213 407 227 1 
429 264 442 279 1 
380 303 389 315 1 
404 111 415 124 1 
