558 60 591 92 1 
457 162 487 192 1 
181 275 207 301 1 
12 335 45 367 1 
128 91 163 126 1 
119 88 168 129 1 
174 269 212 304 1 
463 41 494 71 1 
548 55 586 93 1 
482 189 508 209 1 
407 298 428 315 1 
461 119 482 139 1 
554 137 572 160 1 
562 127 579 143 1 
524 1 545 17 1 
546 269 570 290 1 
513 334 534 351 1 
551 191 568 207 1 
436 264 451 278 1 
448 265 463 279 1 
478 230 506 253 1 
112 44 131 59 1 
566 182 582 199 1 
544 114 562 132 1 
505 253 521 269 1 
510 181 527 201 1 
341 238 356 251 1 
521 107 534 117 1 
