120 137 171 188 1 
429 167 458 195 1 
245 115 285 155 1 
55 287 87 319 1 
330 233 365 267 1 
113 134 178 192 1 
154 85 185 110 1 
341 259 365 284 1 
390 303 412 322 1 
407 332 434 359 1 
357 338 386 364 1 
513 291 538 312 1 
555 341 575 356 1 
525 227 545 245 1 
422 162 462 197 1 
485 153 505 172 1 
480 164 499 185 1 
518 102 546 131 1 
442 16 472 39 1 
395 121 414 143 1 
292 92 315 115 1 
329 76 351 96 1 
73 128 100 151 1 
44 278 92 324 1 
89 318 110 337 1 
183 280 203 297 1 
187 297 212 318 1 
339 293 353 309 1 
550 149 567 165 1 
533 161 553 179 1 
548 163 567 177 1 
143 52 161 69 1 
389 23 415 42 1 
340 0 363 20 1 
367 0 393 16 1 
366 15 388 33 1 
243 176 264 194 1 
193 244 211 258 1 
186 224 201 240 1 
297 286 312 300 1 
436 232 454 250 1 
83 10 109 30 1 
-3 19 19 37 1 
11 67 29 80 1 
96 296 112 310 1 
108 282 129 302 1 
73 324 90 338 1 
564 294 579 310 1 
242 16 255 27 1 
367 176 379 188 1 
400 58 413 71 1 
429 87 448 101 1 
441 76 456 88 1 
497 133 512 149 1 
399 222 411 233 1 
403 261 416 269 1 
395 282 405 291 1 
509 328 520 339 1 
34 191 44 203 1 
8 292 15 301 1 
83 176 98 192 1 
197 57 214 75 1 
199 39 213 53 1 
361 45 370 57 1 
235 225 251 236 1 
194 129 210 146 1 
199 78 211 89 1 
378 107 398 121 1 
488 190 502 204 1 
476 225 487 234 1 
315 30 329 42 1 
575 79 585 90 1 
573 178 581 193 1 
315 45 324 58 1 
491 63 505 80 1 
560 92 574 106 1 
32 343 48 361 1 
204 313 212 322 1 
240 247 249 259 1 
410 145 421 157 1 
411 134 421 143 1 
540 135 552 145 1 
471 192 484 204 1 
136 285 148 295 1 
9 52 18 63 1 
394 247 405 258 1 
325 310 333 321 1 
323 329 336 341 1 
175 212 187 222 1 
135 203 151 215 1 
194 9 206 20 1 
568 263 579 275 1 
508 272 519 280 1 
517 217 531 230 1 
