536 263 562 288 1 
242 332 270 359 1 
113 217 143 247 1 
49 248 82 281 1 
229 19 278 68 1 
175 234 226 285 1 
21 0 51 24 1 
111 213 149 253 1 
210 20 230 38 1 
96 119 115 138 1 
270 1 292 12 1 
375 52 393 69 1 
177 234 223 281 1 
13 238 31 258 1 
51 321 68 339 1 
108 331 123 351 1 
0 42 17 60 1 
24 77 33 88 1 
375 112 397 134 1 
404 170 418 182 1 
180 61 195 74 1 
100 23 114 35 1 
57 64 65 75 1 
26 31 43 47 1 
34 228 45 241 1 
65 214 80 231 1 
45 247 83 282 1 
45 276 57 288 1 
68 304 85 320 1 
117 275 129 290 1 
91 285 104 299 1 
98 279 106 287 1 
97 207 105 214 1 
106 198 112 207 1 
123 187 135 197 1 
173 101 186 112 1 
149 210 173 236 1 
187 204 207 222 1 
193 199 201 207 1 
209 182 241 215 1 
188 20 199 32 1 
280 112 299 131 1 
287 98 306 116 1 
307 38 320 51 1 
199 154 214 168 1 
242 328 272 355 1 
305 315 329 334 1 
391 298 417 322 1 
532 261 563 292 1 
421 83 438 98 1 
461 137 474 149 1 
483 172 494 183 1 
544 116 561 132 1 
495 207 512 224 1 
525 196 546 213 1 
432 231 448 246 1 
398 221 412 236 1 
382 244 399 261 1 
454 206 468 220 1 
440 219 453 234 1 
455 238 468 253 1 
486 260 504 280 1 
503 155 513 166 1 
526 148 539 161 1 
576 210 586 228 1 
222 332 238 349 1 
168 285 182 300 1 
186 286 199 300 1 
278 216 290 229 1 
341 242 356 257 1 
343 22 357 35 1 
355 21 370 38 1 
559 186 570 197 1 
422 164 448 188 1 
335 316 349 331 1 
322 344 332 355 1 
322 289 332 302 1 
