44 51 81 88 1 
233 286 264 317 1 
40 51 84 89 1 
157 86 174 104 1 
151 121 171 145 1 
171 99 188 120 1 
138 305 157 327 1 
67 214 84 235 1 
82 233 102 250 1 
12 353 34 375 1 
170 296 197 322 1 
201 315 226 341 1 
228 285 268 320 1 
191 246 210 262 1 
3 218 22 237 1 
13 158 25 171 1 
21 100 33 116 1 
16 10 34 28 1 
23 54 23 54 1 
9 38 20 52 1 
220 8 234 24 1 
373 46 387 60 1 
417 220 443 242 1 
101 207 114 222 1 
141 380 169 400 1 
79 286 97 305 1 
16 350 16 350 1 
127 158 139 173 1 
62 155 76 169 1 
83 145 96 156 1 
280 96 295 109 1 
466 10 491 33 1 
403 118 425 148 1 
260 55 273 69 1 
63 29 80 43 1 
66 17 78 32 1 
1 118 13 138 1 
3 324 18 353 1 
