254 241 289 276 1 
529 112 558 142 1 
0 218 33 273 1 
487 287 513 314 1 
257 241 290 274 1 
331 185 353 206 1 
488 289 514 317 1 
557 188 570 203 1 
496 214 504 222 1 
69 119 73 120 1 
27 99 38 110 1 
23 106 30 114 1 
37 101 51 120 1 
41 122 54 136 1 
15 134 33 144 1 
9 144 20 156 1 
79 146 91 157 1 
37 178 58 196 1 
23 189 35 204 1 
14 203 24 214 1 
36 223 42 228 1 
40 288 53 302 1 
60 291 65 296 1 
65 304 76 315 1 
68 296 73 303 1 
68 297 76 305 1 
35 304 43 311 1 
31 309 40 315 1 
29 321 36 328 1 
12 345 21 357 1 
22 352 42 373 1 
117 163 134 182 1 
50 328 68 348 1 
65 326 72 336 1 
78 168 85 178 1 
138 194 146 203 1 
131 181 139 189 1 
151 209 163 222 1 
142 231 155 245 1 
102 251 108 258 1 
55 355 63 364 1 
86 339 103 357 1 
76 350 91 370 1 
90 368 96 374 1 
85 377 92 387 1 
71 375 82 387 1 
52 380 59 387 1 
119 249 128 260 1 
126 285 132 292 1 
129 302 138 311 1 
131 326 140 336 1 
144 317 152 326 1 
150 343 159 350 1 
116 375 127 386 1 
128 392 138 400 1 
86 305 94 312 1 
136 151 145 161 1 
149 164 158 173 1 
151 152 164 162 1 
171 163 182 173 1 
190 179 203 191 1 
180 249 190 257 1 
214 259 222 266 1 
192 275 207 292 1 
211 209 219 218 1 
234 212 241 221 1 
332 188 352 204 1 
373 154 382 164 1 
384 171 391 179 1 
396 183 402 191 1 
402 172 410 179 1 
418 165 434 179 1 
377 206 388 216 1 
395 217 403 225 1 
170 238 178 245 1 
242 284 249 293 1 
273 274 282 287 1 
258 245 284 271 1 
294 187 302 199 1 
292 197 297 205 1 
285 194 293 202 1 
278 199 284 206 1 
266 197 271 205 1 
266 208 273 214 1 
295 233 308 244 1 
309 234 317 242 1 
314 280 323 289 1 
264 329 276 340 1 
240 335 249 343 1 
227 357 234 363 1 
234 350 241 357 1 
240 371 248 380 1 
262 359 279 374 1 
281 367 289 375 1 
297 340 303 348 1 
295 318 309 332 1 
328 299 338 311 1 
314 344 323 354 1 
361 350 368 359 1 
400 358 409 370 1 
403 255 415 266 1 
364 219 376 231 1 
340 219 348 229 1 
346 217 355 227 1 
358 237 371 251 1 
363 256 372 267 1 
381 272 389 279 1 
334 269 342 277 1 
325 263 333 273 1 
495 143 505 155 1 
529 114 560 144 1 
570 56 581 69 1 
568 86 576 94 1 
409 133 420 142 1 
475 162 487 177 1 
494 160 503 169 1 
506 161 516 172 1 
526 149 535 159 1 
544 148 555 158 1 
556 146 566 157 1 
552 167 563 178 1 
587 168 595 177 1 
572 178 588 193 1 
585 117 594 126 1 
579 219 588 229 1 
590 216 598 227 1 
462 201 473 210 1 
456 218 470 235 1 
441 260 449 269 1 
445 280 454 289 1 
487 232 497 244 1 
330 286 337 294 1 
354 281 360 288 1 
337 289 345 296 1 
346 294 354 303 1 
392 331 402 341 1 
383 107 394 119 1 
409 341 420 353 1 
440 336 455 349 1 
440 353 450 362 1 
456 361 468 375 1 
446 376 454 385 1 
463 308 472 318 1 
471 289 483 300 1 
483 276 498 288 1 
489 291 510 314 1 
475 316 485 326 1 
497 327 505 335 1 
500 335 511 346 1 
517 327 524 335 1 
525 330 533 339 1 
534 324 544 336 1 
593 312 600 333 1 
583 255 594 267 1 
517 245 529 257 1 
0 0 466 174 1 
257 241 290 274 1 
331 185 353 206 1 
488 289 514 317 1 
557 188 570 203 1 
