164 129 199 165 1 
330 215 364 248 1 
390 29 416 56 1 
304 307 379 382 1 
143 0 298 145 1 
151 119 207 169 1 
222 144 245 169 1 
323 212 368 251 1 
391 258 408 275 1 
367 293 406 326 1 
451 282 468 299 1 
489 294 508 311 1 
493 269 510 284 1 
528 327 542 341 1 
539 336 554 349 1 
517 215 548 243 1 
403 94 432 122 1 
392 77 410 95 1 
364 62 381 75 1 
382 24 421 58 1 
364 42 384 58 1 
333 52 352 74 1 
117 172 144 194 1 
138 167 156 185 1 
69 298 94 323 1 
86 280 102 297 1 
118 297 132 311 1 
170 285 196 305 1 
287 249 307 270 1 
21 225 34 240 1 
29 239 46 254 1 
30 223 48 238 1 
89 45 113 73 1 
142 92 161 111 1 
176 95 196 115 1 
446 197 461 212 1 
433 204 447 218 1 
224 57 243 80 1 
266 121 286 144 1 
168 212 186 233 1 
392 157 410 182 1 
245 282 267 301 1 
98 4 116 21 1 
108 29 125 44 1 
73 21 96 45 1 
46 7 67 24 1 
504 78 525 101 1 
572 52 585 62 1 
436 26 456 44 1 
310 126 320 137 1 
254 97 264 106 1 
171 49 188 66 1 
217 213 231 223 1 
406 242 416 255 1 
457 232 468 247 1 
466 240 477 253 1 
386 343 397 353 1 
228 267 247 282 1 
154 247 170 264 1 
90 259 109 279 1 
4 162 17 175 1 
89 125 96 137 1 
463 54 478 68 1 
484 95 499 109 1 
512 152 525 167 1 
539 163 552 178 1 
529 140 539 152 1 
509 126 520 138 1 
494 146 504 156 1 
566 342 577 352 1 
438 273 446 282 1 
266 327 278 340 1 
97 332 115 349 1 
5 248 17 264 1 
215 25 227 41 1 
253 333 261 343 1 
215 242 234 264 1 
304 181 319 200 1 
330 197 343 209 1 
559 304 569 316 1 
516 263 532 280 1 
497 249 509 260 1 
475 77 488 91 1 
545 92 557 104 1 
389 1 403 13 1 
287 167 299 181 1 
418 141 432 157 1 
568 207 577 216 1 
205 302 219 314 1 
262 207 275 219 1 
199 218 214 231 1 
169 239 183 254 1 
30 130 46 145 1 
14 75 23 85 1 
67 0 79 13 1 
519 103 531 117 1 
413 310 430 326 1 
91 210 103 220 1 
160 19 173 31 1 
210 1 230 20 1 
559 254 570 265 1 
76 83 89 94 1 
76 142 85 150 1 
38 115 48 124 1 
115 129 125 139 1 
245 19 256 31 1 
518 308 530 318 1 
438 313 449 324 1 
254 239 267 251 1 
126 100 141 113 1 
