299 31 328 59 1 
141 132 175 167 1 
547 176 579 207 1 
564 101 596 132 1 
411 0 451 35 1 
244 20 269 45 1 
546 174 579 208 1 
578 178 595 197 1 
564 140 580 157 1 
547 142 560 155 1 
555 103 573 120 1 
566 97 597 131 1 
575 127 585 137 1 
582 72 599 88 1 
558 57 572 70 1 
482 34 500 51 1 
493 49 502 58 1 
496 52 513 71 1 
515 60 525 71 1 
460 20 473 33 1 
435 48 457 71 1 
405 1 455 38 1 
335 37 350 52 1 
338 17 348 28 1 
295 28 331 62 1 
261 9 274 22 1 
242 17 273 51 1 
264 44 295 81 1 
201 27 217 43 1 
210 70 231 90 1 
235 72 250 85 1 
234 116 262 148 1 
224 141 239 154 1 
153 85 170 101 1 
145 66 156 78 1 
142 81 151 91 1 
131 51 143 62 1 
127 63 137 73 1 
99 93 123 117 1 
91 87 102 98 1 
56 56 80 77 1 
67 33 81 46 1 
58 26 70 38 1 
51 19 62 29 1 
26 187 54 218 1 
60 212 88 236 1 
26 246 44 266 1 
35 271 57 292 1 
16 308 39 323 1 
19 320 41 340 1 
1 350 12 368 1 
334 277 357 298 1 
324 231 342 247 1 
259 204 272 217 1 
273 206 285 218 1 
283 206 296 220 1 
277 185 291 199 1 
153 335 171 351 1 
72 246 259 400 1 
352 171 365 183 1 
348 182 372 206 1 
294 180 313 203 1 
354 126 384 154 1 
388 96 401 110 1 
378 107 400 128 1 
365 110 377 124 1 
516 108 541 132 1 
506 75 521 88 1 
517 85 528 96 1 
554 28 567 42 1 
581 228 592 240 1 
576 237 587 250 1 
567 308 581 323 1 
582 289 592 300 1 
548 283 561 297 1 
534 322 545 333 1 
471 338 483 349 1 
476 381 483 390 1 
406 360 421 373 1 
378 361 391 373 1 
305 358 315 367 1 
260 270 270 281 1 
272 268 282 278 1 
67 293 77 302 1 
66 242 76 251 1 
50 242 61 255 1 
14 229 30 244 1 
28 150 42 163 1 
33 161 49 177 1 
2 146 12 157 1 
16 126 28 139 1 
166 33 188 54 1 
171 25 183 37 1 
290 6 304 21 1 
336 1 355 17 1 
357 3 374 19 1 
507 8 517 18 1 
118 120 136 139 1 
144 117 157 129 1 
139 129 191 178 1 
187 150 202 162 1 
169 173 193 195 1 
130 176 150 197 1 
145 163 162 181 1 
140 202 160 223 1 
164 191 175 204 1 
184 228 195 242 1 
199 242 211 255 1 
210 232 223 246 1 
349 189 439 269 1 
101 197 115 210 1 
506 176 520 189 1 
516 241 528 254 1 
460 81 483 101 1 
425 79 450 101 1 
419 74 430 86 1 
460 65 472 78 1 
303 76 318 90 1 
297 122 314 138 1 
