308 211 348 251 1 
378 118 425 165 1 
274 167 306 199 1 
223 121 249 147 1 
51 157 76 182 1 
73 24 121 72 1 
249 0 335 51 1 
98 127 232 260 1 
495 305 527 337 1 
398 192 553 347 1 
416 379 510 400 1 
383 379 410 400 1 
352 386 371 400 1 
327 326 355 354 1 
306 205 353 253 1 
273 163 309 199 1 
221 119 254 151 1 
242 73 271 98 1 
121 149 144 176 1 
50 154 79 182 1 
0 181 24 210 1 
141 117 158 138 1 
123 112 141 129 1 
42 113 66 135 1 
353 109 375 132 1 
357 261 376 283 1 
326 255 350 275 1 
468 156 491 177 1 
374 188 388 201 1 
389 170 404 184 1 
335 156 350 173 1 
341 172 359 187 1 
556 123 585 153 1 
540 0 562 17 1 
541 27 556 42 1 
480 30 501 44 1 
410 71 428 86 1 
417 112 434 131 1 
465 227 479 245 1 
539 292 554 309 1 
508 209 534 230 1 
421 214 440 232 1 
439 205 451 223 1 
452 203 469 221 1 
376 116 431 172 1 
248 301 271 325 1 
241 337 256 353 1 
278 362 291 381 1 
252 348 268 364 1 
202 377 219 391 1 
58 369 71 386 1 
102 227 120 244 1 
195 186 215 208 1 
199 87 214 105 1 
68 95 83 106 1 
154 25 178 44 1 
154 74 175 93 1 
515 143 532 162 1 
450 321 466 342 1 
424 310 440 327 1 
474 295 492 319 1 
219 66 234 83 1 
203 298 221 318 1 
146 264 165 285 1 
503 55 513 67 1 
458 0 473 17 1 
474 17 485 29 1 
489 16 496 26 1 
496 12 504 24 1 
551 49 565 63 1 
532 66 543 79 1 
414 39 424 50 1 
431 41 441 53 1 
440 36 450 49 1 
430 60 450 86 1 
102 335 112 347 1 
92 378 106 392 1 
174 313 188 327 1 
125 370 138 388 1 
134 224 149 236 1 
111 180 125 195 1 
279 329 294 343 1 
480 121 497 140 1 
96 67 118 83 1 
329 24 341 39 1 
197 22 212 35 1 
414 6 425 17 1 
390 239 402 254 1 
401 230 413 243 1 
10 354 22 370 1 
221 226 232 237 1 
295 283 304 297 1 
168 379 178 391 1 
33 251 43 265 1 
534 119 546 130 1 
160 114 173 127 1 
577 315 590 329 1 
571 335 585 350 1 
331 277 342 288 1 
75 139 87 152 1 
539 92 552 106 1 
141 92 150 103 1 
95 160 108 173 1 
93 213 106 227 1 
163 203 176 216 1 
