338 0 402 57 1 
113 251 191 329 1 
0 67 37 128 1 
220 377 235 392 1 
345 192 359 207 1 
322 193 336 208 1 
335 0 406 63 1 
113 249 199 336 1 
439 307 464 331 1 
0 44 42 133 1 
78 145 99 162 1 
85 308 106 331 1 
54 307 72 321 1 
415 275 433 296 1 
385 165 401 182 1 
394 185 411 201 1 
417 211 435 228 1 
332 215 353 237 1 
359 243 377 261 1 
339 249 356 266 1 
153 51 173 67 1 
345 65 363 82 1 
478 222 492 238 1 
454 282 470 297 1 
269 171 292 192 1 
227 231 243 247 1 
295 60 308 75 1 
34 174 55 190 1 
434 343 452 361 1 
421 345 438 361 1 
33 338 43 350 1 
165 107 182 124 1 
