27 79 110 163 1 
455 59 490 94 1 
493 183 519 210 1 
392 208 441 257 1 
4 0 50 25 1 
549 13 590 55 1 
563 302 594 334 1 
12 305 44 337 1 
516 317 555 355 1 
218 74 288 144 1 
8 0 61 23 1 
17 80 36 98 1 
35 85 116 161 1 
116 116 133 134 1 
129 99 145 116 1 
115 76 132 93 1 
109 60 122 73 1 
112 45 123 56 1 
3 177 30 206 1 
15 305 48 337 1 
33 298 51 315 1 
2 379 32 402 1 
102 378 122 400 1 
125 352 151 378 1 
106 354 119 370 1 
131 259 263 383 1 
385 338 469 400 1 
392 207 445 255 1 
490 181 524 215 1 
453 56 493 99 1 
544 9 598 60 1 
563 301 599 337 1 
553 223 576 247 1 
564 283 584 305 1 
259 34 282 57 1 
277 80 298 103 1 
377 15 410 51 1 
376 63 397 81 1 
405 64 434 91 1 
396 71 410 86 1 
419 82 447 109 1 
429 69 441 83 1 
477 25 491 41 1 
393 209 442 255 1 
79 230 101 254 1 
103 219 116 234 1 
109 279 123 295 1 
122 270 133 282 1 
99 293 109 305 1 
67 367 79 380 1 
41 332 54 346 1 
56 295 70 312 1 
80 230 100 253 1 
103 219 116 234 1 
129 200 139 210 1 
139 208 153 224 1 
151 196 169 215 1 
175 227 189 244 1 
194 248 206 261 1 
154 267 169 284 1 
142 263 155 278 1 
244 366 268 390 1 
254 296 272 315 1 
264 267 281 285 1 
263 265 284 287 1 
269 253 283 267 1 
288 249 299 264 1 
298 230 311 245 1 
315 228 329 243 1 
319 200 336 217 1 
291 185 302 198 1 
302 168 313 181 1 
289 139 300 153 1 
289 114 300 125 1 
287 101 298 112 1 
307 106 320 120 1 
222 56 236 72 1 
236 66 251 82 1 
205 82 222 99 1 
186 93 199 106 1 
197 100 209 111 1 
156 19 166 29 1 
162 33 172 44 1 
105 39 115 50 1 
295 22 310 38 1 
300 8 315 25 1 
376 1 392 19 1 
396 10 408 21 1 
394 1 408 12 1 
448 9 460 21 1 
451 18 461 29 1 
421 29 431 41 1 
531 11 543 23 1 
540 11 555 25 1 
580 34 592 47 1 
587 37 598 50 1 
560 56 572 68 1 
554 69 568 84 1 
550 102 566 117 1 
585 93 596 105 1 
551 128 571 147 1 
550 173 567 189 1 
531 193 547 209 1 
484 225 500 243 1 
498 232 511 245 1 
513 236 530 253 1 
513 252 525 265 1 
525 249 536 261 1 
543 254 554 269 1 
557 250 571 264 1 
454 255 480 279 1 
476 279 492 294 1 
510 323 523 337 1 
530 346 541 357 1 
575 360 588 374 1 
582 369 600 389 1 
578 390 596 404 1 
85 1 95 11 1 
87 13 97 23 1 
78 40 91 54 1 
57 217 71 232 1 
2 272 15 283 1 
228 330 239 344 1 
301 366 316 379 1 
280 346 295 358 1 
280 334 292 347 1 
272 357 286 373 1 
320 343 333 357 1 
340 332 350 343 1 
339 389 352 400 1 
351 302 391 341 1 
360 246 378 265 1 
343 245 365 267 1 
377 203 397 221 1 
391 185 405 199 1 
396 194 410 207 1 
385 193 396 205 1 
332 158 348 174 1 
345 172 356 185 1 
392 136 410 154 1 
441 123 456 137 1 
462 103 501 142 1 
497 97 508 110 1 
517 92 527 102 1 
529 86 540 98 1 
309 59 327 77 1 
322 75 340 94 1 
429 286 457 312 1 
439 175 451 188 1 
454 168 471 185 1 
423 131 441 148 1 
434 146 446 158 1 
419 164 434 179 1 
416 159 426 169 1 
409 167 420 178 1 
411 188 423 200 1 
508 126 519 137 1 
471 362 487 378 1 
440 381 452 394 1 
456 378 467 389 1 
424 390 437 402 1 
556 347 569 362 1 
524 149 549 175 1 
132 18 141 28 1 
133 32 143 42 1 
139 81 150 92 1 
159 94 172 109 1 
95 193 105 204 1 
88 205 99 217 1 
339 3 351 16 1 
283 8 299 23 1 
508 126 517 137 1 
482 131 495 145 1 
496 134 506 145 1 
