149 336 189 377 1 
163 0 214 44 1 
187 177 212 202 1 
461 0 530 45 1 
192 93 220 121 1 
426 309 451 335 1 
182 172 217 204 1 
157 3 224 48 1 
191 93 224 120 1 
191 135 212 153 1 
144 333 195 363 1 
63 331 99 362 1 
36 195 60 219 1 
30 63 59 96 1 
40 16 54 30 1 
83 126 101 142 1 
48 166 62 181 1 
91 178 104 193 1 
98 170 112 181 1 
77 178 93 196 1 
92 248 119 274 1 
31 289 51 307 1 
34 302 48 317 1 
77 307 90 320 1 
167 217 182 234 1 
175 210 196 230 1 
147 93 161 109 1 
147 78 163 92 1 
121 77 143 98 1 
173 161 188 178 1 
154 292 172 309 1 
139 317 156 334 1 
207 325 228 347 1 
223 308 239 323 1 
179 269 191 286 1 
157 260 172 277 1 
130 111 148 125 1 
294 20 317 44 1 
302 166 329 195 1 
279 163 305 188 1 
288 218 308 238 1 
300 201 318 221 1 
252 280 268 294 1 
280 296 292 307 1 
298 301 319 322 1 
293 328 313 347 1 
357 338 374 356 1 
427 302 453 338 1 
385 223 436 294 1 
535 167 558 193 1 
434 156 448 171 1 
456 166 471 181 1 
342 141 367 166 1 
366 129 395 161 1 
383 69 406 93 1 
337 79 356 97 1 
318 78 333 95 1 
258 104 286 133 1 
297 92 324 119 1 
233 69 250 86 1 
239 33 255 51 1 
260 23 276 41 1 
442 63 467 82 1 
502 48 518 67 1 
491 138 509 161 1 
473 174 495 194 1 
438 243 455 260 1 
451 250 466 264 1 
495 285 511 301 1 
550 300 571 320 1 
404 167 425 194 1 
330 173 350 194 1 
560 149 577 166 1 
565 11 585 31 1 
461 127 472 141 1 
498 115 512 131 1 
534 46 557 70 1 
322 0 341 17 1 
353 16 377 36 1 
439 99 454 117 1 
450 100 469 117 1 
530 215 545 234 1 
471 217 490 233 1 
382 326 402 348 1 
357 251 375 270 1 
