275 3 320 47 1 
169 134 202 167 1 
275 83 307 115 1 
236 275 265 304 1 
359 316 388 345 1 
385 305 398 318 1 
21 385 30 396 1 
35 377 44 387 1 
27 351 40 362 1 
63 292 72 302 1 
64 300 73 311 1 
68 380 77 388 1 
0 0 0 0 1 
69 388 78 399 1 
69 95 79 104 1 
38 73 48 83 1 
34 86 45 97 1 
33 36 41 45 1 
20 37 29 46 1 
158 3 166 12 1 
256 16 264 23 1 
257 0 264 6 1 
104 66 116 78 1 
322 262 334 274 1 
327 258 341 273 1 
352 286 360 296 1 
366 280 377 290 1 
301 317 316 333 1 
314 311 325 324 1 
345 159 357 171 1 
370 392 379 399 1 
502 279 512 289 1 
451 297 461 307 1 
447 232 459 243 1 
408 14 418 25 1 
414 24 425 35 1 
524 51 535 63 1 
90 3 101 15 1 
69 3 81 16 1 
45 24 59 39 1 
26 18 43 34 1 
3 23 13 37 1 
83 81 95 95 1 
14 62 24 71 1 
41 50 52 59 1 
3 80 89 270 1 
3 324 20 342 1 
25 329 36 338 1 
99 270 107 283 1 
90 5 99 15 1 
119 7 128 19 1 
131 25 142 38 1 
166 55 178 70 1 
82 79 93 97 1 
146 149 155 160 1 
100 272 108 282 1 
89 293 99 303 1 
100 332 109 343 1 
89 347 98 356 1 
102 377 110 386 1 
99 387 107 396 1 
150 375 169 398 1 
163 344 168 351 1 
147 317 169 338 1 
123 311 132 319 1 
126 328 133 337 1 
159 273 168 283 1 
146 147 158 161 1 
167 55 179 72 1 
130 26 141 38 1 
201 7 208 14 1 
178 13 187 27 1 
178 42 186 50 1 
170 56 177 70 1 
170 135 196 167 1 
237 155 249 164 1 
217 161 228 172 1 
206 174 214 183 1 
259 181 271 195 1 
259 165 267 173 1 
269 162 279 180 1 
213 207 225 223 1 
268 215 281 230 1 
239 236 255 251 1 
206 243 217 254 1 
185 259 194 267 1 
177 289 195 310 1 
204 311 211 318 1 
199 323 210 335 1 
191 362 203 376 1 
217 319 230 330 1 
200 325 212 335 1 
230 356 241 368 1 
232 372 250 390 1 
248 307 260 319 1 
235 274 276 312 1 
239 235 253 248 1 
257 181 270 195 1 
236 154 248 164 1 
244 80 253 91 1 
274 3 305 45 1 
275 84 306 114 1 
288 137 304 154 1 
265 163 283 180 1 
258 182 271 195 1 
314 186 332 201 1 
355 313 385 347 1 
361 147 369 155 1 
350 71 362 88 1 
440 1 459 17 1 
431 76 443 89 1 
403 214 413 227 1 
434 216 445 230 1 
432 233 443 243 1 
402 281 409 295 1 
390 377 401 391 1 
398 374 406 380 1 
399 282 409 294 1 
406 214 414 222 1 
429 161 439 171 1 
485 385 493 395 1 
426 48 434 59 1 
431 75 445 91 1 
442 2 463 18 1 
495 68 510 88 1 
527 0 542 8 1 
571 14 578 24 1 
584 2 603 34 1 
583 39 591 49 1 
561 43 576 68 1 
555 107 565 118 1 
533 130 540 138 1 
467 207 477 220 1 
476 224 482 236 1 
507 230 518 241 1 
495 220 504 234 1 
466 253 478 266 1 
492 246 506 261 1 
528 252 542 266 1 
538 217 548 232 1 
558 176 576 194 1 
581 173 590 183 1 
578 260 585 275 1 
560 289 568 299 1 
523 305 530 314 1 
574 314 588 330 1 
502 363 514 374 1 
482 383 494 397 1 
580 384 594 399 1 
471 341 486 352 1 
385 305 398 318 1 
21 385 30 396 1 
35 377 44 387 1 
27 351 40 362 1 
63 292 72 302 1 
64 300 73 311 1 
68 380 77 388 1 
0 0 0 0 1 
69 388 78 399 1 
69 95 79 104 1 
38 73 48 83 1 
34 86 45 97 1 
33 36 41 45 1 
20 37 29 46 1 
158 3 166 12 1 
256 16 264 23 1 
257 0 264 6 1 
104 66 116 78 1 
322 262 334 274 1 
327 258 341 273 1 
352 286 360 296 1 
366 280 377 290 1 
301 317 316 333 1 
314 311 325 324 1 
345 159 357 171 1 
370 392 379 399 1 
502 279 512 289 1 
451 297 461 307 1 
447 232 459 243 1 
408 14 418 25 1 
414 24 425 35 1 
