321 69 355 103 1 
461 32 502 74 1 
324 256 372 304 1 
345 299 376 331 1 
371 175 408 212 1 
106 301 137 332 1 
289 246 322 279 1 
235 207 268 239 1 
0 13 28 44 1 
455 24 508 81 1 
312 55 358 106 1 
295 67 311 84 1 
155 150 176 177 1 
204 182 226 208 1 
231 206 266 240 1 
103 301 137 333 1 
75 251 95 274 1 
86 192 112 219 1 
129 125 143 144 1 
159 83 176 104 1 
103 125 116 140 1 
118 164 128 174 1 
56 58 66 73 1 
102 52 115 69 1 
72 62 87 77 1 
1 10 32 48 1 
218 343 241 371 1 
135 344 156 363 1 
37 352 54 366 1 
283 242 316 282 1 
320 252 376 305 1 
344 297 379 331 1 
371 171 411 219 1 
315 138 343 168 1 
521 189 543 210 1 
571 255 585 271 1 
582 289 594 302 1 
107 368 117 380 1 
215 129 237 156 1 
176 152 188 169 1 
540 72 575 115 1 
564 30 579 48 1 
577 22 592 44 1 
424 252 439 272 1 
310 222 328 242 1 
337 219 353 241 1 
305 180 319 197 1 
265 183 280 200 1 
249 184 266 198 1 
290 121 304 142 1 
212 31 251 74 1 
137 197 147 210 1 
166 242 181 256 1 
120 217 134 234 1 
121 281 137 299 1 
365 374 380 391 1 
310 388 327 400 1 
263 247 277 261 1 
433 131 451 144 1 
347 193 366 212 1 
358 217 375 235 1 
376 134 397 150 1 
409 31 431 56 1 
394 0 448 32 1 
508 53 533 81 1 
104 13 126 32 1 
248 371 270 392 1 
200 297 214 313 1 
246 337 261 358 1 
300 351 313 365 1 
318 240 335 258 1 
452 213 464 226 1 
451 254 463 269 1 
427 220 437 233 1 
482 185 499 205 1 
549 135 565 149 1 
192 142 203 152 1 
138 228 147 242 1 
166 391 175 399 1 
396 381 407 390 1 
377 390 387 400 1 
461 133 485 157 1 
512 388 527 400 1 
324 174 338 189 1 
288 41 298 51 1 
268 36 279 48 1 
