33 122 119 208 1 
105 56 133 85 1 
168 91 199 116 1 
54 71 78 89 1 
402 1 433 29 1 
91 96 109 115 1 
104 117 121 131 1 
73 261 108 287 1 
2 279 46 334 1 
200 45 226 67 1 
194 4 214 23 1 
540 23 557 37 1 
489 145 520 170 1 
474 159 505 185 1 
334 261 366 291 1 
112 191 135 212 1 
43 53 60 67 1 
68 221 94 242 1 
80 203 96 216 1 
274 122 293 139 1 
257 22 278 39 1 
226 1 248 21 1 
320 93 340 107 1 
241 165 264 183 1 
287 322 310 339 1 
64 13 82 27 1 
374 255 398 277 1 
24 106 128 220 1 
46 274 66 292 1 
52 308 76 325 1 
68 337 88 353 1 
219 287 236 305 1 
232 261 250 277 1 
231 274 249 289 1 
205 147 226 163 1 
190 179 212 197 1 
496 101 514 123 1 
425 102 443 123 1 
186 311 202 329 1 
134 5 148 19 1 
184 249 198 261 1 
184 259 202 273 1 
227 33 244 49 1 
477 194 498 211 1 
506 344 533 360 1 
417 269 438 291 1 
