508 261 543 296 1 
33 258 97 321 1 
123 106 154 138 1 
484 182 521 219 1 
272 0 303 23 1 
37 131 106 199 1 
146 279 173 306 1 
537 71 562 96 1 
504 260 542 295 1 
423 330 451 358 1 
32 265 82 311 1 
121 108 155 137 1 
36 135 101 197 1 
536 67 563 96 1 
451 99 468 119 1 
488 139 511 163 1 
509 135 522 153 1 
521 143 537 160 1 
519 170 532 186 1 
416 234 437 260 1 
459 186 474 205 1 
482 180 519 219 1 
95 73 117 96 1 
130 28 147 44 1 
173 35 201 60 1 
205 68 221 81 1 
238 160 261 185 1 
237 220 255 240 1 
285 281 311 303 1 
337 267 355 284 1 
31 223 51 243 1 
143 281 173 306 1 
165 249 183 265 1 
113 192 136 211 1 
143 172 158 190 1 
160 111 177 130 1 
163 87 179 105 1 
151 59 163 77 1 
381 24 399 44 1 
555 9 576 29 1 
475 7 493 23 1 
459 19 474 30 1 
403 19 416 33 1 
412 7 424 20 1 
417 25 429 35 1 
316 125 330 142 1 
288 164 308 187 1 
290 187 309 206 1 
345 199 361 212 1 
345 222 355 234 1 
361 222 371 233 1 
213 334 227 347 1 
218 267 233 283 1 
200 201 220 220 1 
169 197 185 211 1 
167 216 180 227 1 
185 222 197 234 1 
240 125 254 141 1 
199 112 213 124 1 
288 68 312 95 1 
333 2 347 19 1 
273 1 303 19 1 
147 1 224 22 1 
12 208 31 223 1 
19 305 39 323 1 
169 290 183 309 1 
389 295 399 307 1 
403 286 416 299 1 
461 280 480 299 1 
481 242 494 262 1 
545 229 557 245 1 
516 307 536 333 1 
537 338 551 355 1 
256 335 267 346 1 
289 347 299 359 1 
215 161 223 175 1 
102 341 122 361 1 
106 311 117 323 1 
117 301 131 318 1 
119 283 131 296 1 
109 270 119 283 1 
115 247 129 263 1 
107 157 137 189 1 
387 79 404 97 1 
430 59 439 72 1 
406 51 419 63 1 
417 42 422 53 1 
493 13 508 30 1 
520 22 530 35 1 
527 6 536 15 1 
554 34 569 52 1 
533 115 547 128 1 
446 306 477 338 1 
5 67 23 88 1 
323 91 351 115 1 
333 111 357 133 1 
327 127 353 150 1 
394 124 421 150 1 
12 1 22 14 1 
13 23 23 32 1 
28 40 37 49 1 
15 99 25 112 1 
11 144 27 159 1 
91 94 102 107 1 
372 93 383 104 1 
374 101 383 113 1 
155 163 164 176 1 
131 12 142 21 1 
104 119 113 128 1 
288 126 297 135 1 
