64 29 95 61 1 
254 15 287 48 1 
341 303 373 335 1 
522 261 552 292 1 
157 265 215 323 1 
209 315 240 345 1 
277 337 308 368 1 
60 25 101 64 1 
246 11 295 48 1 
116 235 144 263 1 
169 184 169 184 1 
148 159 170 183 1 
2 92 24 121 1 
155 303 179 328 1 
322 274 343 298 1 
204 309 246 348 1 
217 287 240 306 1 
451 92 480 122 1 
481 176 509 204 1 
517 256 558 299 1 
337 299 379 343 1 
106 326 127 349 1 
101 341 130 364 1 
278 340 314 365 1 
411 275 433 296 1 
298 222 313 238 1 
362 232 378 252 1 
352 201 367 216 1 
395 228 415 247 1 
451 253 468 271 1 
537 139 553 158 1 
525 99 548 120 1 
33 204 55 225 1 
40 316 55 329 1 
9 314 22 330 1 
46 324 61 341 1 
346 1 382 36 1 
443 180 443 180 1 
405 141 444 181 1 
354 128 368 147 1 
400 116 413 136 1 
258 221 278 245 1 
488 1 516 23 1 
156 43 174 63 1 
167 76 178 88 1 
152 77 168 92 1 
157 65 174 78 1 
108 278 125 296 1 
257 105 277 125 1 
458 336 472 351 1 
407 306 421 319 1 
536 210 550 226 1 
563 104 575 123 1 
553 51 566 65 1 
502 25 518 43 1 
481 45 497 60 1 
460 8 460 8 1 
460 6 475 25 1 
80 165 96 184 1 
