0 312 32 350 1 
266 44 339 116 1 
345 58 394 107 1 
305 179 337 210 1 
140 0 261 68 1 
168 96 201 129 1 
539 357 566 384 1 
544 75 595 126 1 
427 76 455 105 1 
255 152 298 195 1 
303 103 371 170 1 
349 365 405 400 1 
398 358 418 380 1 
477 376 495 395 1 
538 356 568 386 1 
31 368 54 390 1 
4 375 30 399 1 
246 380 275 400 1 
186 379 200 392 1 
379 347 390 359 1 
411 349 425 359 1 
379 370 392 382 1 
517 138 536 157 1 
583 134 600 150 1 
456 124 469 137 1 
139 49 153 61 1 
253 35 350 119 1 
301 177 340 215 1 
0 298 44 357 1 
166 95 205 132 1 
95 44 127 75 1 
345 60 396 108 1 
421 72 461 107 1 
246 320 275 347 1 
272 264 299 288 1 
222 224 252 249 1 
116 249 143 276 1 
87 154 111 176 1 
174 149 200 170 1 
539 117 565 138 1 
533 40 559 67 1 
335 11 364 34 1 
52 95 72 115 1 
30 138 52 158 1 
151 177 183 204 1 
501 158 524 179 1 
378 279 400 298 1 
252 78 275 103 1 
251 120 277 143 1 
290 141 313 161 1 
388 127 412 149 1 
396 181 423 203 1 
351 202 366 215 1 
496 321 526 349 1 
463 334 484 350 1 
559 258 576 275 1 
4 248 19 264 1 
34 282 51 297 1 
87 190 108 206 1 
156 72 178 92 1 
199 104 217 119 1 
205 326 221 342 1 
448 272 466 293 1 
429 346 453 367 1 
387 61 412 85 1 
493 80 520 104 1 
393 233 410 250 1 
444 309 475 339 1 
130 332 146 348 1 
92 226 107 239 1 
84 207 99 226 1 
95 202 122 229 1 
477 70 495 87 1 
528 14 545 28 1 
309 0 330 17 1 
280 0 303 16 1 
207 85 227 102 1 
1 85 18 102 1 
353 219 369 232 1 
153 234 170 249 1 
328 333 342 348 1 
24 344 49 365 1 
9 277 26 295 1 
366 100 387 120 1 
390 90 416 111 1 
304 104 377 182 1 
250 151 300 199 1 
109 0 290 84 1 
567 37 578 50 1 
514 299 533 322 1 
288 283 310 301 1 
140 181 157 196 1 
29 188 65 225 1 
