481 65 542 126 1 
248 356 277 385 1 
29 390 45 403 1 
124 302 148 327 1 
18 259 38 279 1 
27 232 38 244 1 
15 192 27 204 1 
3 168 17 180 1 
1 95 12 109 1 
17 100 30 111 1 
18 70 29 80 1 
75 68 89 84 1 
97 71 107 83 1 
110 78 128 95 1 
93 91 105 103 1 
104 43 120 58 1 
164 72 177 85 1 
167 45 181 59 1 
234 47 245 59 1 
245 57 255 67 1 
224 132 239 149 1 
202 174 216 189 1 
232 183 249 202 1 
259 227 273 240 1 
272 238 291 258 1 
205 250 226 272 1 
171 305 191 322 1 
182 347 199 364 1 
197 333 235 369 1 
244 353 280 387 1 
265 335 279 351 1 
304 288 327 310 1 
355 341 380 366 1 
339 250 360 271 1 
370 197 388 215 1 
372 166 384 179 1 
438 182 453 197 1 
446 238 467 258 1 
473 240 489 256 1 
437 303 454 321 1 
466 310 486 333 1 
486 325 497 336 1 
496 325 507 337 1 
504 337 517 351 1 
480 342 506 368 1 
560 363 575 380 1 
539 352 549 364 1 
553 318 566 331 1 
572 306 589 326 1 
581 246 600 273 1 
552 224 565 238 1 
574 188 595 212 1 
551 180 565 193 1 
575 146 588 160 1 
585 97 599 115 1 
589 31 604 46 1 
512 41 529 57 1 
505 27 521 42 1 
453 50 555 139 1 
456 30 471 44 1 
454 42 471 56 1 
441 56 455 72 1 
465 60 475 73 1 
443 7 462 25 1 
411 60 428 79 1 
450 96 469 118 1 
414 98 438 120 1 
463 146 483 167 1 
483 147 496 160 1 
486 111 503 129 1 
518 160 537 178 1 
481 197 497 213 1 
463 200 474 210 1 
123 155 137 168 1 
133 153 146 168 1 
266 301 277 313 1 
250 297 262 309 1 
291 132 309 149 1 
234 97 247 110 1 
125 197 141 211 1 
104 234 118 248 1 
119 240 135 256 1 
47 237 58 248 1 
59 208 72 223 1 
372 286 386 301 1 
494 263 508 276 1 
528 287 539 299 1 
536 267 551 281 1 
449 341 462 355 1 
436 355 449 370 1 
460 364 474 377 1 
493 363 511 381 1 
358 81 372 96 1 
382 79 396 94 1 
353 104 367 119 1 
299 324 334 358 1 
369 222 386 238 1 
547 171 561 185 1 
534 139 546 151 1 
416 305 433 322 1 
438 158 456 177 1 
217 292 236 311 1 
143 103 155 116 1 
194 219 207 233 1 
