319 317 347 344 1 
203 294 231 322 1 
8 60 41 93 1 
361 202 393 234 1 
294 219 342 267 1 
253 122 305 175 1 
437 292 497 352 1 
172 132 215 175 1 
419 370 492 400 1 
313 313 345 347 1 
7 58 41 95 1 
56 145 75 164 1 
73 136 92 157 1 
17 181 40 203 1 
5 139 20 158 1 
12 127 27 143 1 
373 118 405 150 1 
513 69 532 90 1 
559 33 577 53 1 
536 104 554 122 1 
511 96 527 114 1 
443 90 462 108 1 
424 228 440 246 1 
489 196 508 218 1 
499 176 513 195 1 
441 237 452 248 1 
495 241 508 255 1 
490 263 503 282 1 
442 297 495 345 1 
516 28 533 44 1 
356 360 373 379 1 
66 230 83 250 1 
46 205 60 223 1 
115 234 131 253 1 
198 291 234 324 1 
358 48 378 68 1 
387 80 401 96 1 
444 170 459 188 1 
407 263 423 283 1 
98 63 119 90 1 
125 1 159 18 1 
34 11 52 27 1 
339 153 360 178 1 
246 312 265 334 1 
517 270 539 294 1 
584 188 600 209 1 
569 277 584 300 1 
587 86 600 111 1 
234 22 266 50 1 
176 75 188 87 1 
199 117 211 130 1 
128 139 145 153 1 
154 101 163 115 1 
135 182 148 194 1 
94 175 108 187 1 
1 271 15 288 1 
1 241 14 256 1 
1 193 15 207 1 
512 386 530 400 1 
516 313 527 325 1 
545 333 556 345 1 
568 311 580 323 1 
549 176 564 189 1 
498 87 507 98 1 
364 150 388 174 1 
190 48 202 63 1 
267 388 282 400 1 
55 112 69 123 1 
0 120 8 132 1 
420 162 432 174 1 
419 185 428 198 1 
389 0 408 18 1 
581 0 597 10 1 
551 16 560 30 1 
27 218 37 232 1 
28 240 42 256 1 
309 376 321 389 1 
