452 301 510 359 1 
98 65 151 118 1 
373 220 402 249 1 
388 88 405 106 1 
368 92 385 110 1 
395 72 410 88 1 
366 382 379 394 1 
301 162 316 178 1 
240 228 256 245 1 
252 218 266 232 1 
266 178 283 194 1 
261 194 273 205 1 
257 99 279 117 1 
298 106 316 125 1 
243 30 264 50 1 
220 47 249 77 1 
231 87 253 109 1 
193 158 218 179 1 
160 160 175 174 1 
158 209 174 225 1 
231 290 247 305 1 
115 240 131 255 1 
131 249 145 262 1 
89 311 109 331 1 
178 1 191 14 1 
163 1 180 18 1 
0 265 12 279 1 
3 202 16 217 1 
87 11 102 26 1 
67 132 83 147 1 
82 187 98 204 1 
98 182 114 199 1 
93 163 108 179 1 
109 164 125 179 1 
120 132 144 154 1 
111 142 130 160 1 
98 135 115 152 1 
449 298 517 365 1 
458 280 474 298 1 
473 382 492 400 1 
425 251 446 271 1 
421 223 442 243 1 
469 233 494 255 1 
466 254 486 271 1 
415 72 444 104 1 
410 25 424 39 1 
424 9 432 17 1 
362 5 379 22 1 
337 22 356 41 1 
359 26 369 37 1 
345 52 362 70 1 
309 64 330 85 1 
369 220 406 256 1 
305 215 320 232 1 
321 246 343 266 1 
308 268 337 293 1 
341 352 358 371 1 
289 386 304 399 1 
278 387 288 397 1 
236 345 252 362 1 
234 373 247 385 1 
213 389 229 401 1 
175 325 193 347 1 
187 341 199 354 1 
204 345 216 360 1 
111 369 122 382 1 
113 342 128 356 1 
82 374 95 389 1 
80 388 94 400 1 
50 380 66 395 1 
51 359 64 373 1 
9 355 41 390 1 
13 298 32 318 1 
32 310 51 329 1 
46 300 64 318 1 
55 278 80 303 1 
54 245 79 268 1 
25 238 40 255 1 
33 225 45 238 1 
28 201 65 237 1 
10 220 26 237 1 
1 221 9 236 1 
51 179 63 194 1 
9 166 29 184 1 
0 135 26 164 1 
10 120 26 138 1 
37 64 67 94 1 
60 103 73 117 1 
7 69 19 83 1 
8 55 21 69 1 
46 45 63 60 1 
1 21 13 37 1 
25 0 42 14 1 
123 24 141 43 1 
133 43 149 58 1 
133 61 149 77 1 
107 67 142 101 1 
445 125 460 139 1 
483 215 497 229 1 
394 51 407 63 1 
314 313 327 327 1 
220 260 240 280 1 
269 124 290 145 1 
221 126 235 141 1 
203 64 216 80 1 
211 6 222 18 1 
89 63 109 83 1 
84 48 97 60 1 
82 55 93 67 1 
24 31 39 46 1 
38 44 52 57 1 
195 389 208 403 1 
123 217 133 228 1 
126 225 135 234 1 
33 281 45 294 1 
282 41 308 66 1 
353 322 367 336 1 
351 311 363 323 1 
258 72 270 84 1 
266 63 277 75 1 
270 59 281 71 1 
285 63 295 73 1 
110 288 120 298 1 
