0 45 25 78 1 
276 221 328 269 1 
329 196 362 229 1 
420 171 444 200 1 
460 171 484 194 1 
506 186 527 213 1 
559 139 576 159 1 
321 122 337 140 1 
83 153 103 176 1 
0 44 25 82 1 
201 304 225 328 1 
222 348 248 374 1 
472 357 495 379 1 
369 383 413 400 1 
414 383 453 400 1 
56 346 78 369 1 
7 265 27 283 1 
125 46 148 73 1 
482 0 511 25 1 
140 174 160 193 1 
3 150 16 161 1 
25 123 44 145 1 
46 139 58 151 1 
139 81 156 97 1 
122 91 137 106 1 
196 8 212 26 1 
267 22 281 35 1 
320 43 335 56 1 
265 71 284 90 1 
198 73 214 89 1 
306 77 315 88 1 
388 86 401 101 1 
365 98 379 109 1 
346 109 359 121 1 
461 150 474 163 1 
502 52 518 66 1 
458 127 475 142 1 
306 272 321 288 1 
313 336 330 355 1 
526 331 541 348 1 
585 329 598 345 1 
553 360 571 378 1 
147 370 169 393 1 
101 350 114 365 1 
113 383 127 397 1 
99 371 110 380 1 
189 162 210 185 1 
166 130 185 147 1 
188 115 209 131 1 
409 252 425 266 1 
422 221 442 241 1 
428 1 448 12 1 
111 222 125 238 1 
81 196 98 212 1 
7 234 21 250 1 
9 198 25 214 1 
11 170 22 183 1 
17 296 36 313 1 
0 305 12 324 1 
153 297 168 308 1 
140 352 153 368 1 
149 199 160 214 1 
284 45 299 57 1 
289 61 305 76 1 
29 367 39 380 1 
134 244 144 255 1 
157 273 170 284 1 
588 54 600 79 1 
561 0 594 26 1 
339 359 353 372 1 
430 280 447 293 1 
423 293 438 305 1 
507 303 524 317 1 
492 197 506 214 1 
394 297 406 311 1 
370 252 383 267 1 
329 259 339 270 1 
329 162 340 174 1 
98 11 110 26 1 
516 169 529 184 1 
549 214 563 232 1 
541 200 554 214 1 
529 214 543 234 1 
535 292 548 307 1 
560 326 574 343 1 
519 148 533 164 1 
496 85 508 96 1 
495 101 507 113 1 
425 92 437 104 1 
413 146 427 161 1 
375 155 388 166 1 
66 120 82 136 1 
499 230 511 245 1 
451 228 466 241 1 
365 295 378 309 1 
296 325 308 336 1 
263 315 277 328 1 
267 334 278 348 1 
292 339 301 351 1 
271 372 289 387 1 
312 370 325 385 1 
424 344 436 356 1 
180 242 194 258 1 
239 73 253 88 1 
363 64 372 75 1 
468 316 478 328 1 
449 313 460 327 1 
531 275 544 288 1 
446 242 459 254 1 
407 125 417 135 1 
204 330 214 341 1 
44 218 55 231 1 
51 3 63 11 1 
507 328 517 336 1 
348 326 369 346 1 
