488 23 532 67 1 
566 121 592 147 1 
469 76 504 111 1 
273 18 319 63 1 
271 71 320 120 1 
585 321 601 343 1 
581 313 593 327 1 
569 337 585 353 1 
545 371 560 386 1 
491 342 554 401 1 
472 330 485 342 1 
473 319 484 330 1 
450 330 464 346 1 
428 326 442 341 1 
405 357 433 385 1 
380 318 393 333 1 
307 344 319 357 1 
290 355 304 370 1 
269 361 284 376 1 
210 363 273 407 1 
228 323 254 351 1 
261 316 274 329 1 
185 327 197 339 1 
164 337 179 353 1 
151 346 165 361 1 
128 337 143 352 1 
113 353 131 372 1 
138 370 153 385 1 
58 364 76 382 1 
18 379 40 401 1 
14 367 31 383 1 
13 294 29 311 1 
96 268 120 292 1 
124 253 146 276 1 
106 260 120 273 1 
94 260 106 272 1 
96 251 108 264 1 
103 243 116 256 1 
63 233 83 253 1 
65 253 84 271 1 
166 197 183 216 1 
173 185 192 203 1 
157 154 185 183 1 
144 140 168 164 1 
23 121 45 143 1 
44 115 59 132 1 
23 87 40 104 1 
5 102 19 117 1 
1 76 13 92 1 
50 25 79 55 1 
70 13 85 29 1 
85 12 104 33 1 
478 13 558 89 1 
526 11 546 35 1 
468 49 495 76 1 
463 73 510 116 1 
527 129 546 149 1 
482 147 501 167 1 
453 119 471 139 1 
467 114 486 133 1 
562 118 596 153 1 
583 78 600 94 1 
569 28 587 47 1 
570 99 584 112 1 
518 204 554 240 1 
565 236 584 256 1 
553 252 567 266 1 
579 184 594 199 1 
432 254 460 283 1 
546 281 560 295 1 
526 289 543 307 1 
514 301 532 319 1 
542 318 558 333 1 
543 296 557 310 1 
394 165 417 186 1 
407 154 422 169 1 
405 57 425 76 1 
440 67 460 88 1 
586 7 600 21 1 
436 1 453 15 1 
424 6 437 20 1 
351 43 375 66 1 
365 40 392 65 1 
270 16 294 39 1 
287 62 301 75 1 
272 83 292 101 1 
263 100 287 126 1 
278 100 302 123 1 
318 109 342 131 1 
300 132 314 146 1 
326 144 342 162 1 
285 164 303 182 1 
256 156 274 174 1 
212 82 237 106 1 
205 70 224 89 1 
203 36 221 56 1 
248 8 263 24 1 
176 102 213 137 1 
151 108 175 132 1 
133 60 155 82 1 
89 106 104 122 1 
58 74 74 92 1 
11 238 26 255 1 
16 220 31 235 1 
2 173 16 189 1 
0 192 16 210 1 
0 206 12 219 1 
86 348 101 363 1 
114 317 128 333 1 
340 233 358 250 1 
323 222 338 235 1 
377 138 407 169 1 
351 120 372 140 1 
356 343 370 358 1 
321 318 338 335 1 
316 280 338 301 1 
336 309 347 320 1 
343 322 355 333 1 
364 316 379 333 1 
326 62 362 100 1 
50 152 68 170 1 
84 185 97 200 1 
97 179 109 191 1 
57 195 69 207 1 
50 281 60 292 1 
7 40 21 53 1 
4 54 13 64 1 
248 41 262 56 1 
173 282 186 296 1 
177 299 190 314 1 
152 275 166 292 1 
139 285 153 299 1 
586 24 602 45 1 
421 78 432 90 1 
438 88 450 100 1 
424 102 436 114 1 
408 107 419 117 1 
409 117 420 127 1 
423 122 437 135 1 
423 133 434 146 1 
428 25 440 38 1 
444 39 454 50 1 
390 1 401 11 1 
402 34 413 47 1 
396 24 407 36 1 
467 162 476 175 1 
476 167 488 180 1 
521 152 532 164 1 
529 179 539 189 1 
580 154 595 170 1 
455 282 476 303 1 
484 297 497 312 1 
199 3 211 16 1 
6 129 17 140 1 
61 170 70 181 1 
574 321 584 332 1 
265 219 278 233 1 
284 206 297 221 1 
281 226 297 241 1 
230 152 244 166 1 
138 5 151 19 1 
107 4 119 16 1 
258 192 268 202 1 
368 70 378 81 1 
282 2 293 12 1 
