69 30 112 73 1 
277 159 321 203 1 
311 235 337 260 1 
517 246 551 280 1 
543 356 583 395 1 
13 124 142 252 1 
0 175 30 208 1 
15 100 45 129 1 
512 243 552 279 1 
552 237 571 255 1 
70 30 113 73 1 
5 104 21 120 1 
16 98 48 133 1 
32 73 47 89 1 
8 56 22 70 1 
123 66 148 88 1 
169 64 196 88 1 
272 152 320 200 1 
312 233 339 257 1 
352 45 376 73 1 
371 7 393 27 1 
491 7 504 23 1 
499 2 518 16 1 
513 1 535 20 1 
460 60 473 74 1 
377 70 392 81 1 
428 68 440 79 1 
428 80 439 90 1 
284 315 303 336 1 
328 308 344 327 1 
365 292 385 310 1 
371 305 388 320 1 
433 325 449 339 1 
0 171 33 213 1 
91 185 114 207 1 
141 164 160 184 1 
162 202 177 218 1 
212 210 231 228 1 
215 244 235 263 1 
154 301 174 323 1 
207 301 225 317 1 
128 203 138 214 1 
144 210 154 222 1 
190 138 201 151 1 
216 88 233 105 1 
267 9 282 24 1 
12 139 28 156 1 
50 105 65 121 1 
50 116 63 131 1 
157 330 168 341 1 
170 344 181 356 1 
92 309 110 328 1 
131 345 141 356 1 
293 202 310 219 1 
329 153 342 166 1 
563 196 572 206 1 
569 213 578 222 1 
94 117 106 126 1 
26 239 37 249 1 
222 264 231 273 1 
222 271 233 281 1 
206 318 220 329 1 
369 264 381 277 1 
166 258 174 267 1 
228 284 238 295 1 
