223 115 262 153 1 
291 249 324 282 1 
14 114 49 149 1 
5 75 37 107 1 
1 278 53 330 1 
331 0 412 65 1 
386 124 439 177 1 
176 0 208 30 1 
145 58 174 87 1 
557 299 583 324 1 
490 0 518 15 1 
285 242 328 285 1 
263 5 286 25 1 
2 70 38 112 1 
6 110 51 152 1 
179 77 205 107 1 
25 12 48 41 1 
11 3 34 17 1 
88 91 114 118 1 
132 199 150 214 1 
182 187 208 211 1 
190 139 213 159 1 
360 225 384 250 1 
300 3 335 35 1 
304 329 324 345 1 
176 289 192 308 1 
134 57 174 89 1 
226 3 251 24 1 
492 115 522 149 1 
472 131 492 150 1 
548 23 571 45 1 
560 124 582 153 1 
154 135 177 155 1 
142 215 161 230 1 
140 231 166 247 1 
264 261 282 277 1 
244 310 265 330 1 
84 195 107 215 1 
0 241 20 264 1 
543 346 561 360 1 
70 3 92 23 1 
108 255 122 272 1 
427 218 445 239 1 
482 318 500 338 1 
245 199 262 216 1 
364 53 380 67 1 
79 287 124 315 1 
148 328 173 343 1 
403 312 429 337 1 
98 147 120 167 1 
96 38 116 59 1 
219 99 236 114 1 
379 249 398 270 1 
393 338 412 359 1 
471 249 486 265 1 
471 183 492 205 1 
288 37 304 52 1 
557 321 572 336 1 
233 279 247 293 1 
341 106 360 123 1 
462 99 477 114 1 
559 88 574 101 1 
519 95 533 109 1 
207 295 223 312 1 
208 347 225 361 1 
566 240 582 260 1 
