187 292 281 386 1 
317 321 358 363 1 
323 86 462 225 1 
454 108 511 164 1 
203 106 234 138 1 
11 250 57 295 1 
65 213 138 286 1 
101 137 165 201 1 
203 0 261 53 1 
279 0 386 58 1 
347 19 384 57 1 
460 48 487 75 1 
502 169 542 210 1 
509 269 539 299 1 
418 300 500 382 1 
301 101 326 126 1 
545 56 576 87 1 
524 96 549 121 1 
10 245 61 294 1 
99 314 122 336 1 
82 68 103 87 1 
18 0 33 16 1 
131 53 145 67 1 
103 23 130 51 1 
15 122 27 137 1 
20 184 35 198 1 
20 231 38 249 1 
167 131 183 148 1 
188 71 206 86 1 
200 104 232 138 1 
231 134 251 157 1 
253 146 279 172 1 
289 80 310 98 1 
297 99 297 99 1 
296 95 326 131 1 
303 319 319 335 1 
309 317 362 364 1 
156 359 172 375 1 
110 373 125 385 1 
116 333 136 351 1 
176 321 191 338 1 
184 294 267 383 1 
198 374 221 393 1 
168 181 197 209 1 
205 189 225 211 1 
286 195 305 214 1 
271 226 294 247 1 
258 239 271 250 1 
296 158 317 178 1 
304 195 327 214 1 
332 208 346 221 1 
415 196 432 212 1 
369 268 387 285 1 
359 300 382 322 1 
469 23 489 38 1 
569 161 597 190 1 
474 98 502 123 1 
16 361 35 378 1 
374 115 393 138 1 
326 178 343 192 1 
310 174 325 189 1 
18 304 35 322 1 
47 164 66 179 1 
476 381 490 398 1 
439 247 459 268 1 
336 258 359 276 1 
475 305 488 321 1 
431 309 447 324 1 
560 362 580 383 1 
561 301 578 321 1 
494 163 515 185 1 
453 159 453 159 1 
456 120 456 120 1 
458 123 486 151 1 
453 160 476 183 1 
407 135 425 151 1 
509 83 530 101 1 
533 140 563 168 1 
515 109 534 137 1 
176 29 199 48 1 
60 203 76 217 1 
83 346 101 365 1 
273 52 291 72 1 
413 229 413 229 1 
416 231 434 247 1 
366 193 388 209 1 
490 228 490 228 1 
490 228 515 255 1 
553 198 574 218 1 
302 388 318 400 1 
92 224 92 224 1 
92 208 105 225 1 
307 10 322 26 1 
332 88 347 102 1 
351 63 366 76 1 
344 42 354 57 1 
