471 295 500 324 1 
160 108 187 134 1 
40 180 70 210 1 
348 203 379 234 1 
159 105 188 135 1 
210 126 243 161 1 
233 162 253 183 1 
38 176 72 209 1 
12 110 31 124 1 
21 70 41 84 1 
33 13 61 39 1 
456 37 490 63 1 
568 44 586 66 1 
547 98 561 109 1 
360 58 386 81 1 
391 94 410 114 1 
393 137 406 153 1 
415 147 431 160 1 
408 158 421 171 1 
348 196 382 234 1 
280 243 302 263 1 
286 275 303 288 1 
414 255 430 270 1 
416 287 437 311 1 
455 106 464 118 1 
453 124 470 138 1 
11 219 21 232 1 
123 38 137 51 1 
135 48 153 63 1 
167 17 177 30 1 
312 121 328 134 1 
307 175 321 189 1 
437 1 460 16 1 
401 0 411 9 1 
513 102 528 114 1 
497 203 507 212 1 
232 56 242 66 1 
237 27 246 37 1 
