245 0 415 142 1 
380 164 418 202 1 
536 20 563 47 1 
556 114 591 149 1 
41 163 92 213 1 
204 92 239 127 1 
495 52 544 101 1 
0 0 18 21 1 
1 49 11 62 1 
20 63 35 77 1 
33 70 41 80 1 
6 74 11 81 1 
15 91 23 101 1 
37 89 44 95 1 
9 125 27 147 1 
0 169 10 181 1 
39 169 53 184 1 
43 168 79 204 1 
80 211 88 221 1 
76 235 84 245 1 
61 242 68 249 1 
20 244 32 256 1 
62 275 74 287 1 
42 291 51 299 1 
71 313 81 326 1 
83 275 100 297 1 
96 303 111 318 1 
104 323 115 335 1 
118 336 125 343 1 
111 243 130 262 1 
128 276 142 290 1 
143 272 153 283 1 
219 330 227 339 1 
179 285 189 293 1 
175 255 185 265 1 
87 161 95 171 1 
28 37 40 51 1 
40 12 56 28 1 
73 48 84 58 1 
75 26 92 43 1 
64 65 76 78 1 
58 44 64 53 1 
101 85 110 94 1 
103 72 109 79 1 
92 51 98 59 1 
110 75 129 93 1 
105 23 117 37 1 
122 0 138 10 1 
104 1 114 8 1 
143 37 152 47 1 
157 22 167 30 1 
162 2 171 11 1 
163 9 171 17 1 
160 44 176 57 1 
164 70 174 82 1 
142 74 150 82 1 
149 78 159 89 1 
133 97 140 103 1 
138 101 150 117 1 
109 130 116 137 1 
109 145 117 156 1 
104 166 113 175 1 
108 190 118 199 1 
194 170 200 178 1 
202 253 211 262 1 
159 243 166 252 1 
147 232 154 240 1 
228 220 237 228 1 
216 135 224 144 1 
222 175 231 184 1 
227 292 236 300 1 
190 291 198 299 1 
241 303 248 311 1 
180 89 191 101 1 
185 76 194 86 1 
221 64 235 81 1 
245 50 254 62 1 
198 24 206 36 1 
199 12 206 20 1 
227 24 235 32 1 
237 6 243 12 1 
233 14 240 21 1 
245 20 255 31 1 
256 33 265 41 1 
255 43 265 54 1 
252 75 262 87 1 
258 94 265 103 1 
208 92 233 122 1 
186 118 210 143 1 
179 105 191 118 1 
172 159 177 165 1 
225 190 234 201 1 
245 182 252 193 1 
276 168 289 179 1 
255 122 262 128 1 
373 105 380 113 1 
258 0 386 135 1 
341 133 348 141 1 
396 138 406 150 1 
366 136 373 144 1 
370 158 378 168 1 
348 172 359 184 1 
261 204 283 226 1 
260 244 268 253 1 
266 255 274 263 1 
276 246 284 253 1 
283 238 289 248 1 
289 233 295 239 1 
294 239 302 251 1 
298 266 316 284 1 
323 253 331 263 1 
323 201 337 214 1 
307 184 315 192 1 
284 189 292 199 1 
346 213 357 222 1 
350 247 361 259 1 
361 257 370 266 1 
373 260 384 271 1 
402 287 412 295 1 
330 290 339 300 1 
328 325 346 341 1 
352 347 363 360 1 
402 326 410 335 1 
426 124 433 133 1 
462 115 475 129 1 
455 130 465 142 1 
478 26 491 38 1 
481 49 488 59 1 
499 55 508 64 1 
464 78 474 87 1 
360 211 366 219 1 
410 220 418 230 1 
411 205 420 215 1 
425 228 435 239 1 
435 215 441 222 1 
448 222 458 232 1 
446 274 460 288 1 
457 285 471 299 1 
434 300 443 310 1 
457 339 464 348 1 
467 334 474 343 1 
523 328 543 351 1 
497 309 505 319 1 
500 322 508 332 1 
480 297 492 312 1 
506 305 515 316 1 
491 143 502 155 1 
481 160 490 171 1 
497 188 508 201 1 
477 193 490 211 1 
467 215 477 227 1 
464 239 472 248 1 
478 250 487 260 1 
444 244 451 253 1 
452 240 461 249 1 
504 216 513 227 1 
535 208 547 220 1 
570 203 577 213 1 
574 196 581 206 1 
561 117 581 143 1 
520 116 530 141 1 
537 131 547 141 1 
563 88 575 100 1 
549 47 565 69 1 
568 47 580 62 1 
538 17 562 46 1 
555 5 564 16 1 
532 80 540 89 1 
504 58 536 99 1 
508 31 518 45 1 
504 100 510 109 1 
442 180 449 188 1 
380 156 421 201 1 
28 382 37 390 1 
45 353 54 362 1 
50 339 57 347 1 
19 339 31 351 1 
68 326 79 337 1 
302 360 316 372 1 
553 368 564 380 1 
560 352 570 364 1 
183 57 194 68 1 
154 137 167 150 1 
216 135 226 145 1 
242 138 251 149 1 
167 350 219 400 1 
