120 204 162 246 1 
84 125 167 208 1 
113 197 170 254 1 
120 91 148 114 1 
115 34 151 65 1 
26 2 57 37 1 
8 112 30 136 1 
43 111 66 128 1 
29 110 47 128 1 
70 138 89 161 1 
141 112 159 134 1 
138 95 159 124 1 
262 151 262 151 1 
226 118 262 152 1 
2 317 28 339 1 
238 292 259 313 1 
225 231 249 248 1 
173 173 210 199 1 
272 112 306 137 1 
285 0 324 20 1 
291 79 321 109 1 
272 96 291 118 1 
271 190 288 208 1 
64 277 81 299 1 
160 328 160 328 1 
0 0 0 0 1 
17 158 32 180 1 
155 65 170 82 1 
175 72 196 90 1 
325 114 346 132 1 
306 156 324 173 1 
143 310 159 327 1 
47 208 66 227 1 
31 216 53 236 1 
