156 150 217 211 1 
272 266 306 300 1 
357 198 455 296 1 
473 0 531 34 1 
116 0 189 40 1 
557 285 584 312 1 
77 341 118 382 1 
109 245 160 296 1 
189 384 205 400 1 
12 377 28 394 1 
334 366 347 381 1 
331 353 343 366 1 
155 144 222 213 1 
369 202 456 288 1 
473 0 537 35 1 
269 261 312 303 1 
324 284 350 308 1 
550 283 584 313 1 
568 237 598 264 1 
71 181 102 207 1 
96 77 123 101 1 
389 116 415 138 1 
438 105 458 125 1 
542 112 566 133 1 
450 251 481 279 1 
502 314 526 338 1 
481 326 505 345 1 
529 343 552 363 1 
143 257 162 275 1 
203 320 234 343 1 
290 6 310 26 1 
321 20 338 32 1 
331 43 350 62 1 
380 59 397 79 1 
477 46 505 69 1 
51 33 67 51 1 
62 76 81 95 1 
96 128 111 142 1 
99 117 114 130 1 
130 179 144 192 1 
48 239 66 255 1 
91 260 105 274 1 
105 273 116 281 1 
136 294 149 305 1 
470 297 488 314 1 
478 312 491 326 1 
375 350 392 371 1 
245 109 260 125 1 
249 41 265 58 1 
0 149 16 162 1 
2 161 15 175 1 
8 342 24 357 1 
194 318 211 333 1 
397 158 425 181 1 
147 11 163 22 1 
293 339 311 356 1 
324 115 338 130 1 
473 242 491 260 1 
419 14 440 29 1 
275 189 291 203 1 
152 103 166 117 1 
216 119 227 129 1 
308 154 322 171 1 
306 34 317 46 1 
23 78 37 90 1 
11 96 22 106 1 
65 122 79 134 1 
103 216 117 229 1 
559 351 573 364 1 
518 88 533 101 1 
308 136 320 149 1 
372 182 393 201 1 
346 251 365 267 1 
419 296 436 312 1 
518 231 532 243 1 
532 206 545 222 1 
67 168 84 181 1 
302 231 320 249 1 
387 20 403 35 1 
219 58 236 75 1 
278 303 297 320 1 
