109 31 163 85 1 
182 22 233 73 1 
430 204 473 247 1 
434 287 476 329 1 
488 350 523 386 1 
104 383 122 397 1 
123 371 135 384 1 
587 170 600 192 1 
488 347 525 393 1 
484 384 500 400 1 
454 371 466 382 1 
306 310 319 323 1 
144 380 158 394 1 
574 134 586 147 1 
108 25 166 87 1 
182 22 240 81 1 
428 200 481 250 1 
431 280 488 331 1 
419 251 447 276 1 
382 230 408 253 1 
503 177 532 208 1 
560 19 585 44 1 
512 1 535 22 1 
487 344 527 371 1 
525 352 543 366 1 
550 303 567 322 1 
568 270 583 289 1 
1 108 25 135 1 
39 108 60 128 1 
62 227 89 248 1 
69 245 95 266 1 
152 156 174 178 1 
133 201 159 222 1 
135 226 156 243 1 
188 167 209 189 1 
246 109 272 128 1 
344 81 368 103 1 
363 95 386 114 1 
472 27 492 48 1 
323 0 348 17 1 
370 20 390 36 1 
311 28 328 45 1 
290 36 304 49 1 
230 66 250 87 1 
164 89 184 113 1 
162 112 183 131 1 
96 116 113 130 1 
24 161 44 182 1 
440 142 460 158 1 
310 128 328 146 1 
353 315 371 331 1 
190 270 215 292 1 
371 268 391 285 1 
484 235 511 260 1 
0 220 12 241 1 
169 305 190 324 1 
329 305 343 322 1 
360 243 377 262 1 
183 348 200 362 1 
351 338 368 352 1 
380 328 400 344 1 
248 348 272 371 1 
324 68 340 85 1 
59 89 73 105 1 
43 304 61 321 1 
63 333 79 347 1 
68 303 80 317 1 
161 215 178 230 1 
369 180 385 195 1 
381 162 398 177 1 
551 193 568 208 1 
241 316 256 331 1 
90 188 102 198 1 
104 208 120 222 1 
106 229 123 244 1 
79 186 92 201 1 
83 173 101 190 1 
36 22 50 36 1 
193 203 209 217 1 
224 189 236 204 1 
273 213 289 226 1 
147 139 165 154 1 
107 309 122 322 1 
560 87 573 101 1 
544 156 567 177 1 
436 18 450 33 1 
410 28 428 43 1 
318 295 330 306 1 
325 280 338 293 1 
354 200 368 214 1 
138 120 150 131 1 
20 137 37 156 1 
140 88 158 104 1 
497 77 512 90 1 
481 310 498 325 1 
