356 0 389 29 1 
285 39 316 70 1 
59 238 96 275 1 
493 55 522 84 1 
538 341 569 372 1 
13 205 43 235 1 
284 267 303 290 1 
325 248 349 272 1 
458 267 479 288 1 
484 313 504 333 1 
534 338 568 376 1 
397 354 440 391 1 
369 380 421 400 1 
43 369 63 389 1 
22 316 40 337 1 
84 292 101 307 1 
76 314 94 334 1 
131 218 148 240 1 
176 183 196 204 1 
123 185 145 206 1 
280 37 324 78 1 
352 0 388 30 1 
488 47 524 88 1 
430 140 452 163 1 
426 228 445 249 1 
326 324 342 340 1 
368 259 381 273 1 
88 336 111 363 1 
63 237 95 274 1 
4 97 18 112 1 
110 87 124 102 1 
21 97 31 113 1 
45 0 69 14 1 
16 14 34 32 1 
356 69 376 93 1 
346 29 369 50 1 
351 275 371 300 1 
443 374 454 386 1 
444 339 457 351 1 
241 275 255 295 1 
43 236 55 252 1 
64 215 75 228 1 
5 251 23 268 1 
6 268 24 283 1 
49 290 63 305 1 
52 334 65 347 1 
151 182 164 194 1 
169 71 184 84 1 
164 97 180 112 1 
171 90 181 100 1 
225 29 237 42 1 
259 32 273 47 1 
283 220 299 235 1 
403 305 417 319 1 
447 79 461 95 1 
197 376 206 386 1 
229 356 242 370 1 
234 324 243 334 1 
197 134 210 150 1 
218 164 231 178 1 
248 164 261 185 1 
281 159 294 173 1 
92 157 104 168 1 
92 134 104 147 1 
26 166 47 181 1 
89 91 105 112 1 
24 114 39 130 1 
220 67 232 79 1 
359 369 372 380 1 
231 0 267 19 1 
121 246 136 263 1 
100 190 115 205 1 
50 117 62 129 1 
32 195 47 212 1 
297 310 309 322 1 
258 305 273 318 1 
120 360 131 373 1 
57 194 67 205 1 
39 87 50 100 1 
43 99 57 109 1 
314 343 326 362 1 
