319 240 395 316 1 
448 234 505 291 1 
244 364 279 400 1 
440 90 486 137 1 
129 0 165 20 1 
128 1 170 22 1 
79 58 109 86 1 
196 194 223 223 1 
109 198 129 219 1 
151 323 171 344 1 
23 343 42 361 1 
52 347 67 364 1 
88 301 111 321 1 
55 30 68 46 1 
289 255 316 282 1 
314 306 327 320 1 
330 335 343 352 1 
351 341 363 356 1 
393 338 404 351 1 
409 338 427 353 1 
323 245 399 310 1 
439 226 515 291 1 
450 269 460 283 1 
138 88 169 115 1 
171 194 193 213 1 
95 238 108 251 1 
78 214 89 223 1 
74 6 84 18 1 
186 34 200 48 1 
177 0 195 18 1 
311 36 329 55 1 
251 48 271 62 1 
251 158 275 180 1 
258 185 268 196 1 
312 173 325 188 1 
332 157 356 181 1 
407 28 424 48 1 
423 23 444 45 1 
419 1 441 16 1 
545 16 564 33 1 
537 35 555 53 1 
495 59 507 73 1 
528 77 546 95 1 
551 83 564 98 1 
565 96 580 111 1 
565 107 578 121 1 
564 137 589 164 1 
420 177 436 195 1 
431 160 445 177 1 
439 96 488 132 1 
489 167 524 199 1 
520 195 551 225 1 
514 314 529 330 1 
526 324 549 348 1 
520 281 531 295 1 
550 284 562 298 1 
209 281 224 297 1 
114 183 130 198 1 
194 97 206 108 1 
103 93 113 103 1 
345 20 356 30 1 
351 8 362 22 1 
376 11 385 21 1 
408 49 418 59 1 
395 89 409 104 1 
395 78 403 89 1 
364 123 376 135 1 
360 146 375 161 1 
269 133 288 149 1 
295 150 307 160 1 
296 124 310 138 1 
254 76 274 91 1 
274 90 288 102 1 
235 141 246 152 1 
175 315 185 329 1 
222 204 235 217 1 
293 194 302 206 1 
449 191 461 208 1 
529 171 542 188 1 
528 138 545 156 1 
505 133 517 146 1 
498 154 510 167 1 
514 143 523 155 1 
511 156 523 169 1 
406 253 421 266 1 
404 264 413 273 1 
410 276 423 287 1 
412 289 418 298 1 
447 308 457 319 1 
445 295 453 303 1 
427 284 440 299 1 
562 222 573 234 1 
532 309 545 324 1 
570 327 584 348 1 
550 334 559 343 1 
504 19 515 32 1 
356 65 369 77 1 
143 155 152 166 1 
163 247 173 259 1 
206 264 216 275 1 
