169 230 233 294 1 
330 285 357 313 1 
274 59 300 85 1 
145 141 171 167 1 
57 19 65 24 1 
41 41 47 50 1 
42 56 49 63 1 
48 66 53 76 1 
30 66 41 77 1 
15 64 28 78 1 
33 66 39 77 1 
46 67 57 74 1 
12 91 19 98 1 
19 92 25 97 1 
36 103 45 112 1 
37 116 44 127 1 
14 124 21 134 1 
47 148 61 164 1 
45 159 52 171 1 
13 161 19 174 1 
52 174 59 183 1 
42 280 48 287 1 
19 354 31 364 1 
16 369 22 376 1 
25 389 36 400 1 
53 392 61 401 1 
7 253 13 263 1 
11 261 17 266 1 
52 176 59 184 1 
44 159 52 171 1 
48 150 62 164 1 
58 17 64 25 1 
77 15 83 23 1 
97 16 104 24 1 
104 14 111 21 1 
79 31 84 37 1 
48 67 55 76 1 
63 63 75 71 1 
113 78 122 87 1 
107 93 116 101 1 
64 122 76 134 1 
49 151 62 164 1 
70 175 85 190 1 
73 192 79 203 1 
70 273 81 288 1 
94 283 107 305 1 
106 243 114 251 1 
107 251 115 262 1 
123 259 128 269 1 
116 274 124 284 1 
96 282 107 305 1 
69 272 80 290 1 
68 300 79 308 1 
55 313 70 331 1 
89 327 97 336 1 
90 362 103 381 1 
79 374 90 390 1 
54 363 61 371 1 
107 381 120 397 1 
115 380 123 385 1 
94 386 100 395 1 
124 4 132 13 1 
172 11 181 24 1 
176 24 185 34 1 
167 25 173 35 1 
148 32 158 41 1 
128 25 139 38 1 
152 49 160 57 1 
152 60 163 74 1 
152 85 158 92 1 
179 91 187 100 1 
124 93 130 99 1 
117 78 122 88 1 
134 115 142 122 1 
160 108 168 117 1 
158 118 166 128 1 
168 119 176 127 1 
177 123 183 130 1 
183 109 190 119 1 
147 145 162 162 1 
152 136 160 145 1 
157 197 163 207 1 
145 207 153 217 1 
170 220 179 228 1 
148 227 155 237 1 
108 243 114 250 1 
122 259 129 269 1 
134 259 138 264 1 
139 261 145 267 1 
139 261 145 267 1 
143 265 150 273 1 
136 271 144 277 1 
118 276 125 284 1 
129 286 136 294 1 
125 296 127 304 1 
144 301 156 313 1 
155 324 164 336 1 
169 326 175 335 1 
134 340 147 352 1 
124 340 132 349 1 
125 362 133 370 1 
107 381 121 399 1 
116 379 124 384 1 
157 378 170 394 1 
173 13 179 23 1 
196 0 209 8 1 
229 6 239 14 1 
212 7 217 12 1 
210 13 218 28 1 
186 30 196 40 1 
197 23 204 31 1 
177 26 185 33 1 
166 25 176 33 1 
226 57 231 64 1 
200 98 207 108 1 
179 90 187 96 1 
159 115 167 129 1 
169 116 178 127 1 
194 117 201 128 1 
223 131 227 140 1 
216 145 225 153 1 
241 144 255 155 1 
236 154 243 167 1 
241 165 252 175 1 
209 163 218 172 1 
226 181 240 199 1 
184 178 194 185 1 
169 222 221 291 1 
207 299 216 308 1 
230 311 237 320 1 
197 317 205 326 1 
183 325 193 340 1 
227 329 233 336 1 
244 329 250 340 1 
237 347 244 354 1 
237 367 246 376 1 
228 355 234 363 1 
225 375 236 387 1 
184 327 194 341 1 
198 317 206 327 1 
193 343 209 362 1 
156 379 173 396 1 
284 12 291 20 1 
307 30 312 38 1 
267 33 275 42 1 
257 44 267 56 1 
275 57 291 84 1 
296 54 304 65 1 
285 79 293 86 1 
298 88 307 98 1 
258 79 265 90 1 
245 83 251 90 1 
245 90 251 99 1 
255 92 264 104 1 
299 87 307 98 1 
293 104 298 110 1 
296 110 304 119 1 
292 127 303 137 1 
244 142 256 158 1 
235 158 242 166 1 
244 165 250 175 1 
250 172 257 180 1 
272 191 280 201 1 
308 186 314 196 1 
301 213 308 222 1 
280 229 288 236 1 
249 225 255 234 1 
242 249 252 261 1 
241 264 248 274 1 
268 266 275 274 1 
308 252 315 259 1 
306 260 315 268 1 
310 273 318 282 1 
285 278 294 297 1 
286 310 295 320 1 
261 310 267 318 1 
302 308 309 318 1 
300 320 306 331 1 
281 326 290 336 1 
300 321 309 331 1 
293 337 308 354 1 
260 336 267 345 1 
265 326 272 335 1 
237 366 246 377 1 
264 364 273 373 1 
272 381 280 390 1 
285 391 301 400 1 
351 2 359 12 1 
317 13 325 22 1 
321 24 328 32 1 
307 29 315 38 1 
333 32 341 40 1 
382 37 383 38 1 
376 49 388 66 1 
363 50 370 57 1 
332 34 341 42 1 
322 39 331 48 1 
294 55 306 67 1 
317 66 334 87 1 
335 83 344 98 1 
353 96 363 107 1 
377 93 384 102 1 
359 110 366 119 1 
346 120 362 132 1 
339 108 349 121 1 
322 104 330 114 1 
298 89 307 100 1 
297 110 304 120 1 
292 123 301 138 1 
317 132 323 141 1 
338 153 346 162 1 
376 181 385 194 1 
362 184 370 194 1 
308 186 317 195 1 
335 206 345 216 1 
353 199 360 207 1 
363 213 370 224 1 
353 215 360 225 1 
303 213 312 222 1 
327 231 338 244 1 
372 253 380 264 1 
345 251 351 261 1 
322 250 330 260 1 
308 252 317 261 1 
297 250 306 259 1 
308 258 316 269 1 
294 261 300 272 1 
309 272 318 284 1 
329 274 339 284 1 
344 269 357 282 1 
374 281 382 293 1 
376 312 384 322 1 
327 284 356 313 1 
301 306 310 319 1 
300 322 308 332 1 
364 334 370 341 1 
371 362 378 373 1 
340 368 354 385 1 
315 370 327 383 1 
295 336 307 356 1 
316 350 325 361 1 
339 388 349 401 1 
352 380 361 392 1 
366 384 379 399 1 
432 0 444 8 1 
411 9 419 19 1 
400 9 406 21 1 
392 4 400 11 1 
372 10 389 26 1 
375 27 381 37 1 
403 31 412 43 1 
434 17 443 27 1 
372 48 395 64 1 
353 98 366 107 1 
378 95 384 103 1 
387 95 398 102 1 
383 101 391 110 1 
404 79 415 90 1 
423 76 432 86 1 
416 95 430 109 1 
394 119 409 133 1 
410 103 417 114 1 
408 126 415 137 1 
381 158 391 169 1 
361 184 367 193 1 
377 180 386 193 1 
392 185 400 193 1 
405 192 412 203 1 
412 200 418 211 1 
419 206 427 218 1 
419 218 425 227 1 
398 212 406 223 1 
362 216 369 224 1 
373 254 380 265 1 
415 271 435 295 1 
373 283 383 294 1 
408 306 423 323 1 
379 303 389 313 1 
389 303 399 315 1 
397 311 403 321 1 
390 316 403 324 1 
387 319 394 330 1 
376 312 386 324 1 
368 313 376 322 1 
370 324 376 332 1 
364 328 372 343 1 
370 363 381 370 1 
351 381 362 392 1 
365 387 376 399 1 
401 369 409 377 1 
411 380 418 391 1 
484 10 492 22 1 
454 1 460 9 1 
433 2 444 10 1 
437 16 443 27 1 
461 13 466 18 1 
469 19 478 28 1 
492 52 500 60 1 
487 61 493 70 1 
450 52 460 63 1 
443 57 453 69 1 
425 72 431 83 1 
464 76 471 83 1 
485 78 493 88 1 
468 99 478 111 1 
480 120 489 131 1 
472 113 477 123 1 
469 132 478 141 1 
480 146 493 160 1 
473 160 485 174 1 
448 142 459 155 1 
453 164 463 175 1 
471 224 485 236 1 
455 235 464 243 1 
457 245 466 254 1 
417 204 428 218 1 
433 253 443 265 1 
443 264 454 275 1 
450 255 461 268 1 
485 272 493 282 1 
466 283 479 297 1 
453 284 462 292 1 
473 303 480 313 1 
456 305 465 315 1 
449 309 456 320 1 
446 293 455 302 1 
439 296 446 305 1 
446 327 456 338 1 
440 329 447 337 1 
443 339 452 349 1 
461 364 472 378 1 
440 385 450 395 1 
454 389 461 397 1 
484 10 492 22 1 
515 25 526 39 1 
545 21 561 37 1 
549 41 558 51 1 
509 33 517 45 1 
493 52 500 61 1 
486 60 492 68 1 
504 57 513 66 1 
514 84 526 99 1 
525 89 531 100 1 
536 88 543 99 1 
547 98 553 107 1 
549 104 557 113 1 
553 117 562 129 1 
537 117 544 128 1 
504 106 514 116 1 
481 122 489 134 1 
480 145 492 161 1 
475 160 484 172 1 
514 156 523 171 1 
536 157 543 165 1 
538 142 548 154 1 
545 176 559 194 1 
539 221 552 234 1 
545 231 556 241 1 
542 251 554 263 1 
529 282 541 293 1 
511 280 522 291 1 
473 302 482 314 1 
496 340 504 353 1 
507 342 515 352 1 
542 303 551 316 1 
551 319 560 333 1 
536 328 543 341 1 
544 336 553 346 1 
531 341 537 348 1 
542 369 553 377 1 
568 4 578 15 1 
557 8 567 18 1 
548 22 562 36 1 
550 41 558 51 1 
565 86 573 94 1 
569 82 579 88 1 
564 87 570 95 1 
548 98 554 107 1 
550 105 555 113 1 
535 115 546 127 1 
553 118 563 129 1 
566 135 575 144 1 
537 142 549 158 1 
545 178 558 194 1 
571 175 583 186 1 
566 224 579 237 1 
540 219 551 234 1 
546 233 556 242 1 
542 251 549 262 1 
574 244 586 256 1 
566 272 575 282 1 
544 305 554 318 1 
551 320 561 333 1 
535 328 542 340 1 
544 336 552 346 1 
543 368 552 378 1 
581 369 589 380 1 
571 345 582 358 1 
590 355 605 382 1 
583 332 593 340 1 
565 276 575 282 1 
567 222 578 238 1 
576 242 582 255 1 
590 181 599 192 1 
569 172 578 185 1 
61 28 68 36 1 
40 44 48 51 1 
66 61 75 71 1 
66 250 75 259 1 
205 46 217 58 1 
487 220 495 229 1 
550 41 558 50 1 
485 12 494 21 1 
463 76 470 84 1 
211 28 220 40 1 
229 183 242 198 1 
287 151 293 158 1 
268 159 276 167 1 
153 14 160 23 1 
228 32 236 38 1 
179 373 191 386 1 
571 150 581 161 1 
524 52 530 59 1 
536 59 544 67 1 
566 97 578 109 1 
411 356 421 367 1 
585 391 593 400 1 
