429 83 477 131 1 
369 202 414 247 1 
399 37 437 74 1 
155 356 183 384 1 
149 352 189 386 1 
424 80 482 130 1 
358 199 419 249 1 
506 166 531 192 1 
490 318 517 342 1 
377 336 407 355 1 
292 350 318 371 1 
207 283 233 306 1 
196 312 218 333 1 
81 277 107 298 1 
43 163 69 192 1 
63 143 91 166 1 
188 123 218 151 1 
169 127 188 144 1 
487 20 515 45 1 
334 115 361 141 1 
392 25 412 44 1 
434 134 461 155 1 
464 311 483 331 1 
463 294 477 308 1 
476 295 488 310 1 
487 292 498 308 1 
518 78 532 92 1 
15 306 39 329 1 
18 339 41 360 1 
0 326 18 360 1 
19 208 38 226 1 
218 194 240 215 1 
198 172 211 185 1 
109 197 128 215 1 
134 193 149 214 1 
154 170 167 183 1 
173 170 185 185 1 
149 191 164 208 1 
163 51 177 70 1 
89 0 111 16 1 
5 20 18 33 1 
33 54 50 69 1 
39 109 52 124 1 
162 26 174 37 1 
224 371 236 385 1 
249 384 265 397 1 
232 390 244 400 1 
553 220 570 232 1 
563 233 575 245 1 
542 90 557 106 1 
563 109 577 122 1 
553 107 564 121 1 
563 122 576 137 1 
580 35 594 50 1 
554 21 564 33 1 
232 341 245 357 1 
224 141 249 166 1 
246 47 264 60 1 
298 3 311 19 1 
416 0 425 9 1 
402 8 412 19 1 
457 56 469 70 1 
72 233 84 243 1 
76 242 92 257 1 
129 373 144 393 1 
90 144 102 158 1 
27 2 41 18 1 
110 24 124 37 1 
400 35 443 75 1 
476 259 493 277 1 
246 314 261 332 1 
252 189 263 206 1 
290 205 306 218 1 
44 237 56 250 1 
121 113 147 133 1 
128 98 144 116 1 
32 18 44 38 1 
481 73 493 85 1 
484 102 493 114 1 
