286 241 319 274 1 
259 354 290 385 1 
37 5 64 32 1 
229 175 255 201 1 
49 246 74 271 1 
177 367 202 393 1 
467 21 495 49 1 
285 5 314 34 1 
283 236 328 274 1 
430 254 458 286 1 
41 235 79 276 1 
27 169 44 185 1 
6 172 32 198 1 
28 0 72 37 1 
4 38 42 74 1 
82 55 112 89 1 
139 255 165 277 1 
91 305 114 327 1 
21 311 42 333 1 
135 322 156 339 1 
369 194 390 222 1 
230 170 258 202 1 
195 191 210 207 1 
159 212 178 231 1 
145 233 175 258 1 
56 343 84 364 1 
165 147 179 164 1 
110 139 127 157 1 
71 165 88 179 1 
17 201 35 214 1 
154 277 174 297 1 
110 307 125 324 1 
295 315 316 336 1 
257 342 294 366 1 
186 349 201 362 1 
353 346 372 361 1 
270 295 281 309 1 
489 26 513 51 1 
462 13 498 52 1 
492 1 527 26 1 
279 2 329 35 1 
334 95 367 124 1 
473 89 501 115 1 
533 145 555 169 1 
432 187 452 208 1 
417 200 434 214 1 
401 275 418 296 1 
460 305 476 323 1 
456 327 470 341 1 
74 95 86 112 1 
156 83 179 104 1 
131 103 143 116 1 
8 286 22 302 1 
235 277 255 299 1 
205 204 229 225 1 
161 188 175 205 1 
477 226 511 268 1 
488 280 505 296 1 
301 57 320 78 1 
352 62 367 80 1 
144 40 165 62 1 
210 114 228 133 1 
186 96 199 113 1 
341 142 356 159 1 
312 112 325 128 1 
283 197 301 214 1 
281 229 281 229 1 
295 180 314 201 1 
267 212 283 230 1 
115 240 127 256 1 
527 185 544 203 1 
492 163 514 183 1 
403 127 421 140 1 
436 68 452 86 1 
551 97 569 112 1 
558 63 574 78 1 
422 4 441 25 1 
438 39 450 55 1 
204 33 220 54 1 
245 22 265 39 1 
195 129 213 148 1 
210 129 227 149 1 
170 288 185 306 1 
306 138 326 161 1 
296 152 314 171 1 
331 189 348 208 1 
519 71 537 88 1 
