449 40 482 73 1 
269 284 305 321 1 
165 124 207 166 1 
367 161 395 193 1 
417 236 441 263 1 
168 126 201 162 1 
138 52 163 77 1 
11 58 32 78 1 
9 5 32 29 1 
5 135 26 157 1 
86 309 109 333 1 
116 321 145 345 1 
328 139 328 139 1 
308 114 328 137 1 
468 67 489 89 1 
442 20 470 46 1 
448 36 490 79 1 
380 72 394 88 1 
330 141 357 169 1 
283 245 303 263 1 
341 226 361 244 1 
549 193 575 216 1 
479 224 493 241 1 
391 239 412 262 1 
181 283 197 301 1 
292 155 322 189 1 
535 323 553 340 1 
486 312 513 337 1 
439 316 458 336 1 
388 95 406 112 1 
57 191 71 204 1 
38 190 55 209 1 
207 225 227 247 1 
114 31 134 50 1 
101 34 118 51 1 
74 110 90 127 1 
244 182 266 203 1 
442 216 463 234 1 
407 200 429 220 1 
328 184 346 200 1 
323 199 344 216 1 
296 194 315 212 1 
291 14 321 41 1 
246 55 266 72 1 
126 71 154 94 1 
124 88 140 102 1 
488 114 508 135 1 
455 95 468 114 1 
515 174 534 188 1 
549 141 565 155 1 
568 69 582 85 1 
454 181 467 195 1 
467 164 481 177 1 
413 114 424 127 1 
267 286 300 322 1 
188 341 211 362 1 
154 329 181 355 1 
21 288 38 306 1 
45 342 61 362 1 
93 227 110 246 1 
114 159 132 180 1 
161 231 181 252 1 
237 99 259 120 1 
132 206 148 223 1 
188 14 204 32 1 
50 30 66 47 1 
438 131 457 148 1 
390 46 410 65 1 
521 62 536 78 1 
526 35 539 48 1 
252 346 273 361 1 
142 260 158 278 1 
157 272 168 286 1 
383 287 403 304 1 
362 344 379 358 1 
510 254 523 272 1 
276 204 299 227 1 
361 295 374 309 1 
199 131 215 146 1 
245 223 257 235 1 
249 304 267 320 1 
224 286 236 299 1 
205 268 217 281 1 
488 260 504 277 1 
392 265 407 282 1 
383 22 399 37 1 
363 6 378 23 1 
73 189 91 206 1 
528 268 546 281 1 
