542 312 574 344 1 
15 137 45 167 1 
300 183 357 239 1 
112 1 157 38 1 
153 16 177 39 1 
44 85 62 103 1 
46 104 57 115 1 
29 119 42 131 1 
1 81 9 102 1 
15 137 50 169 1 
42 190 70 218 1 
63 170 82 189 1 
2 209 28 237 1 
57 237 76 255 1 
49 277 67 295 1 
59 301 75 320 1 
3 325 16 338 1 
8 330 36 357 1 
6 350 21 365 1 
52 351 75 372 1 
65 341 78 354 1 
83 367 101 383 1 
124 310 142 328 1 
137 310 170 340 1 
273 171 305 203 1 
352 2 385 32 1 
413 20 429 36 1 
435 2 452 18 1 
499 1 518 17 1 
520 28 538 46 1 
561 35 579 55 1 
498 86 520 108 1 
505 102 518 116 1 
427 159 446 177 1 
492 181 520 207 1 
505 211 522 228 1 
496 222 513 240 1 
480 228 495 245 1 
479 247 492 261 1 
478 263 494 278 1 
525 167 605 262 1 
555 266 578 289 1 
538 308 578 348 1 
527 337 540 353 1 
449 374 521 403 1 
483 342 498 360 1 
281 344 298 361 1 
333 315 351 335 1 
352 271 374 297 1 
408 249 422 265 1 
112 137 136 161 1 
142 107 185 148 1 
104 227 118 241 1 
107 299 126 317 1 
162 185 174 197 1 
172 179 186 194 1 
182 186 194 199 1 
145 191 157 205 1 
214 161 229 177 1 
230 173 247 192 1 
295 176 363 244 1 
359 214 380 235 1 
347 231 364 249 1 
320 245 337 264 1 
295 286 310 302 1 
294 270 313 288 1 
272 311 291 331 1 
195 347 208 362 1 
203 341 217 356 1 
365 175 383 193 1 
309 128 326 147 1 
302 90 323 110 1 
314 75 333 94 1 
377 125 394 143 1 
380 142 397 157 1 
429 79 452 103 1 
454 293 471 313 1 
422 248 453 278 1 
408 248 423 266 1 
507 172 520 187 1 
497 160 513 177 1 
433 387 446 401 1 
195 67 211 84 1 
199 54 213 69 1 
206 4 217 17 1 
252 92 265 106 1 
270 232 289 252 1 
330 373 347 390 1 
302 377 320 394 1 
454 326 478 352 1 
508 252 550 299 1 
537 280 551 296 1 
481 56 509 84 1 
530 2 555 26 1 
279 95 300 115 1 
254 96 264 107 1 
218 253 231 267 1 
270 231 288 250 1 
102 137 115 150 1 
87 124 100 137 1 
415 0 427 13 1 
450 45 462 58 1 
339 33 353 48 1 
308 159 321 172 1 
294 162 303 173 1 
264 152 275 163 1 
240 141 251 153 1 
480 95 494 109 1 
450 134 461 145 1 
438 148 450 162 1 
414 189 429 205 1 
419 310 435 326 1 
413 320 426 333 1 
401 311 413 325 1 
396 336 408 350 1 
