498 61 534 97 1 
142 259 174 291 1 
107 223 155 270 1 
58 4 108 54 1 
13 329 43 358 1 
15 15 29 31 1 
36 14 46 24 1 
45 13 53 27 1 
7 26 16 37 1 
29 39 36 50 1 
10 66 21 80 1 
45 79 55 92 1 
45 79 55 92 1 
15 95 26 107 1 
41 99 50 115 1 
54 102 64 114 1 
41 121 55 138 1 
48 135 64 152 1 
27 133 35 147 1 
17 136 26 147 1 
5 123 11 133 1 
9 148 18 159 1 
29 161 42 180 1 
4 182 14 193 1 
4 193 14 209 1 
3 221 13 236 1 
14 248 26 260 1 
5 250 13 264 1 
1 293 12 303 1 
18 322 35 353 1 
9 362 25 386 1 
38 361 56 379 1 
60 0 67 10 1 
58 3 104 55 1 
69 80 78 90 1 
105 65 121 82 1 
93 78 104 88 1 
64 111 83 131 1 
61 243 74 259 1 
99 253 108 263 1 
114 296 124 310 1 
106 340 119 355 1 
80 329 90 345 1 
100 255 110 265 1 
75 232 89 247 1 
61 244 73 259 1 
58 273 66 281 1 
92 362 101 370 1 
79 354 94 389 1 
88 379 99 392 1 
120 388 128 399 1 
129 40 137 49 1 
173 1 187 9 1 
185 32 195 46 1 
173 42 182 52 1 
158 33 169 60 1 
186 55 196 73 1 
120 82 130 94 1 
125 102 136 115 1 
146 124 155 136 1 
165 166 175 176 1 
129 176 142 186 1 
131 183 159 200 1 
165 188 174 198 1 
109 217 146 269 1 
164 189 174 201 1 
181 181 196 203 1 
142 261 172 288 1 
176 315 193 338 1 
113 295 120 311 1 
106 342 118 356 1 
141 345 148 355 1 
121 358 138 375 1 
119 390 128 400 1 
177 388 186 400 1 
160 371 169 384 1 
170 359 181 369 1 
205 0 216 10 1 
179 2 185 9 1 
192 2 200 8 1 
229 6 236 13 1 
187 32 197 45 1 
174 40 182 53 1 
186 57 196 74 1 
205 93 219 111 1 
230 109 240 122 1 
241 95 253 106 1 
174 111 185 122 1 
234 169 244 184 1 
236 192 246 206 1 
179 183 190 197 1 
177 317 195 335 1 
177 386 187 397 1 
197 354 208 364 1 
224 366 233 374 1 
223 338 230 347 1 
237 345 247 358 1 
231 359 242 368 1 
232 112 240 120 1 
241 96 251 105 1 
234 171 243 182 1 
235 191 244 204 1 
302 249 312 262 1 
242 263 248 271 1 
239 319 250 330 1 
245 314 253 319 1 
257 310 265 323 1 
282 319 294 333 1 
275 360 284 369 1 
237 344 247 356 1 
239 379 249 390 1 
256 379 264 390 1 
371 11 380 24 1 
324 49 332 63 1 
290 59 301 69 1 
375 83 384 95 1 
366 147 373 159 1 
362 168 371 181 1 
303 250 313 263 1 
333 270 339 278 1 
321 281 329 289 1 
315 297 323 308 1 
312 338 323 353 1 
371 11 380 25 1 
410 24 420 35 1 
396 29 409 42 1 
410 38 421 46 1 
416 49 422 58 1 
375 84 384 94 1 
375 84 384 94 1 
402 106 412 116 1 
365 147 374 159 1 
364 168 374 183 1 
428 159 438 170 1 
415 212 423 222 1 
431 214 439 225 1 
389 249 398 258 1 
396 273 406 291 1 
381 293 391 302 1 
423 296 431 310 1 
414 308 419 316 1 
409 320 416 331 1 
419 368 429 382 1 
494 1 502 7 1 
486 4 493 13 1 
469 11 474 19 1 
502 24 509 34 1 
486 33 494 41 1 
485 46 492 57 1 
498 45 505 58 1 
451 71 459 79 1 
440 90 448 102 1 
466 91 485 112 1 
457 112 468 122 1 
465 130 479 148 1 
466 134 479 153 1 
429 157 439 171 1 
468 154 476 162 1 
470 164 478 173 1 
489 191 498 200 1 
496 176 503 188 1 
469 179 479 202 1 
449 191 459 208 1 
432 213 442 226 1 
436 226 444 235 1 
458 221 470 235 1 
424 296 434 311 1 
475 323 488 337 1 
491 332 498 340 1 
484 343 493 352 1 
474 348 484 358 1 
482 375 492 387 1 
494 1 503 7 1 
488 5 492 11 1 
511 7 526 20 1 
533 13 540 22 1 
557 25 567 41 1 
502 26 507 33 1 
485 32 494 41 1 
485 46 493 57 1 
549 49 558 58 1 
532 69 541 81 1 
563 76 571 89 1 
498 59 519 106 1 
505 131 513 142 1 
518 129 535 152 1 
534 122 547 148 1 
547 142 555 157 1 
562 145 572 161 1 
534 166 545 180 1 
487 188 496 200 1 
533 183 542 193 1 
540 198 549 210 1 
556 197 566 209 1 
525 229 533 240 1 
507 259 517 274 1 
540 270 547 282 1 
547 273 554 284 1 
556 283 565 292 1 
526 286 538 304 1 
477 322 486 339 1 
484 340 491 352 1 
489 331 498 339 1 
476 348 485 357 1 
485 360 494 369 1 
499 361 510 375 1 
484 377 491 388 1 
534 384 545 395 1 
551 377 561 389 1 
526 350 536 362 1 
523 342 531 353 1 
542 309 552 323 1 
563 360 573 370 1 
527 284 542 304 1 
539 268 549 277 1 
557 281 564 292 1 
533 14 539 24 1 
576 8 586 17 1 
556 26 564 34 1 
558 33 567 43 1 
587 41 597 65 1 
553 49 560 58 1 
550 59 558 66 1 
533 69 540 81 1 
530 79 538 89 1 
562 75 572 87 1 
583 71 593 82 1 
533 120 548 146 1 
570 129 581 141 1 
562 142 574 158 1 
555 141 562 151 1 
547 145 554 157 1 
535 167 544 179 1 
573 176 592 196 1 
570 205 583 220 1 
556 199 566 210 1 
551 186 558 197 1 
532 182 541 192 1 
539 197 547 208 1 
555 198 564 208 1 
570 204 579 219 1 
576 225 583 239 1 
565 245 579 258 1 
581 258 590 266 1 
558 282 564 289 1 
541 270 547 278 1 
528 286 543 305 1 
541 309 552 320 1 
588 272 601 314 1 
518 341 528 354 1 
525 347 534 359 1 
562 360 574 372 1 
579 361 587 372 1 
552 375 562 390 1 
535 382 545 395 1 
33 191 59 221 1 
302 250 316 264 1 
339 138 349 149 1 
279 116 286 124 1 
272 119 280 128 1 
253 149 264 161 1 
265 180 276 190 1 
257 221 266 232 1 
450 274 467 289 1 
476 267 491 280 1 
406 241 420 257 1 
437 89 450 103 1 
362 147 373 159 1 
65 193 95 228 1 
533 95 552 111 1 
352 234 365 247 1 
330 233 340 244 1 
333 257 343 266 1 
276 122 286 132 1 
213 78 223 89 1 
136 48 159 71 1 
271 4 282 14 1 
243 98 252 108 1 
388 90 397 101 1 
416 69 423 76 1 
276 82 283 89 1 
