484 141 533 190 1 
75 266 107 299 1 
341 94 376 129 1 
196 0 231 22 1 
397 235 429 267 1 
476 134 540 190 1 
484 211 511 238 1 
442 282 467 307 1 
363 281 389 307 1 
244 311 262 328 1 
227 336 255 359 1 
68 265 106 296 1 
127 271 150 292 1 
38 193 61 213 1 
127 92 150 113 1 
338 96 381 129 1 
432 151 458 173 1 
460 17 484 39 1 
439 33 457 51 1 
533 182 556 206 1 
451 303 478 325 1 
485 303 505 317 1 
494 290 510 306 1 
557 341 581 359 1 
373 264 389 284 1 
411 279 432 299 1 
457 213 478 230 1 
328 39 363 72 1 
263 63 291 90 1 
305 69 322 88 1 
318 71 338 87 1 
393 85 410 99 1 
449 78 469 94 1 
558 -11 583 18 1 
477 -2 504 16 1 
192 -3 236 28 1 
-1 20 30 43 1 
2 51 27 74 1 
231 153 259 186 1 
264 181 282 198 1 
361 137 381 155 1 
404 51 418 62 1 
423 14 442 26 1 
415 40 428 54 1 
79 142 98 162 1 
316 246 332 265 1 
268 252 282 267 1 
276 296 296 317 1 
295 153 314 170 1 
321 156 337 172 1 
367 188 385 204 1 
241 32 258 48 1 
351 306 376 328 1 
299 213 316 227 1 
332 167 352 183 1 
372 83 388 100 1 
200 69 216 83 1 
171 72 185 82 1 
181 73 197 86 1 
172 86 189 101 1 
62 249 79 265 1 
169 267 186 282 1 
537 308 552 320 1 
569 239 584 256 1 
-2 279 23 310 1 
115 1 133 17 1 
65 316 82 333 1 
354 225 367 235 1 
296 198 311 210 1 
219 195 230 207 1 
322 205 334 213 1 
477 236 490 249 1 
537 277 549 288 1 
361 20 373 31 1 
85 94 96 104 1 
66 136 76 144 1 
8 170 25 191 1 
28 168 37 178 1 
60 152 70 164 1 
108 189 121 204 1 
166 192 178 204 1 
197 244 208 255 1 
191 287 199 295 1 
211 310 226 325 1 
199 338 214 349 1 
269 331 280 343 1 
282 258 299 276 1 
313 283 325 293 1 
487 330 496 340 1 
461 267 474 279 1 
545 257 555 265 1 
550 229 559 239 1 
540 78 552 89 1 
432 1 439 10 1 
290 124 300 134 1 
165 155 179 167 1 
82 28 95 40 1 
152 35 163 47 1 
195 118 212 132 1 
243 221 257 236 1 
247 259 262 273 1 
438 255 447 265 1 
397 116 407 125 1 
