537 61 570 94 1 
432 32 458 59 1 
118 23 270 200 1 
169 177 196 199 1 
537 61 569 95 1 
427 30 459 60 1 
431 52 442 68 1 
419 98 449 125 1 
348 257 368 276 1 
238 343 254 360 1 
576 261 595 281 1 
431 285 451 301 1 
482 297 504 316 1 
446 358 468 379 1 
445 388 460 400 1 
422 224 455 260 1 
519 177 534 192 1 
510 208 527 223 1 
576 188 594 208 1 
478 26 496 44 1 
133 374 156 397 1 
97 380 113 395 1 
67 303 84 321 1 
83 320 94 330 1 
0 79 15 101 1 
75 6 96 24 1 
72 23 82 35 1 
428 174 444 189 1 
479 251 495 266 1 
488 348 501 361 1 
510 315 524 327 1 
334 354 348 369 1 
282 318 296 330 1 
108 247 130 263 1 
242 193 257 206 1 
212 279 238 298 1 
517 385 535 399 1 
503 381 514 391 1 
585 237 598 257 1 
561 105 575 125 1 
465 106 478 117 1 
477 148 488 162 1 
308 225 326 244 1 
143 279 159 297 1 
42 281 69 311 1 
44 378 53 392 1 
116 366 126 376 1 
159 334 169 346 1 
207 389 220 400 1 
88 293 96 302 1 
388 164 399 179 1 
501 223 516 240 1 
525 13 539 28 1 
358 1 370 12 1 
366 12 375 24 1 
387 13 397 26 1 
548 176 557 186 1 
196 305 215 325 1 
12 218 36 245 1 
548 16 560 29 1 
530 271 546 285 1 
489 271 504 288 1 
457 169 466 183 1 
483 198 492 208 1 
334 197 347 213 1 
257 145 270 160 1 
140 209 152 222 1 
121 219 138 236 1 
168 253 179 265 1 
162 275 173 288 1 
209 259 220 273 1 
216 175 231 189 1 
258 63 273 78 1 
248 120 257 133 1 
136 0 156 21 1 
158 22 171 34 1 
265 107 278 117 1 
196 0 222 9 1 
405 63 421 78 1 
143 338 153 351 1 
240 153 249 162 1 
240 162 250 175 1 
73 130 85 142 1 
75 143 85 156 1 
20 78 35 92 1 
71 364 81 377 1 
