120 102 148 129 1 
500 263 530 293 1 
369 67 397 95 1 
11 326 36 351 1 
431 83 472 125 1 
505 92 550 138 1 
533 170 574 211 1 
421 305 453 337 1 
60 68 85 90 1 
82 86 98 102 1 
120 50 141 71 1 
3 61 20 78 1 
120 99 152 127 1 
178 83 192 96 1 
185 97 199 112 1 
188 112 205 128 1 
214 103 234 123 1 
210 133 232 153 1 
7 319 43 353 1 
95 227 127 255 1 
0 231 16 246 1 
5 215 20 231 1 
12 137 26 151 1 
33 187 47 202 1 
72 138 83 148 1 
64 203 76 213 1 
163 192 179 208 1 
114 147 125 159 1 
13 2 20 13 1 
493 3 502 13 1 
500 8 527 32 1 
532 18 544 30 1 
563 35 575 47 1 
533 46 545 61 1 
511 41 524 54 1 
467 21 482 37 1 
391 3 408 19 1 
339 61 358 78 1 
369 67 396 93 1 
395 49 414 68 1 
445 53 458 75 1 
423 84 468 121 1 
518 130 531 144 1 
503 91 559 135 1 
512 77 524 89 1 
527 90 537 99 1 
543 87 555 100 1 
499 263 529 291 1 
502 247 511 260 1 
483 195 494 209 1 
228 316 243 328 1 
418 338 435 358 1 
445 326 458 339 1 
571 341 585 360 1 
536 305 548 319 1 
487 315 497 327 1 
490 342 498 352 1 
315 312 333 328 1 
241 268 258 283 1 
261 332 278 348 1 
141 308 158 323 1 
325 251 339 265 1 
374 281 384 290 1 
382 286 392 298 1 
393 286 405 296 1 
416 258 426 269 1 
424 253 436 266 1 
433 239 444 250 1 
451 237 457 247 1 
233 173 254 193 1 
213 223 230 239 1 
353 9 368 24 1 
536 173 569 206 1 
148 169 169 189 1 
357 150 368 160 1 
239 109 247 116 1 
446 157 457 168 1 
438 140 447 148 1 
499 173 509 181 1 
504 213 511 221 1 
