453 208 485 240 1 
215 200 243 228 1 
20 67 46 92 1 
125 79 159 113 1 
24 202 50 228 1 
18 33 46 60 1 
194 321 223 351 1 
282 140 314 168 1 
210 196 242 231 1 
19 197 56 230 1 
165 25 190 52 1 
16 29 50 60 1 
41 55 68 83 1 
17 62 44 95 1 
39 102 52 120 1 
123 78 157 114 1 
71 100 95 122 1 
132 130 152 153 1 
196 126 219 149 1 
15 119 35 141 1 
73 210 87 223 1 
28 268 45 285 1 
126 229 141 247 1 
181 239 208 266 1 
266 293 299 325 1 
402 270 425 297 1 
450 203 487 244 1 
265 204 282 224 1 
276 83 298 103 1 
301 103 316 121 1 
417 101 438 124 1 
446 67 460 83 1 
466 68 487 96 1 
527 144 552 175 1 
371 202 397 235 1 
330 221 346 241 1 
352 325 375 348 1 
458 335 480 355 1 
528 315 546 336 1 
445 315 466 336 1 
287 238 306 254 1 
164 170 189 190 1 
522 146 537 163 1 
284 50 298 66 1 
64 248 85 264 1 
98 327 123 353 1 
168 347 191 366 1 
184 282 201 302 1 
421 211 437 230 1 
483 197 508 222 1 
481 298 501 317 1 
491 321 506 340 1 
555 254 569 265 1 
564 233 577 248 1 
321 248 336 265 1 
339 134 355 154 1 
