419 72 475 128 1 
499 257 525 284 1 
407 270 449 312 1 
336 265 365 294 1 
221 280 249 309 1 
36 157 93 214 1 
248 109 349 210 1 
396 232 463 298 1 
310 14 338 42 1 
418 68 474 132 1 
484 149 503 167 1 
562 183 587 205 1 
523 206 552 226 1 
494 252 530 292 1 
527 291 549 310 1 
566 330 583 347 1 
503 343 529 364 1 
395 266 454 313 1 
331 262 363 293 1 
210 302 330 364 1 
213 273 256 310 1 
209 255 232 271 1 
101 226 137 257 1 
27 160 76 205 1 
71 144 104 168 1 
182 176 205 199 1 
204 173 222 194 1 
360 210 386 234 1 
391 223 450 277 1 
570 245 586 260 1 
543 244 567 271 1 
550 282 571 299 1 
478 238 497 263 1 
506 74 521 91 1 
390 78 415 95 1 
387 108 405 126 1 
341 86 365 106 1 
263 98 300 129 1 
263 86 279 98 1 
241 129 263 147 1 
248 145 271 163 1 
29 89 56 113 1 
25 211 43 228 1 
193 83 210 94 1 
305 17 340 44 1 
278 13 302 30 1 
207 25 226 42 1 
218 26 245 44 1 
495 302 515 316 1 
336 294 351 307 1 
117 299 136 318 1 
400 0 420 15 1 
172 302 194 319 1 
451 13 469 29 1 
152 92 164 107 1 
79 61 92 73 1 
116 32 135 46 1 
158 70 173 88 1 
146 186 163 200 1 
408 149 421 160 1 
414 128 425 142 1 
412 106 427 118 1 
546 160 555 171 1 
561 144 577 158 1 
539 113 550 124 1 
512 131 525 135 1 
508 108 521 118 1 
538 74 550 85 1 
553 56 573 73 1 
548 18 560 32 1 
512 36 512 36 1 
474 31 487 42 1 
498 23 510 34 1 
389 40 409 60 1 
369 66 381 78 1 
305 45 319 57 1 
269 64 283 78 1 
15 42 32 56 1 
20 334 33 348 1 
143 241 157 254 1 
207 131 220 143 1 
206 109 216 118 1 
165 161 181 174 1 
168 195 178 206 1 
160 218 174 230 1 
125 214 138 226 1 
278 231 294 245 1 
301 244 320 260 1 
556 313 568 321 1 
566 300 581 313 1 
