107 299 146 338 1 
482 232 516 266 1 
250 75 281 106 1 
205 91 238 123 1 
87 82 109 102 1 
55 142 65 153 1 
34 163 59 185 1 
13 163 25 175 1 
8 145 22 158 1 
28 108 41 119 1 
12 97 25 109 1 
0 64 15 86 1 
21 40 36 54 1 
11 10 24 22 1 
202 90 244 128 1 
207 132 223 147 1 
275 138 299 159 1 
247 71 286 112 1 
257 101 270 114 1 
285 93 301 108 1 
317 99 345 126 1 
298 31 316 48 1 
358 69 383 91 1 
379 45 406 70 1 
397 33 409 46 1 
412 18 430 35 1 
432 42 444 55 1 
453 45 474 65 1 
446 54 457 65 1 
445 64 458 76 1 
477 77 493 90 1 
411 102 443 133 1 
379 136 410 164 1 
566 118 586 138 1 
585 149 601 167 1 
564 159 586 179 1 
566 198 599 229 1 
532 262 551 283 1 
586 264 600 281 1 
482 232 518 268 1 
473 298 496 321 1 
362 277 383 296 1 
322 281 337 298 1 
148 354 163 371 1 
108 377 141 405 1 
93 380 111 398 1 
106 295 155 343 1 
95 289 112 307 1 
30 290 47 304 1 
38 303 52 316 1 
23 245 47 267 1 
33 163 60 187 1 
162 156 178 169 1 
163 168 190 189 1 
61 230 75 243 1 
94 168 109 183 1 
111 182 123 194 1 
66 85 78 97 1 
53 15 63 25 1 
83 0 98 12 1 
188 35 203 51 1 
202 14 215 27 1 
26 300 38 312 1 
53 283 64 294 1 
46 292 57 304 1 
50 375 62 388 1 
81 371 93 384 1 
164 202 173 212 1 
168 209 178 218 1 
216 221 232 237 1 
192 274 211 294 1 
182 319 195 333 1 
216 221 232 236 1 
253 220 269 234 1 
284 198 296 210 1 
316 210 328 222 1 
328 198 350 220 1 
362 195 375 208 1 
434 224 465 254 1 
432 256 448 272 1 
443 374 462 393 1 
461 371 473 384 1 
530 349 550 370 1 
569 257 584 273 1 
577 93 591 106 1 
187 36 204 51 1 
202 14 213 26 1 
300 17 312 28 1 
52 15 62 24 1 
82 0 98 12 1 
109 57 123 71 1 
0 288 11 300 1 
65 365 77 377 1 
95 368 110 381 1 
181 268 193 280 1 
190 262 203 274 1 
272 382 286 394 1 
287 378 299 389 1 
343 304 356 318 1 
383 333 394 344 1 
507 123 520 136 1 
462 118 474 129 1 
310 68 324 83 1 
325 70 338 83 1 
389 1 405 12 1 
411 3 423 14 1 
543 28 552 37 1 
556 28 566 37 1 
24 352 35 362 1 
210 365 222 377 1 
338 313 347 322 1 
337 319 347 331 1 
387 320 397 332 1 
416 332 426 341 1 
420 319 432 330 1 
444 312 458 327 1 
466 252 481 266 1 
452 261 465 273 1 
490 208 505 224 1 
547 173 557 184 1 
268 250 281 263 1 
247 268 259 279 1 
379 90 395 106 1 
422 84 434 97 1 
180 121 192 134 1 
86 209 98 221 1 
107 222 116 232 1 
146 200 155 209 1 
62 177 74 190 1 
405 276 419 288 1 
406 267 416 277 1 
410 245 420 255 1 
449 197 460 209 1 
426 163 436 174 1 
538 91 547 102 1 
564 383 577 396 1 
471 390 487 403 1 
552 43 565 56 1 
190 389 206 400 1 
25 383 35 395 1 
161 47 171 56 1 
161 63 171 73 1 
164 276 177 289 1 
186 203 196 213 1 
212 179 223 189 1 
203 143 212 153 1 
210 150 220 160 1 
237 27 251 42 1 
240 45 251 57 1 
394 21 407 33 1 
518 177 532 190 1 
508 177 519 190 1 
533 243 548 258 1 
545 252 559 267 1 
542 288 553 300 1 
355 225 366 236 1 
400 230 411 240 1 
393 180 403 191 1 
251 343 262 354 1 
220 373 230 384 1 
490 150 500 160 1 
465 139 475 149 1 
472 176 482 186 1 
520 70 530 81 1 
524 20 537 32 1 
523 31 533 40 1 
207 318 217 329 1 
213 303 222 313 1 
202 336 212 346 1 
202 344 211 353 1 
47 197 59 209 1 
350 351 359 360 1 
341 345 349 353 1 
316 345 325 355 1 
308 334 317 343 1 
305 296 315 307 1 
368 305 381 317 1 
88 342 100 355 1 
267 313 287 331 1 
347 158 357 168 1 
331 138 341 148 1 
450 88 460 99 1 
482 113 494 125 1 
