430 239 502 311 1 
442 169 477 204 1 
306 91 350 135 1 
0 205 42 271 1 
298 86 359 141 1 
427 234 502 306 1 
441 168 480 207 1 
0 202 55 273 1 
15 334 31 359 1 
100 315 119 333 1 
197 0 224 22 1 
170 156 193 177 1 
97 165 125 186 1 
77 58 91 75 1 
41 68 58 87 1 
72 152 94 174 1 
117 233 138 256 1 
231 214 251 233 1 
542 211 567 233 1 
423 146 442 168 1 
395 149 420 173 1 
428 71 454 95 1 
452 36 472 54 1 
372 108 391 132 1 
296 48 316 66 1 
257 33 278 51 1 
167 68 195 95 1 
96 110 134 143 1 
184 315 196 329 1 
330 285 351 303 1 
328 303 350 323 1 
302 327 326 351 1 
171 234 184 251 1 
266 170 281 187 1 
193 185 211 206 1 
260 118 275 132 1 
154 145 170 162 1 
154 35 167 49 1 
396 51 411 64 1 
515 64 534 85 1 
458 84 476 101 1 
389 100 407 117 1 
413 33 428 49 1 
392 35 408 52 1 
107 273 129 292 1 
152 276 170 291 1 
326 154 344 174 1 
519 316 536 337 1 
500 322 514 342 1 
333 21 352 37 1 
