469 140 497 168 1 
291 73 378 160 1 
77 179 105 207 1 
499 295 565 361 1 
2 8 10 24 1 
45 4 55 23 1 
34 30 41 37 1 
38 37 44 44 1 
45 66 53 75 1 
38 80 43 87 1 
25 91 34 102 1 
36 94 46 105 1 
4 94 15 112 1 
28 116 41 135 1 
4 129 11 138 1 
33 139 53 164 1 
15 156 23 164 1 
7 172 15 181 1 
5 197 13 205 1 
30 203 38 209 1 
43 225 57 237 1 
38 263 46 272 1 
47 276 57 288 1 
35 291 48 305 1 
43 6 55 23 1 
54 4 62 11 1 
63 3 74 15 1 
78 14 84 21 1 
34 29 40 38 1 
36 35 43 44 1 
67 51 75 60 1 
54 49 63 58 1 
53 62 62 74 1 
54 71 62 80 1 
45 65 52 74 1 
35 94 44 104 1 
27 118 42 136 1 
39 134 48 142 1 
33 139 51 164 1 
93 132 101 143 1 
66 148 76 163 1 
78 158 87 170 1 
94 133 103 143 1 
100 159 109 170 1 
42 169 59 191 1 
76 169 84 177 1 
77 179 101 206 1 
87 211 97 220 1 
65 195 77 206 1 
45 226 57 237 1 
71 212 82 223 1 
64 217 72 227 1 
86 243 95 253 1 
94 245 103 255 1 
96 253 105 263 1 
58 247 70 258 1 
102 279 118 294 1 
47 276 56 287 1 
105 2 113 8 1 
134 0 151 13 1 
153 21 166 31 1 
137 17 146 26 1 
132 29 143 41 1 
135 38 147 51 1 
108 45 116 54 1 
117 50 126 61 1 
143 54 152 63 1 
139 63 152 75 1 
174 69 184 79 1 
140 76 148 85 1 
98 67 113 83 1 
158 95 169 110 1 
142 103 152 114 1 
129 94 138 102 1 
167 121 175 131 1 
168 134 175 147 1 
155 133 168 147 1 
114 117 123 127 1 
127 127 132 136 1 
144 142 154 153 1 
154 136 166 150 1 
168 136 177 144 1 
111 141 124 155 1 
126 150 138 164 1 
98 157 107 168 1 
107 159 125 175 1 
128 153 137 162 1 
145 141 153 154 1 
155 135 167 151 1 
87 210 96 220 1 
109 208 123 227 1 
141 215 149 226 1 
156 231 168 246 1 
129 248 139 259 1 
86 244 94 253 1 
95 242 105 251 1 
97 250 104 261 1 
127 258 135 267 1 
154 254 165 266 1 
158 232 169 245 1 
102 279 119 295 1 
150 280 164 294 1 
170 270 179 281 1 
198 0 206 6 1 
188 4 193 12 1 
179 14 185 20 1 
164 20 174 32 1 
151 23 164 32 1 
179 31 185 38 1 
197 20 205 28 1 
210 12 221 23 1 
234 21 241 29 1 
229 23 240 37 1 
220 41 231 53 1 
201 53 209 64 1 
175 69 181 76 1 
191 73 196 80 1 
205 67 218 80 1 
190 71 196 79 1 
174 69 181 77 1 
193 79 199 89 1 
207 82 213 88 1 
227 89 235 97 1 
217 103 223 110 1 
225 101 231 108 1 
221 107 228 115 1 
203 96 211 102 1 
158 97 167 107 1 
196 103 206 116 1 
205 114 219 127 1 
214 124 224 136 1 
232 126 239 134 1 
225 130 234 139 1 
199 137 220 162 1 
167 123 174 131 1 
154 134 166 149 1 
167 136 176 145 1 
185 137 195 146 1 
208 167 216 175 1 
184 167 192 176 1 
214 175 221 185 1 
222 189 232 202 1 
217 198 222 206 1 
217 205 227 216 1 
210 200 217 211 1 
184 208 208 254 1 
214 219 223 226 1 
193 233 205 249 1 
159 235 167 244 1 
223 235 232 245 1 
201 264 212 282 1 
169 271 180 281 1 
208 277 221 289 1 
218 286 229 297 1 
218 298 225 308 1 
230 293 237 302 1 
148 282 162 296 1 
230 27 240 37 1 
222 43 231 53 1 
254 13 261 17 1 
287 14 295 22 1 
280 24 287 31 1 
288 21 297 31 1 
295 42 303 51 1 
289 48 298 57 1 
280 52 290 59 1 
269 63 279 73 1 
236 53 247 65 1 
269 83 279 91 1 
250 96 257 103 1 
243 106 252 114 1 
271 103 282 113 1 
276 121 289 137 1 
257 133 269 145 1 
243 126 253 137 1 
232 126 240 134 1 
255 152 263 160 1 
275 120 290 136 1 
243 162 254 176 1 
235 172 245 181 1 
221 188 232 201 1 
253 191 265 201 1 
263 197 279 211 1 
281 212 295 227 1 
274 222 286 233 1 
251 204 279 226 1 
218 204 228 216 1 
253 190 263 200 1 
268 195 279 211 1 
279 206 285 213 1 
283 214 293 226 1 
275 222 284 232 1 
264 237 279 252 1 
264 237 279 252 1 
223 236 233 246 1 
230 264 254 288 1 
230 264 254 288 1 
217 286 227 296 1 
217 296 224 306 1 
229 294 238 303 1 
239 289 248 300 1 
247 292 255 302 1 
247 292 255 302 1 
281 268 291 278 1 
248 305 276 366 1 
262 253 285 295 1 
328 0 342 8 1 
287 14 294 21 1 
288 23 296 32 1 
280 23 287 32 1 
314 21 325 31 1 
327 21 337 30 1 
355 21 368 31 1 
353 29 368 50 1 
344 44 364 61 1 
319 36 332 48 1 
295 43 304 53 1 
289 48 301 58 1 
301 62 312 74 1 
326 69 338 81 1 
297 79 352 137 1 
356 122 362 131 1 
322 140 351 187 1 
307 198 321 209 1 
337 179 349 193 1 
348 181 356 192 1 
284 212 296 227 1 
323 217 338 232 1 
354 204 366 216 1 
345 213 360 231 1 
308 246 318 263 1 
295 280 311 299 1 
312 281 360 354 1 
373 0 383 6 1 
421 1 431 8 1 
416 16 424 26 1 
404 24 413 33 1 
357 21 369 32 1 
353 29 366 49 1 
374 37 387 55 1 
397 48 405 56 1 
403 54 412 63 1 
418 64 429 75 1 
374 61 384 73 1 
396 85 408 96 1 
412 96 423 113 1 
409 129 416 136 1 
423 140 430 149 1 
349 182 357 191 1 
355 204 365 213 1 
347 216 361 231 1 
418 185 434 209 1 
396 227 414 257 1 
376 250 390 267 1 
476 1 484 13 1 
481 0 488 8 1 
492 6 500 17 1 
443 9 454 22 1 
459 13 467 23 1 
415 17 425 26 1 
438 33 449 45 1 
418 63 427 75 1 
461 54 481 72 1 
428 52 441 64 1 
432 101 444 113 1 
412 96 424 112 1 
445 110 453 118 1 
450 117 461 128 1 
410 129 418 137 1 
421 139 431 149 1 
428 216 441 228 1 
437 176 446 191 1 
476 4 485 12 1 
492 5 498 15 1 
509 0 526 17 1 
509 0 526 17 1 
513 23 524 30 1 
516 39 527 51 1 
490 43 498 50 1 
499 53 508 63 1 
488 59 505 77 1 
508 54 520 72 1 
517 62 532 86 1 
477 100 490 120 1 
484 103 520 145 1 
499 144 507 152 1 
538 135 550 149 1 
495 166 510 179 1 
494 182 508 197 1 
579 16 589 27 1 
548 38 560 52 1 
549 42 573 66 1 
585 49 600 62 1 
571 62 585 78 1 
540 100 550 110 1 
566 91 591 128 1 
539 135 552 148 1 
553 134 567 147 1 
561 124 576 138 1 
547 179 564 195 1 
545 209 556 223 1 
554 211 569 227 1 
533 270 545 285 1 
527 288 539 298 1 
549 285 566 300 1 
527 297 538 309 1 
581 317 590 328 1 
555 328 565 340 1 
568 328 584 344 1 
582 340 594 355 1 
555 372 568 385 1 
553 348 569 366 1 
174 321 221 372 1 
249 20 255 27 1 
246 27 252 34 1 
232 127 240 135 1 
234 149 242 159 1 
76 130 87 142 1 
50 116 61 128 1 
79 56 96 72 1 
555 303 568 316 1 
564 260 577 274 1 
573 276 582 286 1 
133 197 153 217 1 
74 72 85 82 1 
326 236 358 266 1 
147 277 206 331 1 
367 88 373 96 1 
355 96 365 106 1 
353 121 362 132 1 
230 71 236 79 1 
