433 242 487 296 1 
557 310 585 338 1 
398 16 433 51 1 
38 21 45 31 1 
37 126 44 136 1 
6 126 18 144 1 
12 147 21 158 1 
6 191 16 199 1 
10 224 16 230 1 
24 227 37 244 1 
6 237 14 244 1 
16 255 29 267 1 
6 304 16 314 1 
25 346 38 363 1 
16 363 28 374 1 
0 370 12 382 1 
1 355 6 370 1 
12 392 21 398 1 
87 13 95 21 1 
114 4 123 13 1 
70 28 76 37 1 
36 19 47 32 1 
36 126 47 136 1 
102 148 111 159 1 
84 235 95 244 1 
59 231 69 241 1 
26 228 37 245 1 
77 287 93 305 1 
72 324 80 335 1 
57 352 69 367 1 
22 344 38 364 1 
55 355 67 367 1 
135 2 144 8 1 
114 5 122 14 1 
124 11 134 19 1 
155 4 163 10 1 
158 24 168 33 1 
132 25 140 36 1 
129 44 136 53 1 
152 42 162 51 1 
176 41 182 51 1 
168 52 176 62 1 
175 77 181 84 1 
147 94 157 104 1 
127 78 134 88 1 
133 102 145 114 1 
112 117 123 126 1 
132 113 139 122 1 
135 124 147 136 1 
101 148 115 159 1 
140 205 158 221 1 
147 236 155 247 1 
159 251 168 261 1 
151 307 160 317 1 
123 318 132 328 1 
122 351 131 363 1 
141 350 150 360 1 
167 362 173 368 1 
164 378 172 385 1 
189 13 195 19 1 
219 6 230 17 1 
220 63 226 70 1 
192 41 202 49 1 
176 39 186 50 1 
177 77 183 86 1 
177 92 183 100 1 
214 87 223 98 1 
199 104 210 115 1 
210 115 219 127 1 
224 112 235 123 1 
210 133 222 143 1 
238 138 243 147 1 
187 162 196 169 1 
212 162 219 171 1 
196 178 210 204 1 
210 232 219 244 1 
191 265 202 279 1 
198 292 208 305 1 
180 291 189 301 1 
208 298 217 308 1 
232 293 240 302 1 
224 331 235 340 1 
234 336 242 348 1 
215 354 226 366 1 
178 342 188 350 1 
186 355 196 367 1 
195 385 208 396 1 
203 377 212 388 1 
282 8 289 16 1 
295 11 304 21 1 
253 12 261 19 1 
246 16 251 22 1 
253 25 259 32 1 
268 34 276 46 1 
252 39 259 48 1 
288 74 298 88 1 
294 95 303 103 1 
241 106 248 120 1 
290 108 308 136 1 
254 156 260 164 1 
244 165 251 176 1 
259 173 267 182 1 
288 168 294 175 1 
276 179 292 196 1 
286 195 294 203 1 
270 228 277 236 1 
291 239 299 247 1 
272 266 280 275 1 
271 258 279 267 1 
289 268 297 278 1 
277 282 293 299 1 
271 311 283 322 1 
254 305 262 314 1 
241 319 249 330 1 
233 337 241 350 1 
267 340 278 352 1 
288 341 297 351 1 
253 376 261 387 1 
353 2 362 8 1 
350 17 358 29 1 
339 14 345 23 1 
328 6 335 12 1 
323 15 329 22 1 
308 11 317 22 1 
295 4 307 23 1 
303 26 312 37 1 
321 32 337 50 1 
338 15 347 23 1 
348 14 360 27 1 
349 49 361 61 1 
336 60 345 70 1 
318 49 325 58 1 
314 54 322 62 1 
286 74 299 87 1 
310 88 330 108 1 
294 95 302 103 1 
293 113 310 136 1 
358 105 367 117 1 
347 139 359 151 1 
329 150 342 164 1 
309 159 329 181 1 
354 162 364 172 1 
340 174 350 184 1 
294 181 306 194 1 
298 197 306 205 1 
304 201 311 209 1 
321 215 328 223 1 
332 207 340 219 1 
303 215 312 225 1 
291 239 298 247 1 
305 245 314 256 1 
330 245 350 265 1 
330 271 342 282 1 
304 328 313 337 1 
290 340 298 353 1 
310 360 320 372 1 
299 352 309 360 1 
300 362 310 371 1 
307 375 317 388 1 
338 371 344 382 1 
356 342 365 353 1 
331 275 341 284 1 
351 278 361 287 1 
379 1 392 13 1 
370 11 381 23 1 
380 21 391 30 1 
395 15 429 49 1 
362 45 376 56 1 
351 50 361 63 1 
389 50 396 61 1 
377 60 386 67 1 
370 65 380 75 1 
360 68 375 82 1 
385 67 409 86 1 
377 82 391 98 1 
389 90 402 102 1 
400 88 414 101 1 
357 107 368 117 1 
379 117 393 131 1 
410 138 422 148 1 
408 149 421 158 1 
383 133 391 142 1 
374 126 385 134 1 
359 140 374 153 1 
348 138 357 151 1 
350 157 365 174 1 
367 156 378 166 1 
380 169 387 183 1 
383 165 391 173 1 
401 168 410 177 1 
409 149 419 158 1 
410 135 420 148 1 
370 178 379 190 1 
358 197 366 210 1 
372 207 379 215 1 
382 221 394 234 1 
393 226 404 236 1 
365 223 375 235 1 
383 265 397 276 1 
428 268 433 279 1 
382 284 391 294 1 
386 289 397 299 1 
392 297 402 308 1 
374 307 384 321 1 
385 323 391 333 1 
420 320 432 333 1 
429 313 440 322 1 
411 371 422 381 1 
406 382 416 394 1 
477 2 497 26 1 
400 18 425 47 1 
464 44 475 55 1 
481 66 492 76 1 
489 55 500 63 1 
429 66 436 77 1 
432 86 445 96 1 
484 71 500 89 1 
465 44 474 55 1 
481 67 490 77 1 
493 106 508 126 1 
479 110 491 123 1 
438 134 459 152 1 
410 136 418 147 1 
411 146 419 155 1 
437 158 446 167 1 
473 140 482 152 1 
481 124 496 138 1 
497 126 506 140 1 
487 164 499 181 1 
452 161 465 171 1 
434 157 447 168 1 
401 168 409 178 1 
459 179 469 188 1 
453 194 461 207 1 
460 203 470 214 1 
491 228 502 240 1 
433 245 481 297 1 
496 262 507 272 1 
493 282 501 295 1 
474 301 484 313 1 
478 308 488 319 1 
428 313 438 322 1 
392 296 405 309 1 
420 319 433 334 1 
474 326 482 335 1 
456 347 469 360 1 
448 358 457 368 1 
431 369 443 380 1 
412 371 420 381 1 
407 378 419 391 1 
497 389 506 400 1 
497 261 507 273 1 
490 229 503 242 1 
503 213 510 224 1 
473 1 495 26 1 
503 9 513 20 1 
510 30 517 39 1 
519 27 524 38 1 
538 41 551 53 1 
589 16 598 26 1 
570 13 579 20 1 
572 40 581 48 1 
543 17 549 24 1 
488 51 498 61 1 
506 51 513 57 1 
514 51 521 59 1 
524 54 533 63 1 
527 61 535 71 1 
488 52 497 61 1 
481 66 488 75 1 
482 69 500 91 1 
568 77 586 95 1 
565 99 577 113 1 
547 107 558 120 1 
592 101 598 108 1 
521 104 543 124 1 
491 103 510 127 1 
480 112 491 124 1 
486 122 497 135 1 
499 130 508 138 1 
534 128 550 143 1 
554 129 564 138 1 
580 132 593 145 1 
567 149 580 164 1 
542 152 554 169 1 
527 157 537 167 1 
515 159 526 168 1 
518 169 528 180 1 
487 170 500 180 1 
545 190 561 206 1 
569 179 577 190 1 
594 180 603 189 1 
554 217 562 224 1 
536 211 543 219 1 
516 212 525 222 1 
502 211 512 220 1 
487 214 497 223 1 
491 229 498 238 1 
525 222 536 234 1 
565 249 579 265 1 
563 266 574 277 1 
552 256 559 264 1 
545 266 557 275 1 
528 265 534 273 1 
517 260 524 269 1 
507 264 517 273 1 
499 262 506 273 1 
487 274 497 284 1 
494 284 502 294 1 
517 276 525 286 1 
536 275 546 288 1 
560 289 569 301 1 
575 287 585 302 1 
556 306 566 314 1 
524 310 533 321 1 
477 303 484 312 1 
479 309 490 318 1 
523 311 534 322 1 
475 323 484 335 1 
506 333 514 341 1 
514 335 523 347 1 
558 341 567 353 1 
576 331 583 342 1 
558 302 566 315 1 
524 309 534 321 1 
514 333 524 348 1 
557 339 567 350 1 
564 269 574 279 1 
563 245 583 266 1 
536 278 547 290 1 
545 265 554 276 1 
576 334 585 345 1 
557 343 567 352 1 
571 341 579 356 1 
579 352 589 367 1 
540 374 553 389 1 
568 365 576 374 1 
580 379 589 393 1 
587 387 600 401 1 
547 389 555 398 1 
496 391 508 400 1 
516 353 527 362 1 
516 372 528 380 1 
516 386 524 398 1 
363 330 378 345 1 
0 1 25 24 1 
29 172 42 185 1 
39 369 50 381 1 
314 86 337 109 1 
223 75 236 87 1 
240 107 250 119 1 
240 229 248 238 1 
394 195 402 204 1 
398 204 406 212 1 
407 187 416 195 1 
419 195 428 204 1 
408 196 418 204 1 
465 219 500 251 1 
438 102 447 111 1 
131 188 142 198 1 
163 109 174 122 1 
109 49 116 58 1 
57 106 65 115 1 
177 330 187 340 1 
324 195 339 209 1 
