312 23 339 51 1 
194 57 233 95 1 
147 54 175 82 1 
395 142 420 168 1 
388 99 415 127 1 
306 21 342 47 1 
185 49 242 99 1 
140 51 178 85 1 
259 177 290 206 1 
298 252 328 277 1 
548 245 574 268 1 
321 336 348 359 1 
386 132 428 167 1 
173 102 194 125 1 
552 45 574 68 1 
84 53 112 80 1 
130 147 151 165 1 
149 162 174 181 1 
210 315 231 331 1 
92 305 116 324 1 
375 95 396 117 1 
446 293 467 315 1 
71 244 98 269 1 
234 140 250 155 1 
466 40 486 61 1 
525 331 549 355 1 
80 2 105 19 1 
561 310 582 330 1 
510 60 532 82 1 
500 53 520 70 1 
134 191 153 212 1 
188 229 210 247 1 
566 173 581 190 1 
523 88 542 103 1 
235 234 249 248 1 
292 21 306 35 1 
133 38 149 54 1 
190 150 200 159 1 
