0 99 66 167 1 
428 279 463 313 1 
476 259 504 287 1 
338 0 378 20 1 
383 376 401 397 1 
146 383 167 400 1 
399 376 414 391 1 
586 21 600 42 1 
110 356 125 371 1 
567 360 582 374 1 
187 128 216 151 1 
470 257 508 292 1 
428 278 466 316 1 
527 52 553 76 1 
550 79 576 104 1 
484 32 505 53 1 
370 33 390 51 1 
228 269 259 296 1 
244 323 275 351 1 
306 293 331 317 1 
319 336 340 355 1 
382 314 400 333 1 
415 332 428 350 1 
111 106 137 128 1 
91 190 111 213 1 
179 294 200 311 1 
145 258 160 274 1 
60 262 83 286 1 
49 242 64 257 1 
37 233 55 255 1 
107 316 127 335 1 
270 156 284 172 1 
476 93 496 111 1 
541 7 555 19 1 
555 28 572 44 1 
545 127 565 147 1 
555 207 571 225 1 
484 332 502 350 1 
303 144 320 161 1 
385 136 402 150 1 
445 70 476 93 1 
193 16 209 30 1 
245 28 258 41 1 
251 38 267 52 1 
262 103 277 116 1 
217 103 238 123 1 
412 204 430 224 1 
440 209 455 222 1 
389 219 409 237 1 
413 238 426 249 1 
555 353 573 366 1 
0 247 11 269 1 
290 241 304 252 1 
234 184 252 202 1 
207 64 221 77 1 
410 2 426 15 1 
406 13 422 29 1 
514 73 531 90 1 
108 66 124 80 1 
131 55 146 69 1 
167 109 183 123 1 
356 149 371 162 1 
338 145 355 160 1 
366 188 389 207 1 
255 155 270 171 1 
340 77 353 92 1 
528 285 543 302 1 
348 256 361 268 1 
38 268 49 281 1 
75 33 89 46 1 
80 149 93 164 1 
11 346 31 361 1 
425 67 439 80 1 
338 270 352 286 1 
305 9 321 23 1 
127 158 141 172 1 
14 188 44 216 1 
138 37 151 51 1 
90 338 105 354 1 
483 281 501 296 1 
292 49 306 63 1 
0 3 13 14 1 
36 1 54 12 1 
56 93 70 107 1 
16 162 28 178 1 
463 347 482 367 1 
204 323 219 336 1 
434 114 447 126 1 
189 160 211 178 1 
352 33 367 47 1 
388 336 405 348 1 
401 327 413 340 1 
37 300 51 313 1 
27 322 40 333 1 
562 329 577 343 1 
346 350 364 369 1 
303 0 321 8 1 
386 261 398 273 1 
