0 152 63 233 1 
534 275 575 316 1 
493 333 559 398 1 
222 156 264 198 1 
182 186 224 228 1 
277 24 363 110 1 
291 303 357 369 1 
447 224 495 271 1 
198 280 240 323 1 
67 92 120 144 1 
165 350 194 379 1 
252 0 299 41 1 
226 108 264 145 1 
393 254 456 317 1 
250 345 280 375 1 
61 271 101 311 1 
50 188 100 239 1 
57 139 114 196 1 
94 239 133 278 1 
0 228 31 277 1 
0 136 69 238 1 
443 219 489 268 1 
172 186 229 233 1 
216 156 273 199 1 
217 80 248 109 1 
68 93 119 139 1 
114 91 129 107 1 
121 104 144 130 1 
82 311 96 331 1 
21 311 40 330 1 
244 250 261 267 1 
197 280 233 319 1 
283 243 302 264 1 
307 234 324 252 1 
298 316 333 350 1 
246 345 272 366 1 
153 316 169 334 1 
152 285 169 304 1 
172 289 188 308 1 
178 343 196 360 1 
392 310 410 326 1 
416 333 439 352 1 
513 325 531 346 1 
533 270 577 310 1 
565 319 578 333 1 
511 185 528 202 1 
468 156 483 170 1 
495 132 509 152 1 
527 151 546 168 1 
543 140 561 159 1 
555 130 567 149 1 
557 79 573 95 1 
507 98 520 110 1 
112 209 133 228 1 
117 195 134 211 1 
140 162 156 180 1 
198 141 213 160 1 
278 138 302 160 1 
283 167 305 188 1 
292 119 307 134 1 
328 92 342 106 1 
294 52 337 93 1 
318 64 331 77 1 
348 58 364 71 1 
445 0 469 10 1 
446 19 461 32 1 
466 49 477 59 1 
516 15 534 30 1 
460 115 481 135 1 
410 174 421 188 1 
355 216 369 227 1 
392 239 408 257 1 
402 269 417 288 1 
519 260 528 272 1 
551 249 569 264 1 
259 300 270 309 1 
228 303 243 316 1 
39 287 61 308 1 
99 301 113 310 1 
100 309 115 319 1 
88 185 101 197 1 
225 110 259 141 1 
131 6 153 29 1 
98 11 113 25 1 
174 31 185 43 1 
190 42 209 54 1 
207 24 218 35 1 
221 35 227 43 1 
193 13 207 24 1 
236 9 246 21 1 
316 37 328 48 1 
374 38 382 47 1 
338 114 347 123 1 
255 85 265 95 1 
278 75 286 86 1 
279 91 290 104 1 
312 125 328 139 1 
314 145 330 163 1 
384 133 402 154 1 
408 78 417 87 1 
286 341 293 351 1 
269 314 282 327 1 
263 332 272 345 1 
189 131 198 142 1 
283 202 293 214 1 
