92 19 168 96 1 
424 38 466 79 1 
543 252 572 281 1 
68 13 180 101 1 
94 92 109 107 1 
25 123 49 148 1 
21 51 36 66 1 
27 64 40 76 1 
74 109 93 128 1 
88 117 109 139 1 
92 136 116 159 1 
143 142 166 166 1 
32 177 55 198 1 
48 201 63 217 1 
59 197 75 214 1 
40 244 59 262 1 
32 272 51 292 1 
48 272 62 286 1 
49 305 63 318 1 
60 313 74 327 1 
85 300 102 318 1 
78 296 88 307 1 
110 282 126 300 1 
113 312 133 330 1 
102 331 132 362 1 
79 355 95 370 1 
86 373 100 386 1 
12 374 31 393 1 
12 356 23 368 1 
5 364 17 378 1 
1 375 11 386 1 
129 260 148 279 1 
142 274 154 286 1 
171 265 200 291 1 
196 288 210 302 1 
180 293 198 311 1 
172 301 183 312 1 
174 311 194 329 1 
178 332 191 344 1 
215 376 233 396 1 
232 363 249 382 1 
241 190 261 210 1 
261 205 278 222 1 
261 185 274 198 1 
286 138 306 159 1 
217 160 236 178 1 
225 149 236 162 1 
257 99 269 113 1 
289 85 318 112 1 
279 19 292 34 1 
361 57 384 80 1 
365 1 401 33 1 
407 31 424 49 1 
395 39 408 52 1 
422 38 469 84 1 
435 32 450 47 1 
450 34 462 49 1 
470 53 486 69 1 
459 56 473 68 1 
459 92 477 110 1 
471 94 489 113 1 
503 64 523 81 1 
510 76 523 90 1 
524 90 557 124 1 
519 12 534 28 1 
564 11 581 28 1 
540 2 553 15 1 
517 1 531 12 1 
582 126 600 144 1 
553 135 574 156 1 
547 174 581 210 1 
526 162 542 176 1 
481 214 504 235 1 
466 213 485 233 1 
472 232 488 249 1 
489 231 502 246 1 
537 245 580 290 1 
496 302 516 321 1 
480 300 498 318 1 
438 295 457 314 1 
486 376 517 401 1 
450 382 467 396 1 
415 352 433 370 1 
391 385 406 400 1 
369 384 384 398 1 
392 146 424 179 1 
475 130 491 148 1 
466 137 481 151 1 
508 126 539 156 1 
493 262 510 279 1 
436 262 457 282 1 
349 102 362 116 1 
353 134 383 164 1 
305 212 325 232 1 
332 353 348 370 1 
381 335 400 354 1 
399 290 412 303 1 
95 170 109 183 1 
94 199 104 209 1 
117 194 129 206 1 
147 193 161 208 1 
153 209 163 220 1 
134 358 149 374 1 
178 346 197 363 1 
176 362 191 376 1 
16 343 26 354 1 
27 339 40 354 1 
36 352 48 365 1 
44 341 55 353 1 
178 208 402 402 1 
545 322 558 336 1 
546 302 560 315 1 
558 294 573 308 1 
472 258 486 272 1 
394 85 407 99 1 
387 81 400 94 1 
583 35 599 52 1 
569 240 589 261 1 
578 260 587 270 1 
288 34 336 79 1 
306 70 359 127 1 
296 194 308 207 1 
382 225 393 237 1 
350 245 361 256 1 
376 361 390 375 1 
267 308 281 324 1 
546 387 565 404 1 
198 32 217 50 1 
196 44 209 55 1 
196 53 212 68 1 
213 66 225 78 1 
250 63 262 76 1 
425 181 442 197 1 
402 180 417 193 1 
177 181 192 195 1 
173 196 186 208 1 
181 140 194 153 1 
145 336 156 349 1 
78 333 89 346 1 
87 335 98 347 1 
400 341 413 355 1 
455 350 469 362 1 
483 328 495 340 1 
572 349 584 361 1 
530 143 539 153 1 
526 149 536 158 1 
540 147 550 158 1 
552 153 565 167 1 
169 57 179 69 1 
160 85 170 95 1 
184 58 196 71 1 
192 60 200 69 1 
34 57 44 67 1 
347 2 360 16 1 
156 231 169 243 1 
450 144 460 154 1 
457 147 467 158 1 
432 132 444 144 1 
433 143 445 154 1 
404 258 417 270 1 
427 241 439 253 1 
578 368 595 383 1 
202 10 231 40 1 
32 157 52 177 1 
211 260 229 279 1 
273 244 287 260 1 
246 244 261 261 1 
340 35 353 48 1 
66 138 79 151 1 
8 254 19 265 1 
52 369 64 380 1 
