317 179 370 232 1 
96 258 159 321 1 
263 111 302 150 1 
260 329 326 395 1 
34 0 69 31 1 
238 94 264 120 1 
0 263 23 303 1 
256 172 288 198 1 
227 85 268 124 1 
252 103 311 158 1 
298 161 381 244 1 
357 230 390 260 1 
351 45 384 73 1 
393 36 414 56 1 
32 0 76 39 1 
90 122 124 146 1 
106 106 133 127 1 
69 246 172 335 1 
355 324 386 347 1 
392 206 417 234 1 
544 40 573 66 1 
544 8 569 30 1 
484 62 508 86 1 
506 258 538 284 1 
408 267 438 294 1 
415 302 439 327 1 
497 334 515 354 1 
146 55 168 72 1 
146 219 171 244 1 
155 286 182 308 1 
62 318 89 340 1 
185 182 210 204 1 
238 314 340 360 1 
0 253 30 318 1 
520 65 542 85 1 
484 148 502 165 1 
52 148 77 170 1 
72 101 92 117 1 
289 45 315 67 1 
500 1 521 20 1 
548 326 572 348 1 
117 182 139 200 1 
317 132 346 163 1 
20 94 47 116 1 
545 133 561 150 1 
551 139 571 154 1 
80 301 112 326 1 
90 196 112 217 1 
191 70 202 81 1 
565 204 581 219 1 
561 240 580 261 1 
552 250 568 268 1 
272 210 289 226 1 
25 170 40 184 1 
182 125 198 140 1 
123 227 136 240 1 
18 203 31 216 1 
414 80 430 96 1 
359 97 375 112 1 
226 191 238 207 1 
252 233 267 249 1 
255 305 272 323 1 
522 192 541 214 1 
288 16 308 36 1 
374 271 389 287 1 
62 289 77 305 1 
456 179 477 200 1 
519 27 534 44 1 
364 180 379 196 1 
360 159 376 172 1 
308 284 320 299 1 
307 305 319 320 1 
28 281 42 299 1 
39 336 51 351 1 
54 259 72 277 1 
510 84 532 100 1 
158 35 171 50 1 
