336 349 366 379 1 
107 330 135 358 1 
423 280 423 280 1 
421 255 446 280 1 
468 177 503 213 1 
459 64 483 86 1 
92 161 113 182 1 
115 237 143 265 1 
116 280 130 298 1 
190 298 206 318 1 
255 73 282 101 1 
74 116 98 135 1 
61 163 77 182 1 
252 219 278 237 1 
189 207 221 236 1 
162 146 192 174 1 
107 326 136 358 1 
341 97 358 113 1 
256 187 276 203 1 
274 110 291 125 1 
551 222 572 247 1 
231 278 245 294 1 
228 302 247 322 1 
185 45 198 61 1 
347 240 361 255 1 
27 260 40 272 1 
106 265 122 281 1 
290 147 309 168 1 
310 165 337 195 1 
369 251 380 263 1 
489 266 509 289 1 
427 291 440 305 1 
274 285 290 300 1 
113 98 129 118 1 
68 52 83 71 1 
104 37 129 62 1 
203 17 231 42 1 
225 1 251 25 1 
308 115 325 129 1 
327 341 374 364 1 
514 23 538 47 1 
436 208 454 226 1 
442 155 463 178 1 
155 228 172 244 1 
256 109 268 125 1 
201 119 214 135 1 
356 139 366 153 1 
226 164 240 183 1 
266 165 280 179 1 
240 236 257 255 1 
426 335 438 349 1 
542 19 562 36 1 
226 84 239 98 1 
185 88 202 104 1 
547 308 563 323 1 
514 319 538 340 1 
529 247 543 262 1 
472 273 487 288 1 
504 66 524 88 1 
378 84 395 100 1 
