109 295 134 320 1 
51 314 81 344 1 
323 308 358 342 1 
369 0 401 17 1 
318 301 364 343 1 
492 253 518 278 1 
449 263 466 284 1 
452 325 469 343 1 
539 316 575 350 1 
481 74 511 103 1 
508 63 523 78 1 
109 295 137 320 1 
82 372 105 393 1 
79 346 102 368 1 
50 312 85 346 1 
32 325 51 343 1 
63 226 80 245 1 
159 106 178 122 1 
244 103 261 119 1 
308 127 327 142 1 
306 215 325 236 1 
225 238 240 254 1 
51 190 68 210 1 
349 0 416 15 1 
137 14 152 29 1 
386 174 402 191 1 
384 92 398 104 1 
27 260 47 279 1 
26 282 51 308 1 
102 256 116 271 1 
92 281 104 293 1 
118 139 135 156 1 
75 194 88 207 1 
264 192 278 204 1 
270 27 289 46 1 
375 164 388 174 1 
379 115 392 128 1 
120 262 131 272 1 
81 149 90 161 1 
168 58 181 72 1 
279 235 292 247 1 
269 227 281 239 1 
277 276 287 291 1 
195 280 208 295 1 
235 285 248 294 1 
53 171 66 181 1 
96 204 107 220 1 
107 203 118 218 1 
298 156 326 179 1 
45 361 60 374 1 
89 328 100 341 1 
338 167 354 178 1 
0 206 11 218 1 
30 230 45 245 1 
176 347 186 359 1 
174 158 184 171 1 
222 113 232 124 1 
233 46 243 57 1 
132 37 139 45 1 
154 37 163 45 1 
0 132 9 146 1 
7 21 15 31 1 
77 0 87 12 1 
129 2 142 8 1 
465 17 479 29 1 
458 2 473 14 1 
503 37 513 49 1 
393 31 406 42 1 
323 68 334 80 1 
216 96 225 105 1 
222 132 230 140 1 
252 151 265 164 1 
393 247 404 259 1 
459 187 471 198 1 
530 174 543 188 1 
545 138 556 150 1 
568 94 578 104 1 
424 349 433 359 1 
271 382 283 394 1 
139 264 150 274 1 
153 256 164 265 1 
12 159 22 168 1 
25 191 37 201 1 
13 214 23 224 1 
49 213 59 223 1 
24 105 35 114 1 
523 129 537 144 1 
