141 62 201 122 1 
105 9 138 42 1 
207 320 234 348 1 
136 55 203 121 1 
113 104 131 126 1 
203 318 238 350 1 
145 328 183 360 1 
158 291 185 315 1 
417 289 440 311 1 
395 335 415 358 1 
76 372 113 400 1 
460 378 481 397 1 
500 335 518 352 1 
496 308 511 328 1 
383 390 403 400 1 
401 39 421 55 1 
387 50 397 63 1 
109 9 138 42 1 
91 10 112 31 1 
38 84 54 102 1 
60 44 75 61 1 
75 247 97 272 1 
109 179 126 194 1 
122 165 141 183 1 
211 100 227 117 1 
238 110 252 127 1 
64 191 81 208 1 
80 105 94 119 1 
117 206 130 221 1 
230 65 243 78 1 
13 370 44 400 1 
68 317 83 332 1 
32 264 47 281 1 
16 112 31 128 1 
49 73 67 92 1 
209 30 222 44 1 
285 9 299 22 1 
271 13 283 28 1 
317 167 339 189 1 
308 157 325 174 1 
322 141 339 158 1 
459 68 473 86 1 
442 7 458 23 1 
505 126 521 147 1 
500 365 516 383 1 
406 371 420 382 1 
232 300 250 319 1 
51 7 64 20 1 
24 16 38 29 1 
12 40 23 51 1 
275 234 291 251 1 
293 34 305 44 1 
458 327 469 338 1 
478 305 489 319 1 
370 215 382 227 1 
251 267 265 279 1 
448 68 458 82 1 
469 160 490 181 1 
316 94 327 108 1 
257 61 271 78 1 
189 19 201 34 1 
73 73 95 93 1 
98 198 112 216 1 
519 226 534 241 1 
333 84 343 94 1 
349 86 360 96 1 
273 300 292 317 1 
122 365 138 378 1 
39 211 52 222 1 
354 32 364 44 1 
427 173 439 187 1 
430 239 442 250 1 
413 241 425 253 1 
397 250 413 262 1 
398 283 413 297 1 
514 302 525 314 1 
236 236 248 249 1 
175 141 193 159 1 
54 362 66 373 1 
52 374 66 387 1 
270 120 283 135 1 
219 5 230 17 1 
459 138 477 156 1 
9 89 27 103 1 
32 308 45 319 1 
