465 311 497 342 1 
473 66 499 92 1 
276 289 309 321 1 
289 362 307 378 1 
118 369 134 387 1 
23 362 41 379 1 
202 373 221 392 1 
337 383 353 396 1 
534 364 550 379 1 
475 385 490 399 1 
378 369 389 381 1 
433 360 448 375 1 
463 307 503 348 1 
271 280 313 325 1 
3 262 33 297 1 
138 315 171 348 1 
155 186 185 212 1 
281 144 304 168 1 
379 88 408 112 1 
399 119 429 145 1 
472 63 504 96 1 
534 59 557 81 1 
517 3 531 18 1 
533 2 551 18 1 
248 44 265 59 1 
215 44 231 58 1 
125 128 147 151 1 
163 113 185 134 1 
244 192 267 217 1 
554 215 571 230 1 
559 246 575 260 1 
564 241 583 262 1 
548 342 570 364 1 
191 326 218 352 1 
202 303 218 321 1 
132 266 157 295 1 
17 330 42 357 1 
0 159 22 184 1 
0 0 23 21 1 
42 10 65 27 1 
232 111 245 126 1 
226 92 246 109 1 
253 78 266 92 1 
263 93 287 114 1 
340 130 359 147 1 
141 26 164 44 1 
443 281 462 302 1 
543 268 558 289 1 
408 92 423 107 1 
499 17 516 32 1 
496 312 519 333 1 
167 312 184 328 1 
186 193 204 213 1 
92 320 115 344 1 
98 162 118 182 1 
116 189 135 208 1 
0 230 19 253 1 
30 256 45 271 1 
58 85 79 101 1 
85 62 102 78 1 
105 82 120 95 1 
133 109 150 124 1 
528 296 542 311 1 
542 299 559 315 1 
430 251 447 266 1 
436 256 463 278 1 
479 276 494 291 1 
326 305 345 320 1 
370 306 387 324 1 
353 319 369 333 1 
219 241 231 256 1 
170 245 185 261 1 
195 262 211 276 1 
252 239 264 252 1 
245 265 260 282 1 
243 294 256 310 1 
233 311 247 327 1 
321 164 336 177 1 
331 203 347 219 1 
311 221 328 238 1 
378 235 400 252 1 
545 188 560 206 1 
562 182 578 197 1 
322 109 339 124 1 
299 90 314 104 1 
86 117 100 131 1 
71 183 87 198 1 
113 311 127 323 1 
87 275 103 294 1 
440 336 461 358 1 
562 96 575 108 1 
566 117 578 130 1 
379 70 393 83 1 
524 328 537 340 1 
105 233 118 249 1 
137 245 154 261 1 
47 345 62 360 1 
365 159 384 178 1 
223 129 238 141 1 
252 135 273 152 1 
240 177 254 191 1 
195 121 210 136 1 
188 134 201 148 1 
148 344 174 366 1 
110 346 127 360 1 
81 250 96 265 1 
492 179 509 197 1 
144 203 158 218 1 
160 150 178 166 1 
204 134 227 156 1 
449 56 468 71 1 
514 54 527 65 1 
