324 103 370 149 1 
177 341 204 368 1 
206 260 295 349 1 
213 384 242 400 1 
82 363 101 382 1 
115 354 132 371 1 
186 365 206 385 1 
207 361 224 382 1 
465 359 482 372 1 
30 384 48 400 1 
318 100 374 152 1 
348 95 372 117 1 
441 9 467 32 1 
501 213 522 237 1 
507 261 525 280 1 
550 247 581 278 1 
346 336 379 366 1 
400 300 431 328 1 
430 316 448 332 1 
107 204 138 230 1 
89 178 116 202 1 
168 142 191 163 1 
204 169 233 198 1 
171 339 211 364 1 
72 25 105 58 1 
316 25 348 56 1 
487 30 505 46 1 
514 34 529 47 1 
541 17 560 34 1 
565 10 577 25 1 
558 0 572 14 1 
68 287 98 318 1 
102 299 136 329 1 
153 299 173 318 1 
157 229 177 251 1 
297 242 327 269 1 
237 158 261 180 1 
38 204 58 226 1 
54 136 70 152 1 
92 79 108 95 1 
243 232 270 256 1 
206 204 226 224 1 
236 212 254 226 1 
260 85 279 104 1 
240 58 257 75 1 
175 92 191 106 1 
495 139 514 157 1 
566 143 584 163 1 
0 236 16 253 1 
36 112 52 129 1 
59 17 83 39 1 
270 25 283 41 1 
284 28 302 44 1 
300 198 316 214 1 
145 164 161 181 1 
146 80 160 94 1 
5 103 21 118 1 
39 7 54 25 1 
41 39 58 53 1 
142 266 167 294 1 
51 258 67 274 1 
63 93 81 104 1 
141 24 160 44 1 
421 8 435 22 1 
119 134 135 149 1 
