397 82 428 113 1 
475 213 524 263 1 
323 298 357 332 1 
81 8 111 39 1 
77 234 104 260 1 
21 5 50 34 1 
0 68 19 96 1 
78 7 112 41 1 
0 66 25 94 1 
76 233 104 261 1 
320 294 360 332 1 
257 294 275 312 1 
297 202 320 221 1 
286 72 307 92 1 
216 65 236 82 1 
458 134 476 158 1 
460 12 478 31 1 
501 0 517 16 1 
366 275 388 296 1 
481 320 497 336 1 
329 347 345 361 1 
398 218 410 231 1 
434 241 445 256 1 
451 224 461 238 1 
458 195 465 205 1 
423 157 431 169 1 
431 175 438 185 1 
444 176 457 189 1 
371 141 382 156 1 
518 128 529 141 1 
477 216 518 256 1 
525 285 539 302 1 
9 242 26 259 1 
14 205 29 226 1 
9 121 25 139 1 
43 98 55 113 1 
57 105 69 117 1 
332 61 349 78 1 
408 4 418 13 1 
527 43 536 54 1 
129 176 142 189 1 
38 224 50 236 1 
34 263 49 277 1 
18 282 28 291 1 
7 353 21 361 1 
116 307 127 317 1 
116 270 133 282 1 
115 261 124 270 1 
113 117 125 132 1 
132 131 146 143 1 
278 188 286 198 1 
323 162 332 173 1 
312 230 320 242 1 
70 255 84 270 1 
462 233 475 247 1 
374 241 389 257 1 
