342 263 376 296 1 
507 0 543 32 1 
446 264 475 293 1 
505 1 548 37 1 
502 6 510 15 1 
550 40 563 55 1 
574 11 585 23 1 
522 69 540 84 1 
523 83 540 99 1 
542 126 574 157 1 
574 135 588 149 1 
516 140 543 166 1 
553 166 568 180 1 
591 185 603 205 1 
531 214 547 230 1 
543 223 570 251 1 
589 367 599 380 1 
445 262 480 296 1 
414 236 439 261 1 
424 311 440 328 1 
420 331 437 349 1 
347 252 364 270 1 
337 257 385 304 1 
302 278 325 300 1 
305 308 322 324 1 
314 335 330 352 1 
322 348 332 360 1 
200 364 218 382 1 
180 329 201 351 1 
165 315 180 331 1 
176 260 191 275 1 
156 249 173 265 1 
185 235 201 253 1 
196 257 211 272 1 
46 279 87 321 1 
9 259 31 282 1 
35 242 55 262 1 
11 197 31 217 1 
4 358 23 374 1 
71 51 91 72 1 
97 56 119 78 1 
85 30 109 55 1 
46 0 71 23 1 
129 14 143 27 1 
222 4 245 27 1 
242 29 265 50 1 
302 17 318 31 1 
288 29 301 44 1 
404 39 420 56 1 
404 56 422 73 1 
161 163 186 188 1 
179 152 209 183 1 
202 184 222 205 1 
236 147 254 166 1 
235 137 249 152 1 
180 112 194 126 1 
193 68 209 84 1 
366 129 387 149 1 
437 94 467 122 1 
447 55 484 88 1 
475 121 497 140 1 
468 226 485 242 1 
171 71 186 89 1 
29 103 42 118 1 
36 96 49 109 1 
40 77 54 93 1 
1 111 13 124 1 
107 261 120 275 1 
151 364 162 376 1 
329 194 353 219 1 
358 189 379 209 1 
390 188 413 210 1 
398 208 416 226 1 
419 211 433 226 1 
452 134 478 160 1 
277 82 293 97 1 
310 68 323 83 1 
381 30 394 44 1 
469 0 489 8 1 
265 242 291 267 1 
277 197 299 217 1 
265 169 278 182 1 
414 16 426 29 1 
530 349 543 363 1 
142 285 155 298 1 
192 22 205 37 1 
414 16 426 30 1 
341 65 350 76 1 
21 369 40 386 1 
367 303 378 317 1 
378 323 389 337 1 
388 92 401 105 1 
397 125 407 137 1 
412 153 421 163 1 
572 303 583 315 1 
113 246 125 259 1 
154 238 165 249 1 
199 204 209 216 1 
81 100 95 114 1 
133 38 146 53 1 
69 36 81 49 1 
394 74 410 89 1 
108 76 122 91 1 
119 47 131 61 1 
98 77 111 91 1 
487 77 500 90 1 
503 210 516 223 1 
412 379 426 394 1 
266 319 280 334 1 
0 65 10 79 1 
8 66 19 76 1 
19 56 29 68 1 
14 62 26 74 1 
