527 222 572 267 1 
354 218 385 248 1 
67 6 107 46 1 
74 203 110 239 1 
183 371 211 399 1 
57 2 63 10 1 
23 16 31 24 1 
22 53 30 60 1 
37 61 44 70 1 
47 61 53 69 1 
42 69 47 76 1 
33 75 41 84 1 
0 87 8 100 1 
29 92 39 103 1 
20 102 36 124 1 
43 104 53 127 1 
45 134 50 141 1 
48 130 53 134 1 
48 130 53 134 1 
46 139 51 146 1 
8 141 14 147 1 
9 149 14 157 1 
19 157 27 166 1 
43 153 49 160 1 
49 181 56 189 1 
35 185 42 193 1 
1 178 9 188 1 
0 191 6 200 1 
8 199 14 205 1 
18 198 25 209 1 
46 225 53 232 1 
43 240 52 249 1 
54 245 63 254 1 
53 272 61 281 1 
37 273 43 283 1 
23 279 31 288 1 
18 291 26 300 1 
47 298 53 307 1 
47 298 53 307 1 
53 295 60 303 1 
52 321 58 328 1 
11 304 19 312 1 
1 327 8 337 1 
23 336 31 343 1 
39 341 45 349 1 
53 350 61 360 1 
26 359 37 376 1 
43 378 53 388 1 
51 390 58 397 1 
57 2 64 9 1 
81 8 91 19 1 
70 14 82 38 1 
87 20 94 29 1 
114 52 120 61 1 
96 48 106 57 1 
97 64 107 75 1 
75 91 82 99 1 
95 98 103 105 1 
120 83 127 92 1 
94 98 103 107 1 
73 90 83 100 1 
71 138 72 140 1 
113 140 121 150 1 
127 137 135 149 1 
107 166 113 174 1 
85 148 91 155 1 
56 148 69 167 1 
66 161 74 170 1 
92 181 102 194 1 
97 175 106 183 1 
85 185 92 192 1 
78 185 84 191 1 
89 200 95 207 1 
86 197 95 207 1 
108 204 115 213 1 
72 207 100 232 1 
83 239 99 256 1 
65 231 73 238 1 
62 234 71 244 1 
71 241 77 250 1 
56 245 62 256 1 
53 270 62 280 1 
71 267 79 274 1 
88 293 95 301 1 
107 295 113 303 1 
66 327 82 350 1 
115 318 122 327 1 
77 356 84 361 1 
54 350 60 361 1 
65 358 71 364 1 
72 359 86 373 1 
84 380 93 388 1 
69 387 77 394 1 
53 389 59 397 1 
106 375 119 390 1 
115 140 122 151 1 
114 51 121 61 1 
183 4 189 12 1 
166 11 174 18 1 
159 6 166 13 1 
120 1 126 8 1 
163 18 172 28 1 
172 26 178 34 1 
175 33 184 43 1 
140 58 141 59 1 
114 49 122 62 1 
163 71 172 86 1 
162 73 173 86 1 
169 96 174 104 1 
141 89 146 94 1 
129 90 135 98 1 
120 85 127 93 1 
128 115 134 121 1 
135 116 142 124 1 
147 114 157 126 1 
172 122 183 135 1 
148 139 158 151 1 
128 138 135 147 1 
121 138 126 144 1 
115 142 123 151 1 
184 183 191 190 1 
148 193 155 202 1 
175 199 182 206 1 
167 206 175 216 1 
135 209 142 217 1 
120 233 128 241 1 
154 233 163 242 1 
160 223 170 236 1 
171 232 178 240 1 
181 227 190 238 1 
180 269 191 282 1 
120 259 129 270 1 
137 287 145 294 1 
115 319 124 328 1 
121 332 136 350 1 
151 323 165 337 1 
180 329 189 339 1 
187 340 192 346 1 
146 366 154 372 1 
152 372 161 381 1 
150 382 158 392 1 
106 372 121 392 1 
182 3 190 12 1 
202 4 208 13 1 
210 20 220 32 1 
220 26 233 40 1 
214 31 218 39 1 
214 30 223 44 1 
176 33 186 44 1 
201 45 211 57 1 
197 59 207 70 1 
211 59 225 71 1 
201 72 208 81 1 
216 100 222 107 1 
242 104 254 116 1 
205 101 213 112 1 
219 111 233 130 1 
228 108 240 128 1 
190 125 199 135 1 
217 143 225 150 1 
225 155 231 162 1 
229 166 238 177 1 
211 181 222 192 1 
185 183 191 190 1 
189 201 195 208 1 
206 201 213 209 1 
232 201 242 208 1 
232 206 241 215 1 
242 208 248 218 1 
217 220 226 231 1 
232 231 239 240 1 
183 229 190 237 1 
174 233 179 241 1 
191 235 200 245 1 
222 251 232 261 1 
194 263 203 279 1 
231 278 241 286 1 
237 296 246 307 1 
219 296 226 306 1 
228 311 236 319 1 
233 324 241 332 1 
241 327 248 335 1 
190 308 199 319 1 
221 331 232 345 1 
214 332 221 340 1 
181 327 192 338 1 
197 332 204 341 1 
215 346 223 355 1 
189 350 196 356 1 
186 341 192 348 1 
182 369 198 389 1 
218 25 233 41 1 
242 102 252 116 1 
209 0 329 112 1 
299 90 307 99 1 
300 138 306 143 1 
276 135 285 145 1 
267 132 275 142 1 
262 152 273 163 1 
248 160 260 174 1 
271 167 285 206 1 
245 181 253 191 1 
265 201 274 212 1 
258 218 265 228 1 
265 216 278 236 1 
302 226 311 235 1 
299 235 307 245 1 
303 240 309 249 1 
300 254 307 263 1 
260 258 272 270 1 
267 217 278 235 1 
259 218 266 228 1 
250 267 256 273 1 
237 295 245 306 1 
258 286 267 309 1 
287 292 297 304 1 
301 275 315 293 1 
287 334 298 343 1 
253 359 265 369 1 
260 380 269 391 1 
275 374 284 386 1 
287 387 296 398 1 
301 364 311 377 1 
240 388 250 396 1 
303 226 309 233 1 
299 235 308 245 1 
304 241 310 249 1 
299 253 307 263 1 
346 46 355 56 1 
334 44 341 54 1 
374 104 384 117 1 
369 96 375 105 1 
325 84 331 95 1 
326 104 334 116 1 
325 106 337 119 1 
375 105 384 118 1 
369 127 377 138 1 
303 149 312 157 1 
327 107 335 116 1 
338 126 343 132 1 
338 133 346 143 1 
330 171 336 180 1 
371 175 379 184 1 
342 187 351 197 1 
323 190 332 199 1 
344 199 351 206 1 
369 195 380 209 1 
376 210 384 219 1 
342 220 354 233 1 
353 221 378 246 1 
340 217 347 223 1 
303 227 309 234 1 
300 236 308 244 1 
304 242 309 249 1 
316 244 324 253 1 
339 238 347 245 1 
345 243 352 252 1 
353 245 362 255 1 
361 252 368 258 1 
348 262 357 271 1 
325 263 331 272 1 
317 261 324 269 1 
304 273 316 293 1 
317 287 325 297 1 
349 263 357 271 1 
346 286 351 296 1 
349 301 367 321 1 
341 310 347 320 1 
322 306 330 317 1 
356 338 364 351 1 
374 306 382 318 1 
375 346 382 354 1 
375 356 380 364 1 
338 342 345 350 1 
344 345 351 356 1 
330 350 342 368 1 
302 368 309 377 1 
327 380 336 392 1 
316 390 323 399 1 
375 346 382 355 1 
398 383 408 393 1 
414 373 420 381 1 
417 381 424 390 1 
362 367 369 380 1 
415 355 422 363 1 
376 345 381 353 1 
380 341 386 350 1 
355 338 364 352 1 
352 300 367 324 1 
376 306 385 318 1 
407 314 423 342 1 
394 298 407 320 1 
374 307 383 318 1 
379 279 388 292 1 
429 281 435 294 1 
411 263 420 278 1 
404 262 411 270 1 
385 264 393 273 1 
431 240 437 248 1 
420 233 430 244 1 
433 242 438 249 1 
421 235 428 244 1 
397 231 406 240 1 
404 261 411 270 1 
384 265 394 274 1 
361 253 366 259 1 
396 229 405 240 1 
420 233 429 243 1 
432 239 438 248 1 
403 210 414 223 1 
355 216 377 247 1 
374 209 382 220 1 
370 195 378 208 1 
401 218 407 224 1 
405 211 414 225 1 
431 208 437 215 1 
419 194 428 204 1 
369 197 381 208 1 
376 209 383 219 1 
392 181 405 199 1 
419 195 428 205 1 
434 180 440 187 1 
373 176 378 184 1 
433 137 445 152 1 
411 117 420 131 1 
408 129 417 139 1 
402 146 411 156 1 
378 153 386 162 1 
369 127 376 135 1 
372 105 384 118 1 
394 95 404 107 1 
367 95 374 104 1 
392 53 401 63 1 
408 32 418 39 1 
392 382 407 392 1 
413 373 421 383 1 
419 380 423 389 1 
424 375 470 405 1 
460 368 468 377 1 
446 351 454 360 1 
454 354 461 364 1 
467 350 474 355 1 
444 332 450 339 1 
439 312 447 321 1 
489 324 498 334 1 
488 314 494 322 1 
471 307 478 316 1 
440 312 446 320 1 
428 312 434 321 1 
405 318 422 342 1 
427 312 434 321 1 
438 314 446 321 1 
427 282 435 290 1 
410 260 420 279 1 
404 262 411 268 1 
430 282 437 290 1 
445 273 453 282 1 
444 266 451 274 1 
463 273 472 286 1 
479 276 485 286 1 
486 268 495 277 1 
481 266 488 272 1 
445 266 453 273 1 
445 272 452 283 1 
463 274 472 286 1 
410 264 419 276 1 
404 262 410 270 1 
420 234 429 243 1 
431 240 439 249 1 
443 242 453 253 1 
442 231 451 240 1 
450 230 460 239 1 
480 264 489 273 1 
486 264 496 277 1 
459 206 470 218 1 
439 213 446 222 1 
431 207 439 216 1 
418 192 428 204 1 
404 209 415 225 1 
432 177 441 187 1 
467 200 474 208 1 
468 178 480 196 1 
480 190 490 202 1 
485 173 495 182 1 
473 166 481 178 1 
449 160 459 173 1 
432 177 440 187 1 
419 193 425 204 1 
485 173 495 183 1 
473 166 480 177 1 
489 162 497 173 1 
449 161 457 172 1 
456 146 465 155 1 
449 130 460 142 1 
434 139 444 150 1 
476 129 482 138 1 
481 131 489 142 1 
496 135 516 140 1 
463 93 471 103 1 
486 70 494 83 1 
487 82 496 92 1 
474 65 483 74 1 
465 57 473 68 1 
410 28 418 39 1 
460 38 471 50 1 
459 13 466 21 1 
476 36 484 45 1 
508 362 515 371 1 
524 362 529 369 1 
549 357 555 366 1 
549 369 556 378 1 
508 334 516 347 1 
520 322 526 331 1 
540 320 550 333 1 
501 307 508 314 1 
490 323 499 333 1 
487 266 496 277 1 
500 213 508 224 1 
486 265 495 275 1 
494 194 501 202 1 
529 175 534 184 1 
534 181 544 192 1 
486 173 494 181 1 
490 161 499 172 1 
511 162 519 171 1 
512 115 523 127 1 
489 123 498 135 1 
480 131 488 143 1 
492 98 501 109 1 
539 85 545 94 1 
546 88 555 100 1 
542 95 550 105 1 
489 83 497 92 1 
486 71 495 83 1 
509 48 517 57 1 
533 42 542 52 1 
493 35 501 41 1 
490 41 495 51 1 
510 49 517 57 1 
506 7 521 21 1 
532 44 543 53 1 
546 37 554 49 1 
534 43 541 54 1 
577 35 591 50 1 
554 64 566 74 1 
567 66 575 75 1 
537 86 545 94 1 
544 89 555 100 1 
543 116 553 125 1 
559 118 569 127 1 
588 123 597 131 1 
576 146 587 159 1 
565 155 573 164 1 
528 176 536 185 1 
533 180 542 191 1 
572 179 580 189 1 
558 218 568 225 1 
526 221 563 268 1 
555 291 564 302 1 
561 306 568 314 1 
582 312 591 322 1 
577 318 583 328 1 
540 320 552 333 1 
548 358 553 365 1 
549 371 556 380 1 
560 371 567 383 1 
576 371 588 386 1 
576 383 591 398 1 
559 386 568 392 1 
588 376 597 387 1 
512 103 557 159 1 
143 38 152 48 1 
58 53 69 65 1 
66 61 76 70 1 
119 261 128 270 1 
356 8 368 20 1 
