101 223 199 321 1 
175 109 242 175 1 
301 24 340 63 1 
364 0 411 41 1 
338 334 365 361 1 
95 235 163 314 1 
96 300 121 319 1 
204 324 231 348 1 
257 326 280 354 1 
333 335 363 358 1 
393 317 409 333 1 
424 312 437 323 1 
437 283 455 300 1 
457 276 481 292 1 
411 250 437 276 1 
380 250 399 264 1 
338 239 356 256 1 
311 195 337 215 1 
299 157 317 176 1 
319 149 329 162 1 
327 175 338 185 1 
314 182 332 196 1 
342 151 362 173 1 
362 137 379 161 1 
371 179 387 196 1 
419 160 436 177 1 
343 109 358 128 1 
320 111 338 126 1 
394 112 411 127 1 
435 87 455 104 1 
468 101 492 124 1 
514 126 542 153 1 
518 209 536 229 1 
405 45 430 64 1 
340 37 367 59 1 
290 23 334 65 1 
270 42 284 60 1 
246 32 270 57 1 
201 56 214 70 1 
207 53 236 78 1 
137 25 155 40 1 
89 28 109 42 1 
123 17 136 30 1 
147 11 158 25 1 
202 10 213 21 1 
115 123 135 143 1 
177 174 192 193 1 
66 233 87 256 1 
55 174 80 195 1 
29 172 56 197 1 
13 204 29 221 1 
232 302 258 320 1 
278 279 302 301 1 
273 297 290 309 1 
296 249 314 265 1 
231 203 249 219 1 
276 126 295 142 1 
270 145 284 157 1 
539 68 560 95 1 
485 163 508 191 1 
61 293 72 309 1 
59 120 83 145 1 
45 32 62 47 1 
112 54 128 74 1 
221 3 244 15 1 
428 -4 460 20 1 
510 -2 546 19 1 
215 235 231 249 1 
163 160 180 178 1 
120 348 131 359 1 
247 116 257 125 1 
