223 40 301 118 1 
37 193 103 260 1 
148 295 186 332 1 
542 333 594 384 1 
303 49 333 78 1 
212 34 306 120 1 
179 96 215 133 1 
174 77 203 99 1 
170 5 197 28 1 
95 66 126 95 1 
87 111 115 139 1 
111 136 140 164 1 
8 160 45 189 1 
390 85 416 110 1 
58 24 81 47 1 
152 202 190 234 1 
136 296 180 333 1 
404 120 432 154 1 
57 125 80 144 1 
168 136 200 166 1 
84 6 110 28 1 
556 22 578 48 1 
99 302 124 323 1 
35 292 52 308 1 
216 112 243 136 1 
88 56 107 73 1 
101 173 119 189 1 
112 160 128 177 1 
74 216 87 232 1 
59 80 72 95 1 
27 266 41 280 1 
220 0 241 19 1 
66 99 81 115 1 
137 116 156 135 1 
114 258 133 275 1 
135 304 150 322 1 
308 25 322 43 1 
39 128 53 143 1 
34 337 51 354 1 
141 134 161 157 1 
452 37 470 58 1 
