317 33 358 74 1 
437 0 471 24 1 
523 60 553 90 1 
501 150 539 188 1 
542 201 585 244 1 
57 286 84 313 1 
38 13 68 41 1 
311 34 351 76 1 
517 55 556 91 1 
539 203 578 239 1 
549 238 564 251 1 
575 303 595 329 1 
562 332 587 360 1 
578 358 600 377 1 
194 371 210 387 1 
122 384 146 400 1 
36 384 58 398 1 
53 284 83 312 1 
22 261 43 280 1 
285 179 302 195 1 
260 203 276 216 1 
222 171 239 190 1 
262 156 279 175 1 
268 36 290 59 1 
434 0 473 22 1 
432 30 443 42 1 
417 21 431 36 1 
441 94 455 109 1 
531 124 545 138 1 
575 110 587 130 1 
532 95 548 111 1 
571 77 585 96 1 
506 8 524 27 1 
538 0 552 11 1 
538 16 546 26 1 
348 191 359 207 1 
107 260 126 275 1 
159 235 171 250 1 
0 364 18 391 1 
484 199 501 217 1 
459 229 477 243 1 
135 356 149 370 1 
174 355 184 368 1 
197 352 210 365 1 
184 359 196 372 1 
234 248 245 264 1 
119 153 134 170 1 
2 104 15 118 1 
12 99 25 113 1 
19 88 31 102 1 
51 70 67 85 1 
370 82 385 101 1 
402 57 414 70 1 
358 38 375 58 1 
346 9 366 27 1 
330 20 343 33 1 
189 30 203 44 1 
145 30 159 40 1 
329 159 347 175 1 
462 197 475 213 1 
488 219 500 234 1 
513 218 527 235 1 
521 193 536 212 1 
371 109 384 122 1 
427 120 451 144 1 
73 108 85 123 1 
77 181 90 193 1 
96 216 109 225 1 
72 239 83 250 1 
470 94 487 105 1 
463 100 475 113 1 
460 175 472 186 1 
329 87 339 97 1 
348 82 360 93 1 
300 83 313 93 1 
172 6 189 25 1 
547 145 564 159 1 
534 280 547 292 1 
543 288 554 296 1 
558 274 568 286 1 
539 371 552 386 1 
501 348 514 360 1 
469 267 481 282 1 
482 255 499 277 1 
583 70 599 85 1 
374 193 386 207 1 
407 211 422 224 1 
362 226 376 237 1 
308 275 323 291 1 
287 275 299 288 1 
267 290 279 304 1 
40 239 55 253 1 
388 171 398 180 1 
398 90 410 100 1 
92 141 108 156 1 
