3 159 36 193 1 
480 164 529 213 1 
436 0 469 20 1 
108 349 151 393 1 
570 115 597 142 1 
529 159 561 191 1 
244 86 271 113 1 
556 372 583 399 1 
6 160 36 194 1 
126 213 146 233 1 
162 120 184 140 1 
208 81 226 103 1 
243 86 271 118 1 
307 66 323 81 1 
286 78 297 93 1 
365 90 384 106 1 
395 117 410 133 1 
364 130 384 149 1 
339 177 366 211 1 
406 231 424 247 1 
392 257 409 274 1 
458 213 474 232 1 
447 201 457 213 1 
436 169 447 180 1 
477 154 488 167 1 
529 159 556 191 1 
544 145 565 166 1 
542 126 554 139 1 
430 0 474 18 1 
442 23 459 38 1 
486 31 501 45 1 
539 39 555 50 1 
569 14 581 33 1 
566 36 579 48 1 
563 51 576 61 1 
489 160 537 208 1 
524 261 543 282 1 
543 280 559 295 1 
434 316 460 336 1 
465 324 480 340 1 
529 327 548 345 1 
455 281 472 296 1 
465 250 476 260 1 
494 242 505 251 1 
482 217 495 228 1 
495 265 505 276 1 
554 202 565 211 1 
556 217 574 241 1 
324 311 337 324 1 
384 293 395 304 1 
313 144 326 154 1 
314 177 327 193 1 
79 295 99 313 1 
103 232 116 246 1 
103 178 120 193 1 
84 203 100 216 1 
31 240 52 261 1 
40 188 59 201 1 
95 126 117 144 1 
72 80 91 102 1 
64 53 83 63 1 
110 21 131 38 1 
155 63 171 79 1 
142 1 165 15 1 
1 76 16 94 1 
21 79 34 93 1 
28 90 45 109 1 
49 121 62 137 1 
47 142 64 162 1 
230 230 246 251 1 
163 280 177 294 1 
182 305 194 321 1 
110 306 119 314 1 
113 314 124 325 1 
1 348 18 363 1 
199 269 209 282 1 
215 334 223 345 1 
221 325 235 335 1 
126 344 147 361 1 
162 345 173 358 1 
147 28 160 38 1 
52 0 70 14 1 
355 1 370 9 1 
246 167 256 180 1 
256 165 265 175 1 
498 136 509 148 1 
507 133 515 143 1 
500 112 514 129 1 
419 58 427 66 1 
430 42 439 55 1 
246 251 256 259 1 
283 223 292 235 1 
195 172 208 184 1 
79 155 87 166 1 
63 179 71 189 1 
3 201 15 215 1 
100 79 112 90 1 
107 92 115 104 1 
120 40 129 51 1 
214 8 225 17 1 
496 4 510 22 1 
333 228 343 240 1 
468 99 479 112 1 
482 63 492 73 1 
496 86 507 94 1 
456 121 464 128 1 
210 165 219 175 1 
185 88 195 98 1 
195 125 207 139 1 
195 68 203 78 1 
170 36 179 45 1 
155 44 163 54 1 
60 67 71 75 1 
42 15 53 28 1 
39 31 51 40 1 
47 45 57 57 1 
277 48 293 61 1 
285 62 299 72 1 
355 316 367 325 1 
319 346 332 356 1 
172 250 185 265 1 
147 241 155 248 1 
162 252 170 259 1 
177 201 187 209 1 
116 160 128 173 1 
138 144 149 157 1 
345 91 352 98 1 
385 96 404 115 1 
383 72 397 86 1 
334 66 340 74 1 
357 62 371 73 1 
533 72 543 81 1 
400 298 407 306 1 
