235 207 338 310 1 
536 125 593 181 1 
179 101 206 128 1 
0 81 17 107 1 
129 256 155 282 1 
74 90 100 117 1 
280 113 307 140 1 
370 0 487 116 1 
398 364 433 399 1 
179 131 220 171 1 
10 252 55 297 1 
134 342 195 398 1 
529 121 597 185 1 
173 99 209 127 1 
69 88 97 113 1 
125 250 157 283 1 
86 299 113 324 1 
107 199 133 222 1 
223 213 316 305 1 
313 280 330 296 1 
360 224 381 242 1 
316 161 333 182 1 
485 114 507 138 1 
412 89 432 107 1 
288 45 308 63 1 
266 91 283 109 1 
257 85 269 95 1 
188 73 208 91 1 
0 79 17 110 1 
38 49 51 63 1 
28 98 43 113 1 
279 110 307 140 1 
371 165 406 199 1 
399 359 437 397 1 
223 309 253 334 1 
114 344 129 361 1 
100 364 117 379 1 
6 380 22 397 1 
12 258 45 291 1 
65 289 78 303 1 
32 375 43 386 1 
63 383 76 398 1 
97 279 122 301 1 
206 247 232 277 1 
125 4 142 21 1 
445 148 465 170 1 
418 168 438 186 1 
502 166 519 184 1 
476 173 493 190 1 
547 334 562 348 1 
470 358 488 370 1 
442 365 453 378 1 
356 346 368 358 1 
445 220 458 235 1 
420 233 431 247 1 
342 276 355 290 1 
59 12 76 28 1 
71 8 87 23 1 
423 44 436 57 1 
414 60 427 74 1 
451 88 465 102 1 
127 122 141 136 1 
110 237 124 251 1 
225 156 243 180 1 
302 77 315 90 1 
323 105 348 129 1 
307 103 322 118 1 
342 161 356 175 1 
359 98 370 112 1 
315 20 327 33 1 
346 29 364 45 1 
16 306 27 319 1 
139 222 152 236 1 
175 222 187 236 1 
212 202 227 214 1 
229 207 243 220 1 
300 163 312 174 1 
272 173 282 184 1 
310 140 319 149 1 
564 53 575 66 1 
576 39 583 49 1 
499 307 510 322 1 
484 299 497 313 1 
587 188 597 204 1 
584 208 594 220 1 
574 202 585 217 1 
555 265 569 280 1 
583 243 591 254 1 
471 391 481 400 1 
474 376 484 386 1 
400 130 413 143 1 
260 112 274 124 1 
105 71 117 86 1 
110 48 122 60 1 
206 50 217 63 1 
294 379 318 400 1 
243 351 252 362 1 
177 295 188 308 1 
137 288 150 302 1 
165 319 173 330 1 
55 364 66 377 1 
68 273 77 285 1 
5 174 14 187 1 
511 100 525 117 1 
522 69 531 80 1 
231 91 239 102 1 
245 65 259 81 1 
