343 200 384 242 1 
303 0 342 38 1 
56 343 85 372 1 
572 298 598 324 1 
65 369 98 399 1 
244 380 261 394 1 
501 358 520 375 1 
431 373 445 386 1 
582 243 600 262 1 
509 41 530 58 1 
516 69 535 82 1 
514 83 528 100 1 
512 104 542 131 1 
415 19 433 38 1 
448 60 463 72 1 
444 51 457 62 1 
485 124 509 147 1 
422 135 442 156 1 
438 136 455 148 1 
454 184 476 203 1 
480 285 500 307 1 
511 339 527 356 1 
558 348 578 367 1 
544 178 563 193 1 
475 33 493 46 1 
491 23 508 37 1 
524 0 553 22 1 
469 14 481 26 1 
572 199 586 210 1 
445 310 467 335 1 
468 328 483 343 1 
338 196 392 246 1 
396 211 419 230 1 
299 1 344 45 1 
366 84 391 107 1 
378 105 401 126 1 
386 170 407 189 1 
303 131 324 155 1 
307 163 337 191 1 
357 120 377 141 1 
299 97 316 113 1 
557 100 571 112 1 
357 296 375 312 1 
377 278 393 293 1 
380 300 395 312 1 
371 324 386 337 1 
248 80 261 95 1 
229 95 245 111 1 
289 215 311 235 1 
191 217 222 249 1 
58 101 90 133 1 
38 128 67 156 1 
57 65 75 86 1 
70 27 91 48 1 
89 25 108 43 1 
140 110 155 124 1 
309 267 329 285 1 
316 299 336 317 1 
215 172 231 187 1 
215 187 230 199 1 
231 240 247 256 1 
293 172 306 185 1 
302 51 316 66 1 
318 48 333 62 1 
352 31 366 43 1 
366 151 378 162 1 
364 341 389 360 1 
366 345 381 360 1 
446 347 465 364 1 
163 277 181 291 1 
160 264 177 283 1 
91 276 108 292 1 
128 298 147 313 1 
117 310 131 323 1 
55 340 87 366 1 
9 275 44 304 1 
19 266 38 282 1 
108 242 133 259 1 
64 268 80 282 1 
84 299 98 315 1 
171 102 189 115 1 
182 82 197 97 1 
148 192 165 208 1 
193 6 207 20 1 
175 9 187 19 1 
124 0 142 12 1 
101 61 116 75 1 
1 90 17 106 1 
3 2 15 13 1 
266 270 281 282 1 
280 255 296 268 1 
175 166 206 194 1 
345 113 360 128 1 
275 56 287 66 1 
281 18 297 32 1 
346 0 372 19 1 
376 12 387 25 1 
380 23 392 33 1 
397 67 412 81 1 
519 318 532 330 1 
227 215 241 227 1 
