542 308 580 346 1 
216 213 243 240 1 
111 248 139 275 1 
11 274 89 353 1 
54 62 72 79 1 
4 133 47 169 1 
88 280 113 307 1 
86 246 107 270 1 
100 174 122 198 1 
234 204 263 237 1 
212 315 230 336 1 
39 275 55 294 1 
47 336 62 352 1 
92 361 107 377 1 
117 312 135 330 1 
110 361 127 379 1 
84 325 108 347 1 
102 323 128 347 1 
172 323 199 356 1 
228 358 253 382 1 
383 256 408 280 1 
306 107 335 134 1 
285 157 300 172 1 
275 141 300 166 1 
231 129 255 155 1 
166 39 182 56 1 
264 40 290 66 1 
460 33 485 59 1 
450 8 476 36 1 
574 51 598 78 1 
483 92 498 108 1 
337 70 353 85 1 
377 126 405 150 1 
346 149 364 166 1 
441 215 466 243 1 
432 226 452 255 1 
402 364 422 383 1 
542 307 583 348 1 
566 345 596 372 1 
534 380 570 400 1 
516 122 536 147 1 
252 91 267 105 1 
158 241 179 261 1 
155 196 172 214 1 
271 195 288 214 1 
225 89 245 105 1 
120 86 136 103 1 
392 61 411 81 1 
526 98 543 116 1 
569 103 587 120 1 
179 126 196 143 1 
296 373 312 389 1 
373 239 390 256 1 
396 20 413 37 1 
479 173 495 189 1 
147 322 162 338 1 
131 269 147 285 1 
487 267 506 287 1 
505 309 525 330 1 
526 296 546 315 1 
