279 48 319 88 1 
417 46 445 73 1 
456 42 493 80 1 
547 7 599 59 1 
309 75 402 167 1 
420 59 560 199 1 
455 41 501 84 1 
412 43 452 80 1 
524 41 545 63 1 
565 20 585 41 1 
554 21 566 35 1 
539 130 560 150 1 
574 192 587 206 1 
577 215 587 226 1 
580 235 592 249 1 
548 246 560 259 1 
527 229 538 241 1 
507 200 524 218 1 
559 328 585 353 1 
517 375 544 398 1 
525 309 539 324 1 
517 321 533 338 1 
511 347 522 358 1 
466 333 482 350 1 
482 329 492 341 1 
453 300 464 311 1 
425 312 444 330 1 
407 334 428 357 1 
387 320 415 347 1 
410 365 420 375 1 
408 372 417 383 1 
374 333 384 344 1 
367 328 379 340 1 
335 338 349 357 1 
298 381 309 393 1 
314 348 324 359 1 
302 364 311 373 1 
262 294 282 315 1 
279 272 302 296 1 
261 281 278 297 1 
244 241 266 262 1 
257 263 267 275 1 
282 232 297 247 1 
303 199 316 214 1 
315 201 331 218 1 
319 172 333 186 1 
306 78 404 171 1 
361 24 391 54 1 
279 48 323 88 1 
284 81 299 99 1 
168 16 187 35 1 
149 7 163 20 1 
124 2 137 15 1 
115 1 126 13 1 
67 18 94 43 1 
84 41 94 51 1 
104 67 117 78 1 
29 10 48 28 1 
12 53 25 66 1 
20 64 35 80 1 
24 86 36 100 1 
23 122 37 137 1 
9 124 24 138 1 
30 136 41 149 1 
63 162 75 176 1 
26 204 42 220 1 
26 216 36 226 1 
55 257 69 271 1 
39 248 50 261 1 
11 335 34 357 1 
45 384 55 395 1 
132 373 173 403 1 
142 338 160 358 1 
132 306 144 319 1 
516 65 529 79 1 
530 67 539 76 1 
546 66 559 79 1 
527 93 553 118 1 
569 135 584 151 1 
537 181 549 193 1 
533 206 545 219 1 
566 260 573 268 1 
557 269 566 279 1 
575 283 584 294 1 
582 392 596 401 1 
461 10 473 23 1 
473 100 486 114 1 
463 128 475 140 1 
443 168 457 182 1 
494 192 502 201 1 
462 232 481 252 1 
505 282 514 292 1 
522 294 532 304 1 
447 359 460 373 1 
449 385 458 397 1 
432 227 446 242 1 
408 218 423 233 1 
392 211 403 222 1 
406 231 422 246 1 
376 234 397 253 1 
392 287 406 302 1 
420 270 434 284 1 
434 303 445 315 1 
410 364 421 375 1 
408 372 419 383 1 
308 301 319 313 1 
316 292 326 301 1 
328 298 338 308 1 
214 343 232 361 1 
207 237 222 252 1 
155 228 171 243 1 
160 238 185 261 1 
175 291 188 305 1 
193 279 202 289 1 
175 283 183 293 1 
180 277 188 286 1 
181 317 200 337 1 
181 341 194 355 1 
213 343 233 364 1 
85 304 102 324 1 
81 295 93 308 1 
108 211 123 227 1 
111 230 123 242 1 
116 247 127 259 1 
69 81 84 95 1 
45 38 62 57 1 
237 5 250 18 1 
253 10 263 20 1 
297 8 312 24 1 
279 2 289 12 1 
320 0 336 8 1 
340 1 354 13 1 
337 9 346 18 1 
426 10 437 22 1 
413 13 424 24 1 
435 168 445 179 1 
506 362 514 370 1 
428 326 465 360 1 
375 346 409 384 1 
368 261 397 288 1 
282 102 293 113 1 
270 112 284 126 1 
275 133 290 147 1 
246 157 259 172 1 
235 121 249 137 1 
218 151 232 165 1 
189 166 202 179 1 
14 252 27 267 1 
42 100 53 111 1 
27 40 37 51 1 
129 154 156 183 1 
190 166 201 178 1 
191 158 203 171 1 
136 79 147 91 1 
2 21 15 35 1 
16 34 27 45 1 
30 31 40 42 1 
28 40 39 51 1 
477 84 489 98 1 
509 115 520 127 1 
500 31 513 44 1 
513 31 522 41 1 
400 90 410 102 1 
375 77 386 90 1 
397 153 406 162 1 
354 180 366 193 1 
446 105 459 120 1 
161 125 172 137 1 
202 133 212 143 1 
228 82 237 92 1 
265 58 278 73 1 
285 38 296 49 1 
266 35 279 49 1 
91 59 102 70 1 
50 67 59 78 1 
46 61 55 72 1 
127 275 140 290 1 
231 277 241 289 1 
242 279 252 291 1 
211 262 218 270 1 
212 280 219 288 1 
194 299 205 310 1 
207 324 215 332 1 
228 393 242 402 1 
59 393 74 401 1 
291 211 301 222 1 
273 215 283 225 1 
230 166 254 191 1 
256 185 279 208 1 
291 187 304 200 1 
108 128 122 143 1 
84 105 94 115 1 
84 114 94 125 1 
61 60 69 69 1 
1 244 12 256 1 
86 0 112 19 1 
360 0 382 17 1 
342 214 350 222 1 
347 227 356 237 1 
590 43 600 55 1 
588 19 600 36 1 
587 11 596 20 1 
508 19 517 28 1 
351 389 367 399 1 
343 382 352 392 1 
330 276 350 294 1 
379 193 392 208 1 
347 227 356 236 1 
342 214 350 222 1 
245 100 253 108 1 
193 89 202 98 1 
190 55 200 65 1 
352 333 361 343 1 
352 321 359 329 1 
337 324 345 333 1 
406 312 414 320 1 
397 314 404 322 1 
423 304 430 312 1 
472 289 480 299 1 
527 277 535 285 1 
573 47 583 58 1 
390 56 401 67 1 
416 70 426 81 1 
256 352 266 363 1 
286 352 295 361 1 
279 387 292 398 1 
52 312 62 323 1 
64 302 75 313 1 
161 179 174 194 1 
137 205 152 220 1 
130 187 141 199 1 
96 184 109 198 1 
64 302 73 313 1 
52 312 63 324 1 
101 357 111 367 1 
