563 162 594 193 1 
454 188 482 216 1 
31 0 42 6 1 
12 5 20 14 1 
29 39 38 47 1 
21 60 30 74 1 
8 82 20 96 1 
23 121 30 131 1 
17 179 29 191 1 
33 184 41 195 1 
28 193 38 205 1 
7 240 14 247 1 
3 265 12 277 1 
22 296 27 304 1 
5 327 13 336 1 
9 337 14 346 1 
12 317 26 337 1 
25 372 32 381 1 
7 387 16 399 1 
45 354 54 363 1 
48 339 56 348 1 
48 118 55 124 1 
92 2 102 8 1 
98 26 108 37 1 
132 26 141 37 1 
116 2 126 11 1 
121 18 131 27 1 
78 38 92 52 1 
61 44 70 56 1 
50 72 60 82 1 
63 64 69 71 1 
75 71 82 81 1 
121 50 128 60 1 
109 38 120 48 1 
102 44 114 56 1 
74 69 83 80 1 
65 72 74 82 1 
57 101 68 111 1 
51 72 59 82 1 
78 91 86 102 1 
85 105 92 114 1 
74 174 82 183 1 
86 206 95 217 1 
113 203 120 214 1 
123 190 130 199 1 
125 236 133 247 1 
103 238 113 249 1 
93 218 99 231 1 
85 204 94 217 1 
59 256 70 267 1 
87 269 95 277 1 
55 281 61 295 1 
76 364 84 373 1 
95 354 104 364 1 
104 334 112 347 1 
95 319 103 330 1 
83 325 89 334 1 
93 335 101 345 1 
109 355 120 365 1 
111 355 120 367 1 
95 356 106 366 1 
74 363 89 373 1 
100 334 113 345 1 
93 321 103 328 1 
91 335 100 344 1 
96 354 105 363 1 
86 270 95 278 1 
130 271 140 283 1 
158 292 166 301 1 
159 313 167 323 1 
104 239 115 247 1 
86 202 95 215 1 
85 105 93 114 1 
75 89 87 103 1 
73 69 82 79 1 
76 38 90 52 1 
100 27 108 36 1 
110 37 118 50 1 
130 25 140 36 1 
124 58 133 70 1 
135 61 145 72 1 
132 26 142 37 1 
145 9 153 18 1 
169 41 179 52 1 
156 73 166 84 1 
132 23 140 34 1 
171 270 180 278 1 
162 281 171 289 1 
156 290 168 301 1 
159 313 165 322 1 
167 312 174 322 1 
181 296 193 308 1 
172 269 179 278 1 
152 123 159 132 1 
166 125 175 135 1 
156 71 166 84 1 
167 55 175 64 1 
168 42 177 53 1 
171 38 179 48 1 
172 13 184 24 1 
184 1 193 9 1 
184 368 193 378 1 
184 108 194 120 1 
186 124 194 134 1 
186 54 193 65 1 
98 26 109 37 1 
185 0 191 9 1 
190 9 196 14 1 
193 16 202 24 1 
194 28 202 36 1 
211 33 219 42 1 
223 51 230 60 1 
181 33 188 42 1 
173 41 182 48 1 
167 44 175 52 1 
157 72 165 84 1 
185 108 192 115 1 
222 48 229 60 1 
227 68 233 77 1 
224 81 233 94 1 
184 126 192 134 1 
220 156 231 175 1 
207 206 219 221 1 
213 201 222 212 1 
202 230 213 241 1 
224 243 233 254 1 
171 268 181 278 1 
164 280 172 289 1 
157 288 165 301 1 
191 284 200 291 1 
206 299 217 310 1 
182 298 192 308 1 
173 302 180 310 1 
166 315 175 322 1 
159 313 165 321 1 
213 311 222 322 1 
232 314 246 325 1 
197 325 204 336 1 
224 342 232 351 1 
213 341 219 348 1 
185 367 193 378 1 
225 363 231 376 1 
218 387 229 396 1 
247 96 258 109 1 
245 122 253 133 1 
237 128 243 133 1 
241 228 251 240 1 
236 313 245 326 1 
222 339 232 352 1 
223 364 231 374 1 
221 384 228 396 1 
271 44 279 52 1 
291 35 300 42 1 
314 3 323 15 1 
298 58 306 66 1 
292 64 299 72 1 
240 43 249 50 1 
222 52 231 60 1 
226 68 234 78 1 
253 69 262 78 1 
304 73 310 81 1 
224 84 233 94 1 
248 93 259 107 1 
301 96 308 105 1 
261 125 269 134 1 
246 123 254 132 1 
237 128 244 136 1 
237 135 244 143 1 
264 136 272 142 1 
306 130 315 140 1 
290 147 297 157 1 
262 136 273 145 1 
258 157 267 167 1 
240 173 248 180 1 
250 182 257 189 1 
262 188 267 195 1 
269 193 277 200 1 
247 181 259 190 1 
285 216 292 225 1 
283 231 291 239 1 
265 235 271 244 1 
290 243 304 258 1 
225 243 235 255 1 
225 268 236 279 1 
280 267 285 275 1 
283 276 292 286 1 
272 270 278 278 1 
266 276 275 284 1 
234 313 248 326 1 
224 336 237 353 1 
224 365 233 375 1 
220 388 230 398 1 
270 372 278 384 1 
293 384 309 400 1 
284 353 291 360 1 
288 343 294 350 1 
284 333 290 341 1 
280 320 286 329 1 
293 304 300 313 1 
298 264 309 277 1 
289 243 304 256 1 
312 2 322 13 1 
278 51 290 63 1 
292 36 299 43 1 
295 48 302 55 1 
299 59 304 67 1 
363 58 373 69 1 
325 70 333 82 1 
341 93 349 107 1 
348 104 355 117 1 
364 59 371 69 1 
349 71 357 81 1 
326 69 334 81 1 
341 94 351 105 1 
344 104 357 118 1 
315 92 323 101 1 
301 97 308 106 1 
342 118 350 128 1 
356 140 363 149 1 
322 136 330 146 1 
330 147 337 157 1 
303 156 311 166 1 
289 147 297 156 1 
321 136 329 147 1 
330 147 337 157 1 
316 158 325 167 1 
302 174 310 184 1 
310 176 319 186 1 
370 186 380 197 1 
363 193 372 202 1 
360 198 368 207 1 
354 205 362 213 1 
346 210 352 219 1 
333 212 343 225 1 
320 226 328 233 1 
284 230 292 238 1 
289 241 302 255 1 
322 241 334 252 1 
333 233 342 244 1 
348 222 358 231 1 
358 235 370 248 1 
376 239 386 249 1 
343 242 353 252 1 
337 248 349 260 1 
369 262 376 270 1 
353 260 357 270 1 
299 267 308 276 1 
329 282 342 296 1 
361 284 372 291 1 
354 308 366 321 1 
382 316 396 330 1 
319 313 334 328 1 
329 283 340 298 1 
348 321 355 326 1 
334 337 342 345 1 
290 384 307 400 1 
347 391 358 399 1 
395 1 403 10 1 
431 32 438 47 1 
404 33 415 44 1 
401 41 411 54 1 
384 38 389 44 1 
379 45 388 53 1 
365 59 372 69 1 
430 55 438 64 1 
440 67 447 76 1 
429 80 441 94 1 
339 93 350 106 1 
406 130 415 141 1 
395 130 404 141 1 
362 194 371 204 1 
362 194 371 204 1 
395 186 402 194 1 
383 194 390 201 1 
374 180 382 188 1 
374 180 382 188 1 
371 188 380 198 1 
371 188 380 198 1 
395 208 404 219 1 
374 214 382 222 1 
357 213 365 222 1 
360 220 368 226 1 
358 233 370 247 1 
345 243 354 252 1 
376 240 384 249 1 
387 250 394 259 1 
398 250 407 259 1 
338 246 347 260 1 
345 243 354 251 1 
369 262 377 272 1 
387 248 394 256 1 
397 251 406 258 1 
402 285 410 295 1 
383 317 393 327 1 
412 319 421 330 1 
355 310 366 322 1 
409 342 418 350 1 
386 363 395 371 1 
411 374 424 390 1 
347 389 361 402 1 
395 2 404 10 1 
448 7 455 15 1 
477 1 485 6 1 
480 26 490 38 1 
449 6 455 13 1 
427 33 440 45 1 
404 31 415 43 1 
399 41 411 57 1 
408 54 414 61 1 
401 56 408 65 1 
429 56 440 66 1 
480 27 489 39 1 
477 47 484 55 1 
441 68 451 77 1 
432 55 440 65 1 
428 79 447 94 1 
441 101 457 117 1 
436 103 443 112 1 
425 115 431 126 1 
405 129 414 140 1 
395 130 405 140 1 
441 125 450 135 1 
463 121 471 131 1 
476 120 484 128 1 
461 138 470 148 1 
440 144 450 154 1 
446 172 453 179 1 
451 190 478 212 1 
445 188 454 195 1 
416 206 425 215 1 
395 209 402 219 1 
405 128 415 139 1 
395 131 404 141 1 
443 216 452 226 1 
452 225 461 235 1 
469 226 479 235 1 
440 235 450 244 1 
399 250 405 258 1 
386 248 394 257 1 
393 260 399 267 1 
405 268 414 279 1 
402 283 409 294 1 
452 295 462 304 1 
480 294 487 303 1 
486 310 498 324 1 
413 318 423 329 1 
383 314 394 329 1 
409 342 417 350 1 
386 363 395 373 1 
408 373 427 392 1 
451 379 460 388 1 
448 296 460 306 1 
476 296 487 306 1 
487 295 497 303 1 
473 119 483 129 1 
479 26 490 38 1 
462 120 471 129 1 
461 138 470 149 1 
439 143 450 156 1 
440 124 449 137 1 
411 340 418 351 1 
449 379 459 388 1 
477 0 488 6 1 
508 0 516 10 1 
529 6 536 15 1 
540 42 547 49 1 
527 27 535 37 1 
515 31 520 37 1 
506 34 512 43 1 
478 25 489 37 1 
494 46 500 52 1 
478 45 486 52 1 
474 65 482 71 1 
513 61 536 83 1 
535 60 543 69 1 
540 38 550 49 1 
546 72 553 84 1 
537 84 546 91 1 
532 92 541 100 1 
523 106 536 119 1 
505 123 512 130 1 
489 106 498 117 1 
490 119 502 133 1 
507 121 514 129 1 
497 131 506 141 1 
473 119 484 128 1 
462 121 470 130 1 
460 136 471 148 1 
520 128 534 140 1 
541 140 550 149 1 
543 167 552 176 1 
516 167 528 176 1 
492 173 503 184 1 
460 137 470 148 1 
455 188 481 213 1 
469 225 478 234 1 
495 232 515 252 1 
548 219 559 228 1 
545 227 553 238 1 
530 293 538 305 1 
487 311 500 324 1 
478 295 486 303 1 
486 294 494 303 1 
472 354 505 396 1 
495 347 502 356 1 
451 380 461 390 1 
514 365 521 375 1 
515 357 524 368 1 
533 385 542 394 1 
541 371 551 380 1 
526 344 540 362 1 
548 340 556 351 1 
529 315 545 332 1 
530 296 541 305 1 
519 275 531 286 1 
500 233 514 251 1 
537 239 544 250 1 
505 217 512 227 1 
516 208 524 218 1 
526 216 534 227 1 
548 222 560 238 1 
543 168 551 176 1 
540 139 547 150 1 
493 174 503 183 1 
581 3 587 12 1 
589 2 595 9 1 
573 25 581 33 1 
539 40 549 50 1 
528 29 534 35 1 
568 38 576 48 1 
563 53 573 64 1 
573 57 582 67 1 
534 63 542 71 1 
545 72 556 83 1 
538 81 546 90 1 
535 94 540 103 1 
526 105 533 117 1 
554 95 566 106 1 
519 128 529 141 1 
542 140 550 149 1 
563 165 581 189 1 
557 178 567 189 1 
565 189 577 202 1 
580 215 593 228 1 
580 209 591 217 1 
545 220 557 236 1 
536 240 544 249 1 
551 280 572 297 1 
529 296 538 307 1 
520 275 529 287 1 
584 294 594 304 1 
527 317 548 333 1 
546 341 558 353 1 
572 330 578 337 1 
527 346 542 363 1 
561 371 572 381 1 
542 371 551 381 1 
534 386 541 396 1 
586 364 596 371 1 
6 148 16 158 1 
17 176 33 190 1 
120 49 128 59 1 
94 220 103 230 1 
135 314 145 324 1 
261 126 270 134 1 
401 106 419 123 1 
522 191 530 201 1 
553 205 562 217 1 
554 260 564 271 1 
436 247 444 257 1 
64 233 73 242 1 
44 233 52 240 1 
48 245 56 253 1 
226 24 237 35 1 
474 84 485 95 1 
218 153 244 180 1 
405 31 419 47 1 
427 32 440 47 1 
