395 305 455 366 1 
172 231 239 298 1 
125 0 198 45 1 
286 252 364 330 1 
361 196 424 259 1 
524 157 551 183 1 
223 322 251 350 1 
107 226 132 252 1 
393 0 438 34 1 
171 225 249 302 1 
220 320 256 350 1 
395 301 458 361 1 
273 246 361 325 1 
426 241 449 263 1 
524 151 551 181 1 
80 25 106 50 1 
194 98 213 118 1 
219 71 235 87 1 
262 106 280 125 1 
107 226 134 252 1 
91 283 102 297 1 
118 324 130 338 1 
419 138 441 159 1 
397 3 430 34 1 
309 50 327 68 1 
296 10 320 29 1 
271 2 291 15 1 
242 195 254 212 1 
267 212 287 234 1 
256 198 269 211 1 
126 121 145 139 1 
61 113 77 129 1 
85 106 98 120 1 
187 129 199 143 1 
558 57 571 72 1 
472 110 484 122 1 
464 82 474 93 1 
513 103 527 116 1 
537 133 550 146 1 
531 197 544 212 1 
445 266 457 280 1 
441 277 453 290 1 
422 34 435 49 1 
420 63 432 75 1 
471 21 483 32 1 
473 10 482 18 1 
347 44 359 55 1 
290 136 303 150 1 
295 103 308 117 1 
318 65 331 79 1 
297 92 307 101 1 
233 58 243 69 1 
235 37 243 48 1 
162 157 172 170 1 
171 152 184 166 1 
199 169 208 182 1 
230 124 244 141 1 
8 14 24 32 1 
32 7 45 21 1 
60 13 76 25 1 
111 34 127 47 1 
108 56 121 66 1 
119 68 130 76 1 
108 81 115 89 1 
10 199 25 209 1 
39 210 54 224 1 
9 235 22 246 1 
49 292 63 305 1 
97 307 116 330 1 
61 214 68 227 1 
177 217 190 231 1 
178 187 187 196 1 
166 295 176 305 1 
106 285 119 296 1 
108 269 116 280 1 
129 291 139 299 1 
132 301 142 310 1 
111 297 119 305 1 
119 301 127 310 1 
131 312 136 316 1 
287 175 310 205 1 
317 224 329 237 1 
342 155 362 175 1 
316 188 341 214 1 
410 163 433 192 1 
438 181 450 193 1 
466 166 477 178 1 
482 194 497 208 1 
443 203 463 223 1 
569 115 582 127 1 
568 134 578 144 1 
517 131 530 142 1 
372 73 394 96 1 
372 35 386 48 1 
355 142 366 151 1 
311 111 324 123 1 
327 108 340 120 1 
159 56 167 63 1 
157 135 168 147 1 
