531 117 570 155 1 
51 225 82 255 1 
27 31 37 40 1 
49 54 56 61 1 
93 49 102 57 1 
110 42 120 53 1 
202 2 217 15 1 
281 13 293 23 1 
209 58 219 68 1 
229 55 236 63 1 
228 65 237 73 1 
225 72 233 81 1 
284 70 293 80 1 
275 102 284 112 1 
178 90 186 97 1 
118 78 132 91 1 
47 52 59 61 1 
119 113 130 124 1 
86 115 99 126 1 
110 132 121 142 1 
140 159 149 168 1 
120 174 129 185 1 
130 171 138 179 1 
123 185 132 193 1 
51 230 64 248 1 
37 209 45 219 1 
20 219 27 228 1 
2 209 10 218 1 
39 257 45 268 1 
27 279 39 289 1 
52 305 61 314 1 
18 316 29 328 1 
5 374 12 381 1 
60 363 67 371 1 
88 360 96 370 1 
54 307 61 316 1 
80 306 87 315 1 
96 277 106 286 1 
118 273 126 283 1 
111 259 119 267 1 
129 262 140 272 1 
137 278 145 290 1 
151 285 159 295 1 
219 386 231 396 1 
244 353 257 366 1 
237 373 246 382 1 
274 389 285 401 1 
278 317 286 326 1 
153 281 159 293 1 
137 276 145 287 1 
119 273 128 281 1 
97 277 104 285 1 
131 263 140 270 1 
149 257 157 266 1 
133 235 145 244 1 
121 175 129 187 1 
128 169 138 179 1 
140 158 148 169 1 
112 129 121 142 1 
119 111 130 123 1 
209 56 221 68 1 
281 10 292 23 1 
229 65 236 75 1 
285 71 292 80 1 
273 102 284 112 1 
279 221 287 232 1 
269 215 281 225 1 
269 227 283 241 1 
253 241 266 254 1 
244 352 254 365 1 
277 312 287 325 1 
278 220 287 231 1 
268 213 277 224 1 
273 229 280 239 1 
316 139 325 149 1 
282 73 295 80 1 
280 14 292 24 1 
304 2 313 14 1 
307 306 315 317 1 
302 323 310 332 1 
277 317 285 326 1 
314 330 324 340 1 
330 354 345 374 1 
311 369 324 383 1 
293 358 305 369 1 
397 304 410 316 1 
451 392 456 402 1 
465 377 474 386 1 
459 386 470 396 1 
443 335 454 345 1 
437 299 446 307 1 
423 302 433 313 1 
400 305 410 315 1 
418 330 425 340 1 
397 303 409 315 1 
424 300 433 309 1 
437 297 448 309 1 
435 289 445 298 1 
412 290 422 301 1 
440 269 449 279 1 
421 270 433 279 1 
466 236 476 249 1 
429 199 442 212 1 
408 197 419 209 1 
413 178 426 190 1 
398 183 407 194 1 
386 140 397 151 1 
398 162 406 170 1 
378 173 388 183 1 
393 112 404 126 1 
399 105 407 113 1 
429 93 439 104 1 
486 2 494 10 1 
456 16 465 26 1 
453 76 461 88 1 
456 106 465 115 1 
486 1 494 11 1 
562 4 572 12 1 
501 31 509 40 1 
504 50 512 60 1 
521 58 534 70 1 
581 64 596 79 1 
575 89 585 100 1 
555 78 563 89 1 
527 81 537 90 1 
518 76 527 85 1 
534 104 541 112 1 
526 107 533 116 1 
557 105 565 117 1 
546 113 554 122 1 
527 122 553 153 1 
578 142 586 154 1 
546 151 555 160 1 
535 152 544 160 1 
508 137 514 144 1 
514 157 524 167 1 
518 190 530 202 1 
556 181 566 191 1 
571 168 581 180 1 
576 166 586 175 1 
588 165 598 174 1 
591 183 600 193 1 
577 184 587 194 1 
519 191 529 200 1 
568 224 577 235 1 
505 228 516 240 1 
561 249 568 256 1 
546 251 558 261 1 
529 254 538 264 1 
496 267 507 277 1 
478 301 487 309 1 
504 290 515 300 1 
501 303 509 311 1 
546 283 557 295 1 
581 254 593 267 1 
496 322 507 331 1 
523 328 532 338 1 
543 324 550 332 1 
542 330 551 341 1 
555 338 562 347 1 
583 333 591 342 1 
578 344 589 354 1 
569 364 576 373 1 
569 364 576 373 1 
543 357 554 367 1 
515 348 522 356 1 
526 375 533 382 1 
528 383 539 392 1 
509 383 533 400 1 
478 300 488 311 1 
197 162 205 170 1 
242 138 248 146 1 
3 116 11 124 1 
2 139 9 147 1 
46 111 54 119 1 
31 104 40 112 1 
0 0 10 11 1 
160 37 168 45 1 
450 201 459 211 1 
413 122 430 141 1 
475 45 487 57 1 
582 4 591 14 1 
