312 275 341 304 1 
176 97 201 122 1 
141 21 174 53 1 
12 183 41 211 1 
291 123 329 161 1 
256 0 373 116 1 
306 268 345 311 1 
166 306 191 324 1 
164 331 183 345 1 
291 120 330 158 1 
266 194 292 219 1 
121 173 137 190 1 
149 152 177 177 1 
115 116 141 134 1 
171 95 204 122 1 
237 118 252 132 1 
235 65 257 89 1 
99 59 122 82 1 
112 46 132 66 1 
54 86 77 110 1 
80 198 104 218 1 
6 177 47 216 1 
356 116 375 132 1 
2 42 21 62 1 
130 237 159 275 1 
95 274 115 288 1 
43 319 61 335 1 
382 74 396 88 1 
351 86 370 103 1 
365 96 378 112 1 
331 179 349 193 1 
287 158 305 174 1 
337 340 357 361 1 
329 324 345 339 1 
186 342 204 357 1 
143 278 166 292 1 
205 252 228 272 1 
174 216 185 226 1 
141 205 161 218 1 
111 223 127 236 1 
72 223 87 236 1 
37 230 52 243 1 
209 339 224 351 1 
144 298 157 309 1 
208 296 222 310 1 
220 154 239 173 1 
183 175 205 196 1 
5 140 29 160 1 
70 325 83 334 1 
107 302 122 315 1 
12 287 22 302 1 
162 65 189 89 1 
