10 361 36 388 1 
75 308 107 340 1 
373 283 408 318 1 
286 240 318 272 1 
467 111 516 160 1 
551 183 577 208 1 
214 22 240 47 1 
0 328 53 389 1 
576 362 592 381 1 
515 386 530 400 1 
315 378 332 392 1 
347 379 363 395 1 
347 358 363 374 1 
0 321 57 391 1 
588 80 600 98 1 
558 66 571 77 1 
587 338 600 358 1 
529 360 542 374 1 
526 45 541 60 1 
328 358 342 375 1 
212 18 244 50 1 
368 281 410 319 1 
438 333 467 361 1 
2 321 57 366 1 
75 306 108 335 1 
85 231 106 253 1 
53 78 77 99 1 
349 193 375 214 1 
360 174 387 201 1 
285 239 319 270 1 
331 245 357 268 1 
545 182 579 210 1 
445 48 462 64 1 
461 16 479 34 1 
293 10 312 28 1 
338 48 361 67 1 
303 91 327 115 1 
292 116 307 132 1 
215 118 234 136 1 
254 289 278 309 1 
296 299 318 324 1 
228 251 242 266 1 
255 216 273 230 1 
250 222 265 238 1 
413 293 437 316 1 
440 281 454 294 1 
466 254 483 272 1 
495 212 513 234 1 
520 208 538 224 1 
519 217 534 230 1 
176 77 191 93 1 
106 133 124 151 1 
124 134 138 146 1 
174 166 191 180 1 
203 252 218 266 1 
23 166 36 178 1 
5 25 21 41 1 
552 84 568 97 1 
556 23 571 36 1 
402 133 421 153 1 
249 36 269 55 1 
223 56 245 79 1 
198 302 211 315 1 
226 347 244 363 1 
72 253 89 269 1 
310 34 327 49 1 
306 72 319 85 1 
316 80 331 92 1 
366 145 382 155 1 
312 204 327 218 1 
148 160 161 171 1 
0 165 16 179 1 
5 100 26 118 1 
352 41 365 53 1 
387 84 398 95 1 
362 238 376 250 1 
386 246 409 266 1 
437 210 455 225 1 
365 337 378 350 1 
209 61 225 76 1 
199 65 215 78 1 
256 123 271 134 1 
526 96 538 108 1 
461 313 473 326 1 
515 332 532 347 1 
529 167 541 176 1 
559 159 572 169 1 
562 135 575 150 1 
570 131 583 144 1 
122 113 136 127 1 
