54 0 142 86 1 
236 136 265 166 1 
347 32 374 63 1 
383 119 406 142 1 
232 134 270 172 1 
179 163 204 187 1 
159 171 188 200 1 
206 220 226 239 1 
92 219 115 243 1 
361 164 381 186 1 
242 78 277 114 1 
200 42 224 68 1 
140 64 170 93 1 
249 315 274 338 1 
212 318 239 345 1 
550 121 571 141 1 
447 119 469 141 1 
518 155 541 178 1 
484 337 503 357 1 
55 126 77 150 1 
117 187 140 210 1 
119 10 136 29 1 
53 28 70 46 1 
20 70 32 82 1 
76 291 97 314 1 
70 167 87 185 1 
326 195 345 214 1 
52 248 73 267 1 
330 220 349 238 1 
410 33 427 51 1 
496 31 516 50 1 
548 72 565 89 1 
457 270 489 304 1 
0 192 26 224 1 
9 148 28 166 1 
28 162 46 180 1 
165 23 178 37 1 
322 171 337 186 1 
253 214 272 231 1 
122 335 138 351 1 
77 328 94 345 1 
328 90 345 106 1 
70 112 87 129 1 
195 346 221 364 1 
560 248 576 265 1 
384 4 402 22 1 
36 69 52 85 1 
441 97 466 121 1 
