146 275 203 332 1 
553 0 590 35 1 
0 170 23 202 1 
553 1 591 39 1 
533 58 553 79 1 
535 28 550 44 1 
533 13 547 28 1 
525 30 535 41 1 
481 47 492 60 1 
397 39 408 51 1 
408 39 419 49 1 
420 18 429 28 1 
399 12 410 25 1 
404 0 418 13 1 
389 18 405 34 1 
335 42 351 59 1 
330 64 340 75 1 
270 55 285 70 1 
286 49 296 59 1 
248 25 257 33 1 
246 7 256 16 1 
245 5 256 16 1 
235 0 245 7 1 
174 0 195 10 1 
184 9 194 19 1 
194 46 213 65 1 
200 66 210 77 1 
189 64 198 74 1 
193 77 202 86 1 
161 46 173 58 1 
168 15 179 25 1 
184 10 194 21 1 
72 9 83 20 1 
76 0 95 17 1 
86 17 93 25 1 
82 26 92 35 1 
110 27 121 39 1 
99 32 109 42 1 
25 7 40 22 1 
34 40 45 51 1 
15 28 24 37 1 
0 47 13 63 1 
83 91 107 115 1 
82 122 98 137 1 
111 153 130 172 1 
57 119 70 132 1 
54 130 69 144 1 
59 151 69 160 1 
26 142 53 171 1 
100 171 109 181 1 
82 176 91 187 1 
89 169 98 179 1 
84 187 94 198 1 
26 142 54 168 1 
0 168 27 206 1 
21 226 36 241 1 
23 246 40 263 1 
39 241 48 251 1 
15 219 24 228 1 
76 213 86 224 1 
63 236 78 249 1 
90 258 105 274 1 
55 290 73 307 1 
67 271 77 280 1 
36 367 56 387 1 
69 390 81 401 1 
97 389 108 400 1 
128 381 145 398 1 
127 355 144 373 1 
129 331 147 349 1 
136 345 146 356 1 
130 312 141 323 1 
145 266 212 334 1 
181 253 192 265 1 
166 254 178 267 1 
146 229 158 243 1 
138 237 153 253 1 
169 203 183 217 1 
188 198 202 214 1 
204 206 213 216 1 
194 149 211 166 1 
185 163 198 175 1 
251 283 277 310 1 
242 305 257 320 1 
256 318 268 332 1 
240 332 251 344 1 
250 362 268 380 1 
269 370 282 382 1 
235 374 248 388 1 
311 358 332 379 1 
320 379 332 393 1 
172 328 222 376 1 
353 151 378 176 1 
366 171 392 201 1 
390 183 412 207 1 
359 204 380 223 1 
343 221 359 237 1 
376 237 389 251 1 
295 195 316 215 1 
301 189 311 198 1 
294 180 304 191 1 
281 157 292 168 1 
277 166 287 176 1 
394 87 412 105 1 
461 126 473 139 1 
589 147 602 170 1 
547 139 556 149 1 
533 125 549 140 1 
474 104 487 120 1 
492 98 510 117 1 
461 112 474 128 1 
487 20 502 37 1 
492 6 508 22 1 
432 20 441 31 1 
416 121 425 131 1 
407 144 420 159 1 
309 314 343 348 1 
320 238 344 263 1 
360 241 385 267 1 
329 191 343 204 1 
328 185 338 195 1 
326 180 335 189 1 
321 164 332 176 1 
305 155 316 167 1 
318 136 330 149 1 
311 121 326 137 1 
313 101 326 114 1 
344 87 353 97 1 
353 70 362 78 1 
263 186 282 205 1 
268 212 279 224 1 
272 207 280 216 1 
287 305 300 318 1 
285 323 294 332 1 
266 347 276 356 1 
248 85 267 103 1 
257 74 268 85 1 
266 72 281 88 1 
229 92 240 103 1 
235 112 263 140 1 
227 132 239 145 1 
203 111 215 124 1 
208 120 217 129 1 
229 91 241 104 1 
224 100 235 110 1 
215 103 223 111 1 
219 21 229 31 1 
180 138 190 148 1 
167 138 179 151 1 
181 154 189 163 1 
170 177 183 189 1 
110 354 120 364 1 
97 375 105 384 1 
111 395 120 400 1 
41 388 50 397 1 
24 382 31 390 1 
110 334 117 342 1 
57 204 68 215 1 
104 140 113 149 1 
161 102 171 112 1 
112 57 120 66 1 
41 65 50 73 1 
15 96 26 106 1 
484 21 504 41 1 
491 5 508 22 1 
517 0 550 9 1 
588 147 603 173 1 
269 110 279 121 1 
276 118 288 129 1 
394 55 404 66 1 
384 158 404 178 1 
334 227 345 239 1 
325 217 337 230 1 
305 214 318 227 1 
306 263 317 273 1 
301 274 309 281 1 
205 222 222 239 1 
131 84 139 92 1 
192 30 201 41 1 
394 54 404 65 1 
228 284 241 299 1 
347 7 360 19 1 
350 0 361 6 1 
323 5 332 14 1 
329 3 336 10 1 
420 84 432 97 1 
222 384 233 396 1 
214 394 226 401 1 
198 380 207 389 1 
183 395 196 403 1 
154 393 164 402 1 
66 223 75 233 1 
184 121 196 134 1 
81 274 89 283 1 
80 283 87 291 1 
564 133 575 144 1 
6 1 17 13 1 
244 172 256 183 1 
137 18 149 31 1 
143 9 151 18 1 
321 51 330 60 1 
289 43 295 50 1 
217 343 225 352 1 
215 337 222 344 1 
219 329 229 339 1 
140 303 149 313 1 
140 320 149 328 1 
136 254 146 265 1 
160 239 168 247 1 
146 134 155 144 1 
277 271 288 282 1 
258 259 266 268 1 
245 264 252 272 1 
243 256 249 263 1 
271 0 280 6 1 
361 126 372 138 1 
357 139 366 149 1 
352 127 362 140 1 
