432 356 463 388 1 
562 184 592 214 1 
135 5 169 39 1 
347 361 383 398 1 
540 276 581 317 1 
41 257 167 384 1 
331 103 398 170 1 
404 130 490 216 1 
140 364 161 384 1 
429 348 469 387 1 
558 177 596 220 1 
487 91 521 126 1 
381 119 414 149 1 
150 71 179 101 1 
55 23 76 45 1 
132 2 173 41 1 
252 88 279 115 1 
252 331 271 355 1 
221 264 243 285 1 
308 228 326 249 1 
449 264 474 282 1 
449 284 470 303 1 
477 330 498 350 1 
492 348 507 363 1 
505 227 532 256 1 
526 185 544 203 1 
579 105 600 130 1 
171 193 187 211 1 
37 274 57 293 1 
0 342 20 364 1 
81 159 98 177 1 
4 245 21 263 1 
4 211 19 227 1 
20 243 35 262 1 
10 92 24 106 1 
226 25 243 41 1 
412 50 432 70 1 
516 5 542 29 1 
579 23 596 41 1 
544 25 561 42 1 
327 150 354 175 1 
409 317 422 333 1 
404 281 420 300 1 
378 308 389 320 1 
375 274 389 291 1 
359 270 373 283 1 
345 250 360 267 1 
390 216 406 236 1 
447 112 475 142 1 
338 71 367 93 1 
330 102 351 122 1 
234 167 249 182 1 
174 112 189 128 1 
214 105 228 122 1 
208 312 229 333 1 
188 247 198 263 1 
95 217 107 227 1 
98 225 113 236 1 
102 133 115 146 1 
267 214 278 227 1 
372 86 393 107 1 
431 199 445 212 1 
246 274 262 290 1 
494 370 510 388 1 
441 391 458 400 1 
559 383 585 400 1 
213 374 225 386 1 
271 358 280 368 1 
251 253 264 265 1 
368 161 384 179 1 
430 91 442 106 1 
440 75 452 87 1 
498 60 510 73 1 
511 270 527 285 1 
522 258 536 275 1 
414 249 431 264 1 
122 202 136 217 1 
263 132 273 144 1 
276 128 293 148 1 
350 45 370 66 1 
344 19 360 35 1 
0 187 12 205 1 
32 65 42 76 1 
299 72 309 86 1 
298 11 310 27 1 
474 90 482 101 1 
503 189 518 204 1 
39 219 61 238 1 
230 85 244 99 1 
218 64 235 82 1 
15 183 24 197 1 
16 114 28 127 1 
237 132 253 149 1 
253 121 272 138 1 
316 163 327 174 1 
342 207 357 222 1 
412 139 430 154 1 
399 158 411 167 1 
420 124 432 137 1 
406 67 422 83 1 
415 103 423 110 1 
532 73 549 92 1 
477 269 487 279 1 
465 307 474 316 1 
526 303 539 315 1 
507 346 517 357 1 
580 282 590 291 1 
532 275 542 286 1 
532 240 542 253 1 
546 136 555 147 1 
447 16 461 28 1 
168 301 176 311 1 
320 307 331 318 1 
428 259 437 270 1 
201 203 212 214 1 
192 140 202 152 1 
251 196 262 207 1 
301 110 309 121 1 
475 70 487 80 1 
487 42 494 52 1 
491 279 502 288 1 
289 231 301 242 1 
258 297 272 314 1 
268 262 282 277 1 
41 311 56 330 1 
51 369 66 381 1 
40 385 54 397 1 
36 100 48 110 1 
