160 328 195 364 1 
530 94 572 136 1 
445 76 504 135 1 
147 134 190 177 1 
504 195 530 221 1 
3 187 47 231 1 
259 130 285 155 1 
379 302 407 330 1 
538 274 564 300 1 
260 20 413 172 1 
209 100 254 144 1 
213 62 257 106 1 
531 93 576 139 1 
568 132 580 145 1 
539 85 553 99 1 
526 89 539 101 1 
577 71 589 85 1 
503 62 529 87 1 
516 21 528 32 1 
521 34 532 44 1 
493 22 503 31 1 
484 15 498 27 1 
477 5 487 14 1 
442 28 463 48 1 
418 2 441 26 1 
413 3 423 14 1 
441 64 453 75 1 
447 72 457 82 1 
443 74 511 136 1 
435 130 460 153 1 
503 194 533 222 1 
533 208 547 222 1 
533 222 542 232 1 
544 226 557 239 1 
561 209 597 246 1 
542 240 564 262 1 
565 248 574 259 1 
536 272 568 305 1 
578 323 596 341 1 
555 356 584 384 1 
575 376 587 388 1 
578 386 589 397 1 
568 381 579 392 1 
539 380 552 393 1 
490 356 523 385 1 
480 307 505 334 1 
460 317 477 336 1 
456 365 466 375 1 
429 334 442 347 1 
422 323 435 335 1 
407 327 418 340 1 
377 299 412 335 1 
226 316 326 401 1 
298 387 321 401 1 
223 386 239 400 1 
232 381 242 390 1 
185 385 204 400 1 
185 369 197 382 1 
150 382 165 395 1 
172 356 184 368 1 
133 330 148 346 1 
175 306 187 319 1 
158 326 199 366 1 
43 333 64 353 1 
51 314 66 330 1 
1 230 43 271 1 
2 187 43 230 1 
32 190 58 214 1 
44 210 56 223 1 
64 215 79 230 1 
101 199 117 214 1 
97 190 110 202 1 
120 200 145 226 1 
157 190 172 205 1 
128 154 157 186 1 
148 135 193 173 1 
178 171 202 196 1 
195 136 222 166 1 
220 144 233 158 1 
258 129 285 159 1 
249 115 270 137 1 
257 165 286 193 1 
320 149 336 169 1 
204 66 229 88 1 
214 5 234 26 1 
137 44 162 71 1 
159 21 176 38 1 
138 22 157 42 1 
112 10 132 30 1 
141 1 159 11 1 
0 52 12 65 1 
579 255 601 276 1 
511 263 534 288 1 
474 265 493 283 1 
480 244 495 259 1 
450 223 472 244 1 
498 221 513 237 1 
478 229 491 240 1 
455 183 486 211 1 
388 191 414 217 1 
379 177 392 190 1 
366 185 378 197 1 
341 169 360 189 1 
339 94 353 111 1 
373 83 386 96 1 
384 99 398 110 1 
338 290 357 308 1 
352 257 369 276 1 
380 253 396 270 1 
148 241 172 264 1 
150 259 165 273 1 
112 229 131 247 1 
115 248 130 264 1 
188 212 207 230 1 
187 195 204 212 1 
212 200 231 219 1 
229 197 247 217 1 
231 231 253 254 1 
124 85 153 112 1 
107 87 127 105 1 
103 101 126 122 1 
125 115 142 134 1 
36 100 59 125 1 
79 73 90 85 1 
175 39 190 55 1 
39 275 52 288 1 
95 288 109 303 1 
14 140 26 152 1 
3 168 17 182 1 
54 156 68 170 1 
309 97 325 114 1 
567 305 580 321 1 
405 273 417 286 1 
436 276 446 287 1 
324 277 338 291 1 
301 255 317 269 1 
305 272 316 282 1 
345 228 357 239 1 
341 204 354 218 1 
337 190 350 204 1 
318 178 331 192 1 
334 138 344 149 1 
306 191 320 206 1 
295 183 311 198 1 
324 277 338 292 1 
306 272 318 284 1 
301 257 315 271 1 
252 72 266 87 1 
187 119 202 134 1 
181 76 211 107 1 
104 39 129 65 1 
38 24 50 36 1 
61 51 74 64 1 
0 289 26 317 1 
5 280 18 293 1 
535 22 553 39 1 
388 268 402 280 1 
364 283 373 292 1 
350 283 363 296 1 
284 27 296 39 1 
286 48 296 58 1 
275 56 287 68 1 
294 57 305 67 1 
263 103 273 113 1 
210 105 253 144 1 
248 271 264 289 1 
288 235 302 250 1 
280 244 291 256 1 
286 250 297 262 1 
69 331 79 342 1 
12 127 23 138 1 
3 97 14 109 1 
0 87 10 99 1 
558 155 569 167 1 
300 1 318 18 1 
323 3 338 20 1 
324 298 340 316 1 
386 238 403 255 1 
206 249 217 260 1 
204 261 216 273 1 
197 266 209 279 1 
198 304 212 318 1 
33 176 45 188 1 
201 176 218 194 1 
221 173 233 186 1 
194 61 204 74 1 
423 278 432 288 1 
444 302 454 312 1 
498 278 509 290 1 
457 207 471 221 1 
526 146 536 156 1 
366 161 379 175 1 
406 104 417 115 1 
430 156 441 167 1 
430 374 441 386 1 
403 357 414 368 1 
380 342 390 352 1 
397 330 404 338 1 
391 24 401 35 1 
362 18 376 33 1 
256 19 273 36 1 
309 83 321 97 1 
314 72 329 88 1 
330 52 342 63 1 
325 77 336 89 1 
570 14 580 24 1 
562 30 572 40 1 
519 301 533 314 1 
518 311 528 321 1 
588 346 600 360 1 
376 379 388 390 1 
