247 130 333 215 1 
238 325 301 388 1 
72 8 97 34 1 
375 267 401 293 1 
257 27 283 54 1 
232 319 308 359 1 
69 79 89 98 1 
89 77 108 96 1 
115 75 128 88 1 
118 118 134 132 1 
71 6 97 33 1 
250 141 312 203 1 
289 191 307 211 1 
377 264 397 288 1 
223 301 238 319 1 
191 304 205 322 1 
171 317 188 335 1 
152 326 162 341 1 
104 334 117 348 1 
28 344 46 361 1 
76 292 89 303 1 
128 306 138 311 1 
96 295 107 307 1 
72 255 85 268 1 
426 297 449 318 1 
450 317 458 326 1 
443 336 456 347 1 
479 311 492 323 1 
476 295 484 307 1 
466 163 486 182 1 
447 98 462 114 1 
416 82 432 98 1 
471 25 489 37 1 
485 6 499 20 1 
246 75 255 85 1 
262 57 268 65 1 
280 60 293 76 1 
267 69 274 77 1 
183 210 197 225 1 
530 145 539 155 1 
167 108 178 120 1 
308 81 316 89 1 
528 167 537 179 1 
493 71 513 98 1 
398 100 410 114 1 
382 87 393 98 1 
387 53 395 63 1 
323 4 334 15 1 
331 54 351 76 1 
59 225 69 235 1 
138 242 147 251 1 
483 252 493 264 1 
485 234 496 247 1 
391 182 402 193 1 
