272 123 325 177 1 
279 41 318 80 1 
234 10 263 39 1 
171 65 197 92 1 
247 218 273 243 1 
222 275 261 314 1 
265 364 295 394 1 
23 368 67 400 1 
123 375 137 389 1 
545 355 562 371 1 
345 377 359 391 1 
548 381 562 392 1 
38 360 50 372 1 
117 193 130 208 1 
276 35 325 80 1 
271 118 329 177 1 
231 6 270 40 1 
168 64 200 94 1 
162 115 191 143 1 
242 214 278 242 1 
270 261 286 282 1 
434 251 460 273 1 
448 132 473 157 1 
478 114 507 139 1 
469 13 494 33 1 
55 60 74 83 1 
76 50 102 71 1 
187 291 209 315 1 
183 315 203 337 1 
147 319 167 340 1 
98 285 122 303 1 
18 298 42 320 1 
62 345 84 362 1 
49 332 65 348 1 
78 315 97 332 1 
92 339 115 357 1 
246 252 273 276 1 
437 327 460 348 1 
340 323 363 348 1 
331 337 351 356 1 
309 349 327 366 1 
328 266 356 290 1 
301 199 321 218 1 
218 270 263 317 1 
221 271 239 286 1 
76 156 95 172 1 
64 238 83 257 1 
135 227 157 246 1 
370 24 392 45 1 
360 102 390 125 1 
338 76 358 100 1 
350 47 370 66 1 
365 288 389 309 1 
430 191 454 212 1 
537 206 554 223 1 
549 199 567 217 1 
463 274 484 294 1 
550 282 570 301 1 
524 315 541 331 1 
359 188 386 214 1 
9 147 26 164 1 
0 139 23 158 1 
0 255 20 272 1 
34 268 51 287 1 
180 22 200 41 1 
196 1 215 11 1 
178 0 191 13 1 
297 280 316 299 1 
264 331 291 358 1 
149 248 164 265 1 
198 244 222 262 1 
194 166 214 183 1 
384 143 401 156 1 
446 113 462 131 1 
491 149 515 171 1 
511 64 525 74 1 
557 2 571 13 1 
489 245 507 260 1 
70 91 85 104 1 
524 20 542 34 1 
140 282 155 299 1 
110 306 135 327 1 
141 121 154 133 1 
