120 0 156 35 1 
549 121 593 165 1 
82 149 115 182 1 
205 190 231 215 1 
128 2 164 38 1 
255 62 283 90 1 
472 116 500 144 1 
517 133 543 156 1 
447 318 469 340 1 
463 291 489 317 1 
150 277 170 298 1 
303 271 324 291 1 
225 304 252 334 1 
222 102 243 126 1 
508 13 532 36 1 
291 226 310 245 1 
183 244 197 258 1 
369 230 388 249 1 
485 14 505 34 1 
284 162 300 178 1 
259 124 278 141 1 
548 198 566 215 1 
450 100 474 122 1 
354 158 370 175 1 
18 277 42 298 1 
10 272 29 290 1 
261 255 276 271 1 
307 342 324 359 1 
204 347 221 364 1 
70 340 84 356 1 
75 348 87 362 1 
390 6 413 29 1 
400 143 413 156 1 
513 209 528 224 1 
506 163 527 184 1 
325 265 345 285 1 
311 179 326 194 1 
0 203 14 228 1 
94 233 109 252 1 
277 33 301 57 1 
222 35 240 54 1 
548 232 564 248 1 
491 203 507 219 1 
344 125 362 144 1 
276 207 292 223 1 
204 289 221 306 1 
319 323 335 341 1 
305 319 320 334 1 
324 344 343 363 1 
85 17 98 30 1 
315 95 328 108 1 
387 208 399 220 1 
207 115 223 131 1 
230 140 242 152 1 
187 173 200 186 1 
364 105 377 118 1 
535 79 552 96 1 
28 56 42 70 1 
0 14 15 30 1 
95 310 108 323 1 
374 169 389 184 1 
227 272 242 287 1 
253 342 268 357 1 
18 169 35 186 1 
410 91 429 112 1 
285 181 302 198 1 
343 327 358 342 1 
313 153 327 169 1 
554 50 571 67 1 
72 130 85 143 1 
46 136 61 151 1 
50 151 63 164 1 
56 72 71 87 1 
212 25 227 41 1 
300 210 317 226 1 
370 338 390 358 1 
509 338 521 352 1 
113 97 130 115 1 
413 212 432 231 1 
116 62 131 77 1 
