144 89 172 117 1 
225 303 270 348 1 
8 21 17 30 1 
34 70 45 88 1 
52 34 61 40 1 
64 37 76 48 1 
89 24 103 37 1 
99 5 113 22 1 
98 82 109 93 1 
108 86 114 97 1 
59 110 67 117 1 
64 142 72 151 1 
82 131 92 138 1 
86 166 96 178 1 
103 175 116 190 1 
95 204 106 212 1 
79 280 95 299 1 
99 80 108 91 1 
107 87 117 97 1 
112 0 125 10 1 
132 15 149 32 1 
158 0 177 18 1 
166 28 174 37 1 
175 43 182 49 1 
132 32 140 42 1 
150 39 161 47 1 
175 46 181 52 1 
169 56 179 63 1 
130 32 141 42 1 
117 52 126 65 1 
144 53 163 77 1 
143 87 169 117 1 
142 151 156 166 1 
126 141 135 151 1 
116 155 128 168 1 
105 175 120 191 1 
133 177 141 190 1 
128 190 140 208 1 
144 204 155 219 1 
159 259 172 274 1 
165 283 172 291 1 
130 279 140 292 1 
164 304 174 317 1 
162 1 177 17 1 
220 1 236 19 1 
212 16 220 24 1 
233 37 241 46 1 
213 46 223 55 1 
210 55 221 67 1 
209 77 216 85 1 
167 54 178 63 1 
202 107 216 122 1 
187 113 194 121 1 
218 111 227 122 1 
221 131 236 146 1 
205 128 220 144 1 
224 141 236 154 1 
218 176 230 187 1 
209 185 218 195 1 
203 188 213 199 1 
193 228 205 239 1 
216 216 224 226 1 
230 204 239 216 1 
238 220 249 230 1 
229 241 238 251 1 
221 263 230 272 1 
231 272 241 284 1 
240 261 251 271 1 
249 249 260 261 1 
240 217 248 230 1 
196 384 210 392 1 
247 357 257 368 1 
264 354 270 361 1 
243 75 251 87 1 
253 73 262 86 1 
246 36 257 47 1 
231 35 239 44 1 
236 43 244 52 1 
233 87 244 99 1 
242 76 252 88 1 
239 262 250 273 1 
249 248 258 261 1 
238 220 248 230 1 
270 346 281 356 1 
263 355 271 362 1 
264 300 270 309 1 
288 316 298 327 1 
285 301 293 314 1 
273 285 285 299 1 
281 278 303 299 1 
228 270 241 284 1 
239 261 251 271 1 
248 247 258 260 1 
259 255 280 281 1 
238 221 250 230 1 
255 213 266 225 1 
264 193 278 208 1 
259 178 270 190 1 
281 111 294 124 1 
242 77 253 89 1 
213 47 227 59 1 
231 37 242 47 1 
208 13 219 25 1 
265 56 277 69 1 
267 42 276 55 1 
278 50 302 80 1 
309 24 325 42 1 
298 28 311 50 1 
307 55 326 72 1 
279 56 302 79 1 
268 55 276 67 1 
302 92 324 125 1 
280 109 293 124 1 
293 118 307 130 1 
260 193 277 210 1 
284 277 303 297 1 
273 288 287 301 1 
283 302 293 312 1 
286 314 298 329 1 
337 320 354 339 1 
333 338 342 348 1 
293 349 304 359 1 
294 369 301 378 1 
409 380 419 396 1 
396 375 410 388 1 
386 375 395 387 1 
403 348 414 363 1 
394 308 413 349 1 
346 291 393 347 1 
363 366 372 376 1 
339 320 355 340 1 
348 288 393 348 1 
444 333 461 357 1 
484 301 492 309 1 
475 310 483 320 1 
487 312 500 329 1 
470 338 485 352 1 
478 352 488 360 1 
459 354 473 370 1 
479 351 489 362 1 
444 361 455 370 1 
476 388 486 400 1 
453 362 481 395 1 
457 353 471 369 1 
483 300 493 309 1 
483 300 493 309 1 
487 313 502 325 1 
497 330 508 343 1 
469 339 484 355 1 
460 360 473 371 1 
480 353 492 363 1 
523 344 532 355 1 
497 293 506 301 1 
539 93 551 109 1 
566 253 577 264 1 
577 251 588 262 1 
590 271 602 283 1 
542 317 558 336 1 
594 305 607 326 1 
558 342 574 365 1 
576 356 588 370 1 
582 372 593 384 1 
553 377 578 398 1 
578 48 592 63 1 
527 252 539 264 1 
533 283 542 292 1 
205 346 225 366 1 
22 244 39 261 1 
38 266 52 281 1 
130 364 141 376 1 
160 390 168 398 1 
148 389 156 397 1 
167 351 175 359 1 
157 362 164 369 1 
158 366 167 375 1 
129 269 134 277 1 
66 179 75 189 1 
52 187 60 196 1 
24 52 35 62 1 
3 58 11 66 1 
44 6 52 16 1 
28 11 36 19 1 
12 3 19 10 1 
43 36 51 45 1 
54 33 62 40 1 
58 45 65 52 1 
59 16 65 24 1 
67 15 78 25 1 
303 314 325 335 1 
337 374 370 400 1 
301 347 324 370 1 
182 279 190 289 1 
186 308 197 319 1 
