539 156 567 183 1 
447 105 474 132 1 
248 23 280 56 1 
207 126 275 194 1 
310 168 362 221 1 
14 19 19 25 1 
30 19 38 29 1 
32 33 39 39 1 
29 39 39 49 1 
24 47 31 58 1 
11 37 20 46 1 
3 48 9 54 1 
1 67 8 80 1 
31 75 35 81 1 
40 78 51 88 1 
34 89 42 97 1 
40 92 47 101 1 
42 102 49 109 1 
17 90 23 98 1 
29 105 41 117 1 
37 109 47 119 1 
25 123 35 133 1 
5 134 15 142 1 
46 140 55 150 1 
33 167 41 177 1 
5 198 19 205 1 
21 213 29 223 1 
40 219 53 234 1 
21 241 45 264 1 
16 264 28 273 1 
30 282 40 291 1 
7 291 22 306 1 
8 351 21 361 1 
59 8 72 18 1 
80 3 87 13 1 
112 15 121 28 1 
92 28 102 38 1 
109 41 114 49 1 
73 34 80 43 1 
60 36 69 44 1 
58 44 67 54 1 
70 47 78 58 1 
74 56 86 69 1 
91 86 101 99 1 
117 93 126 107 1 
102 112 112 121 1 
88 96 96 106 1 
76 115 90 138 1 
44 142 54 150 1 
48 169 60 182 1 
95 156 100 162 1 
106 142 112 150 1 
107 158 122 173 1 
48 189 60 200 1 
39 220 53 233 1 
85 245 97 255 1 
113 318 124 330 1 
86 297 96 307 1 
97 290 106 300 1 
105 282 112 290 1 
146 9 155 17 1 
151 1 157 12 1 
117 94 128 106 1 
165 107 172 117 1 
140 148 150 156 1 
152 149 163 162 1 
155 161 160 173 1 
162 174 173 184 1 
125 200 139 214 1 
138 216 147 227 1 
159 246 165 256 1 
197 20 204 28 1 
191 30 200 39 1 
221 63 232 71 1 
180 78 192 88 1 
212 91 219 101 1 
213 120 219 130 1 
224 131 231 142 1 
229 143 237 151 1 
229 170 237 181 1 
226 182 239 196 1 
200 181 209 194 1 
202 170 210 181 1 
213 254 221 263 1 
217 230 225 240 1 
193 221 203 230 1 
216 275 225 286 1 
230 292 238 307 1 
208 329 221 343 1 
231 357 241 368 1 
215 349 223 356 1 
215 361 222 369 1 
208 378 215 389 1 
203 373 209 382 1 
192 373 202 381 1 
193 354 199 363 1 
207 329 221 346 1 
228 290 239 305 1 
218 292 227 303 1 
205 287 214 294 1 
218 275 227 287 1 
193 246 201 256 1 
210 253 223 265 1 
216 231 225 240 1 
193 245 201 254 1 
192 222 202 233 1 
194 197 204 208 1 
200 180 209 189 1 
203 172 213 179 1 
230 183 237 193 1 
229 171 236 182 1 
230 143 237 154 1 
199 180 208 189 1 
203 172 212 180 1 
213 122 220 131 1 
221 130 230 140 1 
212 91 219 101 1 
222 64 231 74 1 
191 30 199 40 1 
196 19 205 28 1 
198 19 204 28 1 
247 27 265 51 1 
257 56 268 66 1 
222 62 230 72 1 
243 82 254 95 1 
292 77 299 88 1 
226 141 239 153 1 
222 130 231 140 1 
229 170 239 180 1 
203 172 210 179 1 
198 181 207 190 1 
226 182 238 193 1 
238 184 248 195 1 
295 166 305 178 1 
243 84 253 95 1 
281 184 292 197 1 
270 196 281 211 1 
257 201 267 210 1 
241 184 247 196 1 
229 170 237 181 1 
229 182 239 192 1 
242 199 250 206 1 
237 213 246 224 1 
276 222 286 236 1 
293 208 299 216 1 
294 225 303 234 1 
278 238 285 248 1 
270 261 285 277 1 
217 231 222 240 1 
213 253 222 264 1 
254 275 262 285 1 
219 277 226 286 1 
230 292 238 307 1 
248 320 257 331 1 
233 353 241 366 1 
240 365 250 378 1 
287 379 298 387 1 
279 222 289 234 1 
283 190 291 202 1 
295 166 303 177 1 
293 78 302 87 1 
284 9 291 18 1 
308 10 317 23 1 
321 14 331 26 1 
321 47 331 57 1 
293 77 301 86 1 
306 86 322 107 1 
321 47 330 56 1 
351 40 366 66 1 
342 114 352 127 1 
326 143 337 151 1 
298 166 307 179 1 
310 178 336 210 1 
297 186 305 194 1 
290 207 298 216 1 
296 225 304 232 1 
323 232 333 253 1 
360 226 363 237 1 
310 247 320 257 1 
317 267 326 274 1 
273 261 287 275 1 
288 274 293 283 1 
320 284 328 290 1 
335 284 347 294 1 
345 267 355 278 1 
316 300 328 309 1 
303 306 317 322 1 
319 334 332 347 1 
334 329 342 346 1 
318 46 330 59 1 
320 17 332 29 1 
349 44 371 69 1 
367 37 384 60 1 
383 71 405 89 1 
392 97 402 107 1 
339 112 355 129 1 
398 173 434 206 1 
400 214 413 225 1 
361 195 373 204 1 
367 251 378 262 1 
345 268 357 280 1 
336 285 345 297 1 
368 282 379 290 1 
398 312 407 321 1 
405 248 414 258 1 
400 216 411 225 1 
410 315 420 324 1 
394 326 405 340 1 
393 367 403 381 1 
383 69 406 87 1 
392 93 404 106 1 
427 104 441 120 1 
445 104 472 132 1 
447 146 454 155 1 
465 140 479 151 1 
447 157 459 166 1 
452 165 468 181 1 
397 180 420 204 1 
401 213 408 225 1 
415 223 422 232 1 
447 219 458 234 1 
432 227 447 243 1 
469 185 482 199 1 
457 200 471 215 1 
464 165 471 172 1 
453 168 466 182 1 
426 250 441 269 1 
421 278 432 299 1 
458 290 468 303 1 
410 316 420 325 1 
399 311 410 322 1 
394 326 404 338 1 
443 339 464 355 1 
431 340 440 352 1 
462 330 477 347 1 
471 323 486 339 1 
458 361 472 374 1 
443 383 457 402 1 
394 366 407 379 1 
447 386 454 396 1 
469 386 477 398 1 
492 383 503 396 1 
502 393 512 401 1 
507 380 516 390 1 
517 370 528 393 1 
516 346 525 355 1 
504 354 517 365 1 
500 346 508 354 1 
485 372 492 381 1 
459 362 470 375 1 
463 329 475 346 1 
473 325 486 335 1 
459 295 467 304 1 
465 303 480 318 1 
489 302 497 310 1 
500 298 508 313 1 
523 292 530 302 1 
493 277 504 285 1 
504 267 514 278 1 
472 243 479 252 1 
503 255 513 266 1 
529 224 539 240 1 
513 220 522 232 1 
509 210 517 217 1 
506 216 512 223 1 
484 206 494 221 1 
472 245 479 252 1 
447 222 457 232 1 
468 187 478 197 1 
506 169 516 180 1 
532 177 542 186 1 
530 227 538 240 1 
513 220 523 232 1 
538 220 546 229 1 
448 101 468 129 1 
519 113 532 131 1 
531 75 543 89 1 
530 131 542 141 1 
541 143 552 156 1 
447 148 456 156 1 
481 159 489 169 1 
507 168 517 180 1 
521 60 529 72 1 
558 56 571 68 1 
517 112 533 128 1 
533 131 542 143 1 
573 104 590 127 1 
540 143 551 155 1 
539 159 557 181 1 
571 147 585 161 1 
581 155 589 168 1 
558 181 571 191 1 
566 167 575 177 1 
573 169 583 182 1 
550 208 561 219 1 
567 191 603 232 1 
530 227 539 240 1 
557 265 566 274 1 
558 242 567 250 1 
540 280 550 290 1 
521 292 531 304 1 
550 300 559 310 1 
567 293 578 305 1 
589 337 598 348 1 
580 343 590 354 1 
591 350 603 365 1 
559 344 568 354 1 
567 373 574 380 1 
565 380 577 392 1 
544 382 553 391 1 
547 391 559 402 1 
522 294 531 305 1 
530 227 540 242 1 
520 117 530 129 1 
45 293 56 305 1 
68 273 79 284 1 
75 268 85 279 1 
64 280 80 293 1 
92 206 108 220 1 
245 111 252 121 1 
256 114 266 125 1 
114 57 125 67 1 
148 54 159 65 1 
148 77 158 88 1 
59 107 68 117 1 
217 18 226 29 1 
222 9 233 20 1 
341 355 353 367 1 
299 346 310 357 1 
289 379 300 388 1 
231 236 241 247 1 
340 149 358 166 1 
255 152 264 160 1 
354 118 369 133 1 
353 133 366 144 1 
369 313 378 322 1 
569 351 578 361 1 
535 324 544 334 1 
535 295 545 306 1 
536 307 545 318 1 
562 227 571 236 1 
502 192 510 200 1 
177 10 187 19 1 
54 331 61 339 1 
169 346 178 355 1 
154 333 161 342 1 
177 356 184 364 1 
152 366 158 373 1 
165 317 174 325 1 
222 312 230 322 1 
178 300 185 309 1 
487 101 513 127 1 
548 77 563 94 1 
548 118 558 129 1 
489 338 506 354 1 
