136 360 164 384 1 
471 374 493 393 1 
378 373 392 385 1 
394 382 406 394 1 
283 378 295 390 1 
391 9 418 30 1 
537 55 558 72 1 
0 105 32 136 1 
76 177 101 200 1 
172 104 189 121 1 
204 20 225 35 1 
148 16 165 32 1 
469 85 493 107 1 
440 92 462 110 1 
382 140 400 158 1 
518 317 540 337 1 
255 240 273 256 1 
297 168 316 183 1 
28 187 51 209 1 
22 163 38 177 1 
315 109 342 130 1 
508 17 526 32 1 
459 22 476 35 1 
555 91 571 104 1 
474 194 489 208 1 
283 340 299 355 1 
235 341 248 353 1 
370 282 384 294 1 
382 269 394 279 1 
191 203 206 220 1 
114 104 130 122 1 
145 154 161 167 1 
152 144 169 157 1 
203 189 221 201 1 
244 129 261 141 1 
270 120 291 136 1 
299 129 315 141 1 
568 14 580 29 1 
184 55 199 69 1 
181 71 194 80 1 
28 216 46 230 1 
42 211 59 226 1 
539 219 557 231 1 
289 37 301 50 1 
410 56 424 67 1 
397 108 423 129 1 
114 198 149 237 1 
9 7 25 18 1 
311 296 323 310 1 
547 247 569 265 1 
526 126 535 137 1 
520 134 535 145 1 
498 131 512 144 1 
365 33 376 42 1 
245 216 258 229 1 
226 233 241 248 1 
115 316 134 336 1 
460 338 477 350 1 
514 347 530 357 1 
