144 317 194 367 1 
391 82 429 120 1 
182 13 257 88 1 
497 158 529 190 1 
455 323 482 351 1 
144 305 198 363 1 
390 82 431 120 1 
214 124 241 151 1 
494 156 532 193 1 
507 132 532 159 1 
207 18 237 53 1 
102 7 126 28 1 
94 116 115 134 1 
116 74 137 100 1 
171 187 194 208 1 
269 154 288 176 1 
398 61 423 84 1 
252 4 278 28 1 
366 26 381 45 1 
311 99 332 117 1 
358 141 380 161 1 
293 104 308 126 1 
59 341 92 363 1 
380 344 400 360 1 
196 229 216 249 1 
235 229 254 248 1 
451 172 471 190 1 
531 105 552 125 1 
542 41 559 62 1 
564 151 585 175 1 
541 161 558 180 1 
414 235 430 252 1 
547 300 566 322 1 
58 63 69 77 1 
15 109 30 122 1 
16 122 28 134 1 
6 109 17 122 1 
43 114 57 128 1 
238 193 256 211 1 
307 315 328 334 1 
321 67 334 80 1 
373 60 388 76 1 
521 20 536 37 1 
320 11 336 28 1 
76 132 93 150 1 
379 168 394 182 1 
255 168 281 194 1 
362 207 382 229 1 
431 340 455 361 1 
551 67 579 97 1 
