83 113 164 194 1 
477 182 510 215 1 
125 68 180 123 1 
303 221 332 250 1 
344 39 381 75 1 
458 379 490 400 1 
24 362 47 388 1 
90 360 111 380 1 
265 386 288 400 1 
540 372 560 394 1 
575 216 589 232 1 
578 363 592 380 1 
582 355 595 370 1 
577 77 592 92 1 
581 42 597 59 1 
197 364 211 381 1 
213 353 227 369 1 
126 71 186 118 1 
56 112 93 146 1 
84 121 172 193 1 
475 176 519 216 1 
448 198 471 223 1 
302 218 335 250 1 
204 77 221 94 1 
228 102 249 121 1 
190 142 209 160 1 
205 128 221 142 1 
26 26 42 39 1 
58 29 75 44 1 
59 20 77 36 1 
125 246 148 268 1 
93 278 108 294 1 
90 263 103 277 1 
104 242 115 259 1 
85 315 104 332 1 
111 333 126 349 1 
95 332 107 347 1 
151 275 169 296 1 
126 305 143 322 1 
189 172 213 193 1 
198 188 230 215 1 
235 196 264 218 1 
250 187 267 200 1 
218 164 234 176 1 
173 30 189 46 1 
11 76 28 92 1 
27 54 41 65 1 
294 70 317 87 1 
266 71 283 85 1 
243 66 254 81 1 
275 0 301 18 1 
245 29 268 51 1 
202 16 221 33 1 
225 20 243 33 1 
388 161 411 184 1 
232 251 260 274 1 
244 268 273 289 1 
350 308 373 331 1 
384 267 404 287 1 
352 240 369 257 1 
319 262 333 274 1 
321 270 337 282 1 
273 281 289 296 1 
230 333 245 345 1 
226 316 238 329 1 
159 198 171 213 1 
181 192 201 205 1 
131 58 140 70 1 
86 68 101 82 1 
12 182 29 200 1 
458 31 480 47 1 
420 3 443 14 1 
321 151 337 167 1 
316 128 329 141 1 
306 117 322 133 1 
279 144 293 156 1 
324 173 345 187 1 
358 168 376 186 1 
355 150 370 164 1 
315 320 337 339 1 
496 127 512 143 1 
378 141 390 153 1 
506 247 526 269 1 
521 45 536 61 1 
477 72 494 86 1 
485 59 502 75 1 
300 56 317 70 1 
306 26 319 40 1 
451 113 468 124 1 
574 265 592 284 1 
571 298 585 312 1 
517 343 534 361 1 
553 342 564 356 1 
429 272 445 285 1 
437 262 454 278 1 
470 235 484 248 1 
459 245 471 257 1 
301 195 318 208 1 
508 91 519 102 1 
516 96 529 107 1 
568 129 583 139 1 
510 18 522 30 1 
264 30 278 42 1 
403 193 416 204 1 
436 206 450 218 1 
521 171 537 188 1 
551 222 572 240 1 
520 225 540 244 1 
491 327 505 341 1 
