359 116 394 151 1 
101 186 147 232 1 
121 246 204 329 1 
46 124 87 165 1 
260 231 301 272 1 
251 116 280 144 1 
586 374 601 393 1 
565 300 580 315 1 
595 310 601 328 1 
487 380 520 402 1 
539 376 549 385 1 
564 299 581 317 1 
527 260 544 277 1 
515 272 525 282 1 
555 159 568 173 1 
527 148 542 163 1 
498 166 512 180 1 
471 167 486 183 1 
483 306 496 317 1 
428 282 441 295 1 
436 382 446 394 1 
387 379 402 394 1 
368 376 384 393 1 
380 353 394 368 1 
340 315 366 339 1 
351 332 360 341 1 
337 317 347 327 1 
330 389 342 399 1 
329 382 337 391 1 
274 373 285 385 1 
243 376 266 399 1 
241 388 252 399 1 
253 336 272 359 1 
273 337 283 349 1 
228 305 245 323 1 
224 328 239 343 1 
222 339 233 351 1 
205 376 216 389 1 
188 344 199 355 1 
189 354 198 363 1 
139 365 189 402 1 
167 375 176 385 1 
148 337 182 373 1 
117 247 209 332 1 
109 283 127 302 1 
116 342 142 367 1 
69 322 96 346 1 
79 316 92 331 1 
20 345 36 359 1 
17 357 37 375 1 
41 355 60 374 1 
102 229 133 263 1 
98 187 151 235 1 
124 180 136 193 1 
39 115 93 173 1 
51 152 69 167 1 
89 123 111 143 1 
108 79 135 107 1 
84 48 106 70 1 
76 35 90 51 1 
39 18 61 41 1 
45 39 56 48 1 
15 35 27 48 1 
61 5 83 26 1 
181 86 207 110 1 
276 66 306 93 1 
249 115 281 145 1 
269 111 279 122 1 
280 104 291 116 1 
323 82 337 97 1 
324 102 338 117 1 
317 115 329 128 1 
336 118 350 132 1 
373 99 390 116 1 
357 115 400 158 1 
404 87 415 100 1 
440 44 463 66 1 
479 22 498 42 1 
402 3 416 17 1 
271 10 288 26 1 
123 1 133 10 1 
151 7 161 16 1 
451 91 466 107 1 
441 102 454 116 1 
446 115 458 127 1 
457 127 466 136 1 
524 24 534 34 1 
525 51 534 60 1 
519 62 528 71 1 
442 19 452 29 1 
430 13 440 24 1 
414 40 423 49 1 
396 235 423 262 1 
381 238 394 253 1 
350 259 362 270 1 
345 282 356 293 1 
393 222 405 234 1 
389 209 401 223 1 
359 218 372 231 1 
324 235 346 257 1 
324 254 334 264 1 
336 217 346 228 1 
335 224 351 236 1 
313 152 325 166 1 
298 211 310 224 1 
305 254 320 268 1 
303 279 330 303 1 
344 51 361 68 1 
335 363 346 374 1 
555 356 568 369 1 
571 377 583 388 1 
303 357 314 369 1 
238 214 255 232 1 
258 201 269 212 1 
260 187 273 199 1 
236 182 256 201 1 
251 177 260 188 1 
278 222 288 233 1 
176 191 211 228 1 
160 202 177 222 1 
151 131 174 154 1 
180 140 195 156 1 
134 135 152 154 1 
161 115 170 125 1 
187 38 196 49 1 
41 79 61 99 1 
36 71 46 82 1 
0 295 10 309 1 
41 327 55 342 1 
26 291 70 335 1 
47 300 56 309 1 
47 310 57 320 1 
93 285 102 296 1 
73 264 84 278 1 
85 244 103 264 1 
96 221 109 236 1 
91 235 103 246 1 
81 215 91 227 1 
26 170 34 179 1 
36 71 48 82 1 
36 223 52 238 1 
35 211 50 227 1 
42 259 54 272 1 
78 354 93 370 1 
86 369 100 385 1 
103 377 115 390 1 
1 342 9 354 1 
38 215 77 256 1 
34 213 46 226 1 
206 186 230 214 1 
143 164 154 176 1 
137 159 146 169 1 
163 69 175 82 1 
200 0 211 11 1 
241 61 251 72 1 
262 62 274 74 1 
255 57 263 67 1 
239 73 248 82 1 
229 97 245 112 1 
248 106 261 119 1 
287 10 298 25 1 
297 8 308 19 1 
331 13 340 22 1 
344 12 350 19 1 
451 267 463 279 1 
458 255 469 266 1 
485 247 494 258 1 
465 233 473 242 1 
446 228 456 238 1 
452 201 462 213 1 
416 16 426 26 1 
260 232 305 275 1 
429 183 437 192 1 
416 186 425 195 1 
365 157 374 167 1 
477 97 486 105 1 
317 346 334 364 1 
319 372 333 385 1 
518 304 530 315 1 
178 252 190 264 1 
189 264 200 276 1 
177 263 186 272 1 
176 76 191 91 1 
285 51 297 64 1 
276 45 288 57 1 
230 0 241 10 1 
242 14 253 25 1 
256 156 266 166 1 
265 153 275 163 1 
274 159 282 167 1 
512 171 531 190 1 
467 349 475 357 1 
248 145 258 156 1 
246 153 254 161 1 
247 35 257 45 1 
240 29 251 41 1 
112 42 121 53 1 
15 310 22 318 1 
89 387 99 397 1 
70 199 79 208 1 
63 182 73 193 1 
119 106 128 116 1 
133 35 142 45 1 
97 38 107 50 1 
47 121 59 133 1 
26 150 36 162 1 
494 130 507 143 1 
302 104 313 114 1 
387 293 425 332 1 
379 70 393 84 1 
