201 265 251 315 1 
121 258 162 298 1 
429 0 455 23 1 
493 137 520 164 1 
305 12 344 50 1 
532 265 557 291 1 
202 265 247 306 1 
189 260 208 276 1 
122 258 166 299 1 
80 271 102 290 1 
87 223 106 245 1 
61 226 79 243 1 
51 246 81 268 1 
17 241 35 260 1 
31 217 50 236 1 
121 168 140 188 1 
194 143 222 159 1 
309 82 341 113 1 
284 95 312 118 1 
258 70 283 90 1 
143 26 169 53 1 
145 66 163 81 1 
127 94 148 115 1 
290 220 308 232 1 
439 218 459 241 1 
529 261 562 295 1 
381 333 419 362 1 
222 343 251 359 1 
307 20 345 49 1 
379 23 397 42 1 
423 2 459 24 1 
378 69 402 88 1 
390 111 408 125 1 
462 145 485 169 1 
488 132 521 159 1 
520 88 546 111 1 
563 188 578 203 1 
433 297 454 322 1 
485 199 506 220 1 
523 6 542 24 1 
382 102 398 115 1 
1 1 148 119 1 
512 325 527 339 1 
355 170 376 193 1 
268 147 287 165 1 
179 27 197 45 1 
160 6 185 27 1 
423 32 443 49 1 
532 32 548 47 1 
440 104 459 120 1 
389 180 405 198 1 
443 201 455 212 1 
502 240 515 252 1 
429 345 442 360 1 
92 322 114 343 1 
37 342 49 353 1 
243 32 256 45 1 
251 45 263 57 1 
476 60 493 76 1 
468 17 481 30 1 
542 149 558 165 1 
517 198 533 209 1 
366 257 383 271 1 
305 238 318 251 1 
342 241 360 257 1 
233 240 248 254 1 
160 248 178 264 1 
126 231 142 247 1 
184 176 205 201 1 
181 340 198 353 1 
162 320 176 331 1 
182 315 198 327 1 
207 322 223 336 1 
217 307 232 317 1 
269 303 282 319 1 
314 285 329 298 1 
419 266 432 276 1 
8 254 17 266 1 
46 320 58 329 1 
178 299 188 310 1 
528 213 538 224 1 
428 149 442 161 1 
457 176 469 188 1 
466 84 476 95 1 
563 233 574 246 1 
366 347 376 359 1 
464 334 482 349 1 
