236 104 337 206 1 
4 331 54 382 1 
273 302 310 339 1 
495 109 540 154 1 
119 164 147 192 1 
201 95 235 128 1 
209 9 251 51 1 
94 0 168 46 1 
489 50 520 79 1 
542 46 568 73 1 
540 117 561 142 1 
551 100 571 125 1 
568 68 583 85 1 
4 328 50 381 1 
5 244 24 266 1 
42 262 66 285 1 
116 162 147 190 1 
191 301 213 321 1 
249 120 332 196 1 
203 6 252 54 1 
76 0 178 37 1 
81 73 106 98 1 
34 48 55 69 1 
488 110 533 157 1 
519 280 542 300 1 
446 255 467 274 1 
480 236 497 256 1 
525 182 537 197 1 
269 297 309 340 1 
198 94 233 127 1 
317 12 342 35 1 
333 101 352 120 1 
337 136 352 151 1 
381 124 396 138 1 
366 118 377 130 1 
374 139 386 158 1 
389 141 406 157 1 
410 134 428 152 1 
405 110 423 129 1 
164 173 190 200 1 
136 131 157 153 1 
113 131 137 157 1 
19 89 37 108 1 
41 108 56 125 1 
79 127 100 149 1 
235 344 261 367 1 
228 293 249 317 1 
90 376 111 396 1 
187 273 207 293 1 
223 211 240 233 1 
249 214 265 229 1 
258 244 273 256 1 
249 231 265 243 1 
226 238 241 253 1 
29 195 48 216 1 
59 221 76 235 1 
40 227 53 240 1 
109 258 122 271 1 
133 269 149 284 1 
142 306 158 320 1 
170 348 181 361 1 
172 371 184 382 1 
191 337 201 350 1 
197 345 209 356 1 
206 340 217 350 1 
549 367 564 382 1 
369 347 383 362 1 
340 384 352 395 1 
123 225 136 237 1 
106 229 118 240 1 
375 67 387 79 1 
402 94 412 107 1 
442 49 456 61 1 
436 88 449 102 1 
440 112 453 125 1 
475 142 489 155 1 
520 246 532 261 1 
41 0 59 10 1 
411 367 425 381 1 
257 313 268 329 1 
130 201 147 215 1 
67 164 81 181 1 
442 140 452 151 1 
14 146 26 157 1 
190 20 200 33 1 
342 367 353 377 1 
462 225 478 241 1 
269 218 281 230 1 
262 205 276 218 1 
276 195 293 209 1 
356 321 368 334 1 
341 311 353 324 1 
267 23 283 38 1 
251 45 264 60 1 
370 221 386 235 1 
301 229 316 241 1 
328 256 340 270 1 
317 258 330 269 1 
500 244 512 256 1 
504 270 515 283 1 
581 322 598 341 1 
581 293 592 309 1 
549 230 560 242 1 
543 254 554 266 1 
565 126 585 143 1 
538 102 600 289 1 
339 69 357 88 1 
396 33 412 45 1 
431 27 440 38 1 
441 15 455 26 1 
508 15 530 34 1 
537 21 558 36 1 
533 36 546 48 1 
526 46 538 59 1 
466 84 475 96 1 
471 72 482 82 1 
462 101 481 121 1 
150 77 167 97 1 
58 7 71 23 1 
170 80 182 97 1 
163 331 180 343 1 
153 343 167 357 1 
373 7 393 27 1 
580 43 596 57 1 
572 31 586 43 1 
483 380 502 400 1 
314 70 335 88 1 
385 312 397 323 1 
476 202 495 221 1 
148 163 165 176 1 
256 96 273 110 1 
345 30 363 50 1 
