51 48 87 84 1 
46 351 72 373 1 
326 386 341 400 1 
280 367 297 383 1 
299 17 334 50 1 
126 152 155 183 1 
110 174 133 194 1 
24 167 49 194 1 
17 234 41 261 1 
0 197 23 220 1 
1 324 18 345 1 
509 292 539 320 1 
433 225 454 244 1 
394 210 418 237 1 
348 193 369 214 1 
383 128 404 150 1 
433 144 461 164 1 
453 127 475 152 1 
19 2 38 21 1 
103 11 122 28 1 
146 18 166 32 1 
147 0 171 18 1 
248 72 295 112 1 
337 71 359 87 1 
342 52 359 72 1 
361 56 377 73 1 
389 52 407 69 1 
444 1 460 18 1 
187 295 206 316 1 
295 262 311 274 1 
329 289 347 306 1 
9 93 24 113 1 
3 53 16 68 1 
37 58 54 71 1 
62 26 73 41 1 
123 69 138 81 1 
117 103 130 121 1 
76 137 89 150 1 
115 234 139 255 1 
72 293 91 311 1 
129 300 146 313 1 
85 238 100 255 1 
60 226 74 238 1 
67 192 84 205 1 
211 48 226 59 1 
224 4 242 21 1 
228 14 245 30 1 
284 151 299 167 1 
366 245 402 275 1 
289 198 306 209 1 
263 215 278 232 1 
268 268 286 282 1 
246 165 258 177 1 
548 2 564 20 1 
553 154 575 175 1 
532 203 557 227 1 
412 325 428 338 1 
408 316 422 330 1 
380 160 405 184 1 
310 54 323 70 1 
430 35 450 55 1 
430 47 449 62 1 
489 60 509 75 1 
537 37 568 64 1 
554 19 572 37 1 
569 59 583 72 1 
572 0 586 14 1 
523 85 546 108 1 
267 181 281 197 1 
17 121 50 158 1 
73 98 88 113 1 
262 13 278 30 1 
496 91 514 109 1 
489 293 511 316 1 
268 143 283 156 1 
149 249 164 267 1 
340 21 357 37 1 
0 169 19 188 1 
