222 179 252 208 1 
518 37 555 74 1 
483 11 515 43 1 
176 0 204 28 1 
287 249 338 300 1 
443 207 499 262 1 
514 36 560 81 1 
479 6 527 51 1 
549 83 562 97 1 
527 95 545 114 1 
535 79 551 97 1 
446 23 464 41 1 
431 11 447 29 1 
400 30 415 45 1 
386 59 398 72 1 
384 80 403 98 1 
358 73 375 91 1 
352 48 367 64 1 
340 36 360 55 1 
303 28 315 41 1 
272 28 290 46 1 
270 40 280 51 1 
263 47 276 61 1 
253 10 266 23 1 
238 1 253 14 1 
221 24 232 36 1 
194 25 213 47 1 
169 1 206 37 1 
157 15 172 30 1 
146 52 165 71 1 
136 62 150 78 1 
136 39 147 51 1 
126 41 137 53 1 
110 26 121 38 1 
103 78 121 98 1 
108 69 123 84 1 
54 14 67 26 1 
43 13 55 26 1 
29 17 39 25 1 
21 16 30 26 1 
23 4 31 14 1 
31 9 38 17 1 
16 62 37 84 1 
7 70 23 89 1 
24 86 45 106 1 
45 105 57 117 1 
55 127 77 149 1 
79 129 96 147 1 
97 152 106 162 1 
81 173 98 188 1 
221 175 257 213 1 
267 185 287 207 1 
277 164 301 190 1 
271 263 290 281 1 
272 242 286 257 1 
289 247 348 306 1 
319 242 333 257 1 
329 232 340 246 1 
371 283 394 307 1 
372 252 397 276 1 
364 229 383 248 1 
405 360 431 383 1 
397 352 414 370 1 
389 341 403 357 1 
383 368 398 381 1 
395 373 409 388 1 
371 339 382 352 1 
370 351 382 363 1 
284 342 301 358 1 
248 331 263 345 1 
119 378 163 404 1 
50 277 69 296 1 
470 196 502 226 1 
452 216 489 252 1 
508 226 524 245 1 
561 285 577 302 1 
551 283 566 297 1 
531 261 546 277 1 
519 282 536 298 1 
531 284 542 297 1 
498 361 517 380 1 
490 353 500 366 1 
579 386 599 404 1 
453 351 470 369 1 
408 360 432 385 1 
398 352 414 368 1 
389 340 402 357 1 
393 373 409 388 1 
384 368 397 381 1 
354 386 380 402 1 
575 345 600 375 1 
415 294 451 329 1 
459 335 475 350 1 
456 295 470 311 1 
505 264 518 278 1 
495 274 508 287 1 
473 252 491 271 1 
530 174 541 187 1 
591 200 600 214 1 
535 136 545 148 1 
540 144 551 155 1 
489 123 504 137 1 
495 104 504 113 1 
469 85 480 98 1 
434 149 456 172 1 
418 137 434 155 1 
400 171 413 184 1 
404 148 417 163 1 
426 248 443 267 1 
293 105 310 122 1 
322 97 336 111 1 
351 157 369 174 1 
316 131 327 143 1 
316 142 325 152 1 
355 123 368 135 1 
235 95 249 109 1 
210 113 223 125 1 
211 86 236 113 1 
171 87 188 105 1 
172 107 186 121 1 
168 119 179 130 1 
135 90 149 105 1 
123 113 139 129 1 
159 164 174 179 1 
187 181 199 193 1 
160 199 174 215 1 
142 193 159 211 1 
185 293 199 308 1 
232 292 241 301 1 
250 343 259 353 1 
108 274 120 286 1 
98 313 109 324 1 
53 374 64 385 1 
16 314 28 328 1 
14 272 25 283 1 
9 252 22 266 1 
21 228 31 238 1 
23 240 33 252 1 
11 230 22 242 1 
75 43 87 56 1 
59 48 71 59 1 
304 9 314 19 1 
320 0 337 8 1 
536 376 549 389 1 
553 390 565 401 1 
546 358 558 371 1 
581 99 591 110 1 
481 178 495 193 1 
461 145 476 160 1 
467 165 479 177 1 
447 99 457 109 1 
455 111 464 119 1 
434 119 442 127 1 
381 121 392 132 1 
377 115 386 126 1 
361 138 370 148 1 
352 141 361 150 1 
347 126 356 137 1 
359 112 368 123 1 
345 104 354 115 1 
330 170 344 185 1 
269 134 280 146 1 
267 104 276 113 1 
289 65 299 76 1 
332 68 345 82 1 
206 171 219 183 1 
214 196 224 206 1 
185 225 194 235 1 
94 214 107 227 1 
277 301 289 312 1 
301 318 312 331 1 
186 359 201 373 1 
431 389 443 399 1 
443 378 451 387 1 
487 368 496 377 1 
467 374 477 384 1 
395 316 409 331 1 
364 276 377 288 1 
438 202 448 212 1 
191 120 208 138 1 
143 221 155 233 1 
133 240 147 254 1 
152 254 167 269 1 
170 295 180 304 1 
131 340 138 348 1 
261 318 271 330 1 
267 287 276 298 1 
567 316 579 330 1 
581 270 591 280 1 
431 227 445 239 1 
445 222 457 234 1 
459 203 473 218 1 
539 38 551 52 1 
495 64 509 79 1 
422 42 431 52 1 
418 60 428 71 1 
410 15 422 28 1 
409 0 423 14 1 
279 6 294 21 1 
172 18 182 29 1 
75 1 150 13 1 
323 82 369 125 1 
326 118 360 154 1 
367 124 400 157 1 
375 169 399 192 1 
384 159 400 175 1 
417 204 433 221 1 
562 232 573 244 1 
548 187 557 195 1 
577 144 591 157 1 
567 151 582 164 1 
574 159 584 170 1 
592 322 600 332 1 
323 338 346 365 1 
59 253 77 271 1 
43 257 54 268 1 
52 99 63 110 1 
182 77 211 109 1 
370 24 380 34 1 
373 3 381 10 1 
526 3 538 14 1 
268 216 284 233 1 
299 235 315 251 1 
406 133 418 144 1 
255 96 265 108 1 
411 1 422 12 1 
