278 250 306 279 1 
514 81 542 109 1 
490 336 516 361 1 
444 252 533 341 1 
371 108 536 272 1 
273 244 310 280 1 
514 76 548 110 1 
485 330 516 360 1 
262 304 292 337 1 
144 324 181 351 1 
101 314 130 337 1 
82 252 109 277 1 
0 0 240 233 1 
255 0 284 22 1 
542 162 563 182 1 
478 108 498 126 1 
384 12 399 26 1 
443 25 459 36 1 
580 100 596 116 1 
489 208 511 228 1 
568 206 585 225 1 
374 310 397 331 1 
387 242 402 260 1 
435 243 449 258 1 
428 241 439 252 1 
106 372 127 391 1 
422 351 439 366 1 
463 343 474 354 1 
580 333 600 350 1 
336 146 355 171 1 
304 147 323 164 1 
395 65 409 79 1 
350 29 365 42 1 
350 73 362 85 1 
358 95 370 106 1 
505 229 522 245 1 
484 243 497 257 1 
307 376 321 393 1 
289 371 306 388 1 
460 3 478 18 1 
577 0 592 17 1 
557 140 576 158 1 
550 148 565 162 1 
2 286 20 303 1 
483 62 510 86 1 
134 383 146 393 1 
110 279 127 298 1 
290 233 302 244 1 
417 378 428 388 1 
348 261 360 274 1 
314 11 322 18 1 
0 353 14 369 1 
10 366 24 379 1 
0 383 14 393 1 
211 379 226 391 1 
253 282 270 296 1 
247 318 260 332 1 
443 136 463 153 1 
581 305 596 321 1 
260 363 273 379 1 
547 210 559 221 1 
519 169 530 181 1 
519 185 532 198 1 
509 195 523 206 1 
123 350 136 361 1 
462 369 474 378 1 
444 371 454 382 1 
343 341 364 358 1 
299 179 312 191 1 
333 183 349 197 1 
497 107 511 120 1 
512 348 529 369 1 
415 146 429 161 1 
436 191 451 208 1 
356 8 376 20 1 
