39 317 71 349 1 
444 372 501 400 1 
120 356 149 385 1 
577 329 600 359 1 
575 297 590 312 1 
587 89 600 107 1 
290 358 305 373 1 
252 83 279 110 1 
222 69 243 92 1 
95 56 118 84 1 
70 220 93 245 1 
110 292 138 315 1 
57 277 80 299 1 
98 270 118 292 1 
158 115 186 135 1 
100 141 119 160 1 
84 88 103 105 1 
50 102 63 118 1 
31 120 46 135 1 
322 34 352 58 1 
400 82 417 98 1 
360 123 377 140 1 
40 312 81 352 1 
0 174 17 185 1 
53 135 68 149 1 
131 66 147 82 1 
182 23 205 40 1 
195 52 208 67 1 
261 127 291 151 1 
270 111 290 128 1 
198 184 212 197 1 
205 238 221 252 1 
244 210 258 224 1 
245 224 261 240 1 
175 250 189 264 1 
128 324 145 342 1 
210 283 225 297 1 
171 320 192 340 1 
166 348 185 365 1 
96 8 110 24 1 
366 41 382 56 1 
340 110 366 138 1 
454 79 478 105 1 
439 17 453 30 1 
495 12 513 32 1 
473 3 490 20 1 
396 132 418 150 1 
397 158 413 175 1 
420 173 439 188 1 
298 269 315 286 1 
464 232 478 242 1 
541 175 561 196 1 
566 163 587 192 1 
548 84 566 105 1 
545 44 564 64 1 
552 56 568 71 1 
459 47 474 61 1 
495 60 515 79 1 
478 76 501 108 1 
569 52 588 75 1 
542 231 562 250 1 
408 326 425 341 1 
387 206 400 219 1 
512 260 532 278 1 
439 273 456 289 1 
479 312 493 327 1 
561 342 584 361 1 
562 323 575 339 1 
548 325 563 340 1 
526 329 537 341 1 
222 154 239 169 1 
346 183 359 195 1 
379 172 398 189 1 
291 218 310 236 1 
125 16 139 29 1 
261 35 280 49 1 
