26 117 72 163 1 
572 235 597 260 1 
391 201 471 281 1 
293 291 358 357 1 
374 130 421 178 1 
8 18 16 29 1 
4 0 10 6 1 
18 49 26 58 1 
28 45 39 56 1 
2 61 13 72 1 
9 80 17 90 1 
25 89 34 96 1 
17 143 26 151 1 
12 170 24 181 1 
1 187 11 199 1 
12 214 21 223 1 
54 160 62 169 1 
27 115 73 163 1 
63 164 71 174 1 
63 180 73 194 1 
48 188 57 203 1 
39 193 48 201 1 
57 207 72 225 1 
82 224 94 233 1 
66 229 73 237 1 
1 254 12 264 1 
5 268 13 277 1 
44 264 53 270 1 
36 277 48 290 1 
48 282 56 291 1 
3 299 15 314 1 
28 296 35 304 1 
47 308 55 316 1 
23 321 31 330 1 
66 336 74 345 1 
73 323 81 331 1 
59 321 68 329 1 
122 335 135 347 1 
88 297 101 312 1 
107 308 115 317 1 
101 281 111 292 1 
111 288 117 295 1 
110 241 130 260 1 
136 183 148 197 1 
88 157 98 169 1 
103 125 117 136 1 
82 55 91 65 1 
65 15 80 31 1 
87 10 94 21 1 
101 13 108 25 1 
74 43 85 54 1 
124 28 143 45 1 
105 48 119 67 1 
124 47 132 55 1 
132 102 139 109 1 
153 124 170 144 1 
168 142 178 153 1 
172 128 183 140 1 
212 283 223 294 1 
250 340 266 355 1 
253 289 264 301 1 
228 255 240 268 1 
248 247 261 268 1 
110 95 117 103 1 
121 93 129 102 1 
157 174 166 183 1 
144 173 153 181 1 
122 0 139 13 1 
111 2 117 13 1 
140 56 148 66 1 
155 97 162 105 1 
199 135 208 146 1 
169 65 178 75 1 
180 68 190 78 1 
193 82 203 94 1 
211 85 219 96 1 
225 136 238 147 1 
233 148 241 157 1 
91 349 99 357 1 
141 252 147 262 1 
148 249 156 259 1 
187 219 196 229 1 
203 193 214 206 1 
199 168 208 179 1 
222 184 230 194 1 
231 171 247 189 1 
241 201 254 213 1 
238 217 250 233 1 
266 210 276 219 1 
257 219 282 243 1 
277 237 288 247 1 
268 241 280 254 1 
282 254 290 265 1 
197 309 205 318 1 
234 97 243 106 1 
181 25 190 34 1 
191 19 198 27 1 
200 14 208 20 1 
212 9 220 19 1 
220 1 228 9 1 
236 15 246 26 1 
244 26 261 40 1 
230 38 240 49 1 
223 30 233 40 1 
208 38 218 52 1 
257 62 267 73 1 
273 55 288 72 1 
277 82 288 91 1 
285 83 293 93 1 
279 101 288 111 1 
271 112 286 126 1 
270 143 287 158 1 
269 159 293 182 1 
277 181 286 190 1 
294 199 300 209 1 
301 196 313 209 1 
307 189 314 197 1 
253 9 263 20 1 
298 33 310 45 1 
357 0 368 10 1 
388 9 403 24 1 
426 3 440 22 1 
494 4 511 20 1 
554 4 569 19 1 
500 23 506 30 1 
508 25 514 33 1 
491 24 501 37 1 
408 51 421 61 1 
411 66 417 74 1 
448 80 458 90 1 
300 270 309 280 1 
303 280 311 290 1 
307 301 319 311 1 
316 318 326 328 1 
364 296 373 306 1 
370 292 380 303 1 
375 276 388 289 1 
357 267 366 278 1 
326 242 336 252 1 
386 231 400 245 1 
417 252 429 268 1 
431 270 442 281 1 
414 286 423 296 1 
400 278 407 286 1 
382 262 390 272 1 
395 257 401 266 1 
356 211 364 221 1 
387 174 395 185 1 
416 175 426 187 1 
412 165 418 174 1 
427 157 434 164 1 
435 156 447 171 1 
453 161 463 173 1 
454 179 460 188 1 
400 197 411 208 1 
409 333 418 344 1 
453 310 463 321 1 
520 276 529 284 1 
572 330 588 357 1 
558 354 569 362 1 
516 257 524 265 1 
530 211 546 224 1 
570 232 589 259 1 
573 272 581 281 1 
570 204 581 218 1 
545 183 554 193 1 
495 178 506 191 1 
505 172 515 184 1 
528 168 538 180 1 
541 161 552 173 1 
543 132 554 143 1 
573 118 586 130 1 
562 138 568 146 1 
502 145 512 158 1 
533 86 546 103 1 
541 80 552 91 1 
544 65 550 72 1 
547 63 565 82 1 
548 35 557 45 1 
543 41 552 50 1 
525 15 535 24 1 
506 44 516 53 1 
519 47 527 58 1 
452 34 459 42 1 
471 73 479 82 1 
157 44 164 52 1 
163 41 171 49 1 
177 49 183 56 1 
147 107 154 116 1 
310 82 317 89 1 
410 78 418 88 1 
376 73 383 81 1 
361 69 368 76 1 
295 7 302 14 1 
487 164 496 172 1 
141 376 155 389 1 
147 388 158 398 1 
0 0 0 0 1 
150 357 174 382 1 
163 342 189 366 1 
208 365 220 377 1 
229 383 241 393 1 
415 358 429 373 1 
392 383 401 393 1 
544 204 555 218 1 
588 109 600 126 1 
