391 176 419 205 1 
447 35 485 73 1 
486 62 512 88 1 
358 355 384 381 1 
138 275 201 338 1 
56 337 90 371 1 
81 83 119 122 1 
195 6 225 36 1 
148 11 177 40 1 
122 97 147 123 1 
225 339 255 369 1 
457 120 487 150 1 
10 0 19 9 1 
22 4 31 12 1 
12 11 18 20 1 
30 85 37 93 1 
12 105 20 114 1 
24 123 32 132 1 
26 135 35 152 1 
24 155 35 168 1 
20 167 31 181 1 
20 214 28 224 1 
35 199 40 207 1 
20 328 28 339 1 
43 4 50 13 1 
68 8 74 15 1 
76 11 82 18 1 
95 12 102 19 1 
112 21 117 29 1 
116 31 122 38 1 
83 24 89 30 1 
76 11 81 18 1 
54 53 59 58 1 
38 28 48 38 1 
44 3 51 12 1 
69 9 75 15 1 
75 10 82 19 1 
81 22 88 32 1 
56 97 64 107 1 
68 103 76 115 1 
80 84 110 115 1 
87 116 99 128 1 
87 113 103 130 1 
61 118 69 128 1 
65 125 72 135 1 
103 137 110 146 1 
111 147 119 157 1 
94 147 100 154 1 
77 146 89 158 1 
68 144 77 155 1 
58 97 64 105 1 
38 28 47 38 1 
40 130 47 139 1 
46 146 54 154 1 
49 151 61 163 1 
68 146 75 153 1 
77 146 87 157 1 
42 245 49 254 1 
58 172 72 191 1 
89 166 92 174 1 
97 177 105 189 1 
111 148 118 158 1 
102 137 109 146 1 
79 238 86 247 1 
90 231 98 239 1 
43 244 51 254 1 
52 247 63 260 1 
64 262 74 271 1 
87 268 93 274 1 
104 288 113 299 1 
87 318 105 332 1 
44 316 60 332 1 
54 340 87 368 1 
86 355 98 368 1 
96 11 101 18 1 
110 9 120 20 1 
120 0 134 12 1 
170 1 179 10 1 
145 14 168 37 1 
110 21 118 28 1 
115 31 121 39 1 
119 32 126 40 1 
129 35 137 45 1 
141 38 154 48 1 
79 86 108 131 1 
129 86 142 100 1 
119 98 137 117 1 
175 76 181 86 1 
169 102 180 116 1 
149 92 154 100 1 
136 124 146 135 1 
118 123 129 131 1 
102 137 113 146 1 
160 127 170 138 1 
149 146 156 153 1 
163 151 174 162 1 
110 150 118 157 1 
119 167 128 179 1 
118 177 126 188 1 
127 179 138 189 1 
139 174 150 183 1 
148 146 154 156 1 
162 151 173 164 1 
160 170 171 182 1 
170 178 179 189 1 
140 193 148 203 1 
142 174 149 184 1 
155 214 164 224 1 
172 215 179 224 1 
164 224 172 234 1 
80 239 88 249 1 
124 245 134 253 1 
142 254 151 261 1 
139 268 148 278 1 
105 288 113 299 1 
89 318 103 332 1 
134 278 183 335 1 
150 11 167 37 1 
196 11 214 32 1 
220 19 230 31 1 
226 13 233 21 1 
237 14 247 25 1 
237 31 244 39 1 
214 30 222 39 1 
228 50 235 58 1 
228 55 237 66 1 
210 57 219 67 1 
215 73 230 86 1 
174 75 182 85 1 
175 84 182 91 1 
170 80 177 88 1 
167 89 176 98 1 
167 101 183 116 1 
197 98 209 110 1 
220 94 229 104 1 
229 109 237 121 1 
212 126 223 135 1 
166 123 181 135 1 
160 127 170 139 1 
183 127 190 134 1 
154 137 162 146 1 
148 146 155 154 1 
178 140 191 155 1 
162 153 173 162 1 
187 164 198 178 1 
168 178 180 189 1 
163 173 171 183 1 
213 181 223 190 1 
223 189 234 202 1 
209 189 220 200 1 
158 216 166 225 1 
171 216 178 224 1 
185 222 191 227 1 
196 210 202 215 1 
198 214 208 220 1 
201 230 205 238 1 
206 236 215 245 1 
216 236 226 248 1 
186 241 194 249 1 
187 253 195 261 1 
188 347 200 360 1 
184 363 196 375 1 
191 384 205 396 1 
221 346 229 356 1 
222 186 234 201 1 
222 20 229 28 1 
227 12 233 19 1 
238 16 246 26 1 
230 22 236 29 1 
230 57 237 66 1 
228 50 233 58 1 
240 61 247 70 1 
212 59 219 66 1 
250 58 258 64 1 
247 67 253 74 1 
217 74 225 85 1 
255 92 265 102 1 
238 105 245 113 1 
228 112 237 121 1 
225 119 232 127 1 
238 153 247 163 1 
238 162 247 172 1 
245 166 253 174 1 
234 171 240 180 1 
215 183 223 191 1 
222 190 233 201 1 
210 191 216 200 1 
230 195 240 204 1 
234 202 248 216 1 
242 217 248 225 1 
217 236 227 249 1 
239 275 253 294 1 
236 299 248 309 1 
223 332 246 369 1 
238 16 245 27 1 
271 15 280 25 1 
285 5 292 14 1 
279 21 284 29 1 
273 59 283 70 1 
266 64 273 71 1 
249 57 257 65 1 
241 62 249 71 1 
247 66 256 76 1 
254 90 268 102 1 
274 60 282 69 1 
265 65 274 73 1 
301 72 309 81 1 
285 107 292 115 1 
274 104 283 116 1 
278 123 286 134 1 
265 132 278 145 1 
255 141 264 151 1 
237 142 246 152 1 
281 163 293 177 1 
284 180 293 188 1 
275 190 287 203 1 
255 193 264 203 1 
233 200 247 218 1 
241 216 251 227 1 
262 244 276 258 1 
268 230 276 237 1 
260 236 267 245 1 
262 261 275 272 1 
288 259 302 277 1 
277 283 285 292 1 
293 274 303 281 1 
234 301 246 311 1 
278 307 286 318 1 
276 322 282 331 1 
255 353 262 361 1 
280 359 289 371 1 
279 351 285 360 1 
268 366 276 375 1 
249 370 257 379 1 
262 393 273 402 1 
280 386 286 395 1 
269 379 279 389 1 
283 371 293 380 1 
294 0 302 8 1 
347 0 356 5 1 
313 26 319 36 1 
287 16 296 24 1 
285 7 293 17 1 
271 15 280 26 1 
273 58 282 70 1 
285 71 293 79 1 
300 69 311 83 1 
304 82 311 88 1 
330 74 336 82 1 
336 87 341 96 1 
328 96 334 103 1 
337 95 343 105 1 
299 70 311 82 1 
304 81 311 89 1 
296 89 306 102 1 
303 96 314 109 1 
283 80 292 88 1 
287 98 295 108 1 
305 113 311 121 1 
278 124 287 135 1 
319 134 327 146 1 
277 161 292 178 1 
301 168 310 176 1 
333 156 339 164 1 
319 165 331 183 1 
332 171 341 185 1 
334 184 341 194 1 
338 186 355 203 1 
347 207 356 216 1 
329 196 338 206 1 
313 192 325 204 1 
313 192 325 204 1 
306 180 316 189 1 
301 167 309 176 1 
278 164 291 179 1 
276 191 286 203 1 
286 197 295 210 1 
284 217 300 232 1 
302 219 310 230 1 
295 235 303 244 1 
264 244 275 255 1 
262 259 273 272 1 
287 259 303 277 1 
309 269 317 278 1 
343 261 355 274 1 
294 305 309 317 1 
296 321 302 331 1 
305 318 316 332 1 
322 318 329 326 1 
341 308 350 321 1 
317 347 327 359 1 
333 355 343 367 1 
299 363 311 375 1 
281 357 291 369 1 
281 357 291 369 1 
290 354 302 366 1 
381 9 388 19 1 
395 19 402 28 1 
368 20 378 29 1 
354 18 363 28 1 
372 34 379 42 1 
380 33 389 44 1 
394 36 400 43 1 
379 46 396 64 1 
392 62 400 71 1 
398 66 409 77 1 
360 58 369 65 1 
367 79 373 86 1 
393 101 401 109 1 
372 92 379 99 1 
381 143 388 152 1 
395 108 404 116 1 
362 134 369 142 1 
341 161 356 180 1 
331 170 342 186 1 
341 187 354 203 1 
379 143 389 153 1 
387 176 413 203 1 
346 208 354 216 1 
382 218 391 226 1 
396 222 404 231 1 
368 231 376 241 1 
347 208 355 216 1 
344 259 354 273 1 
358 261 370 275 1 
389 254 399 266 1 
406 261 413 270 1 
404 278 414 288 1 
377 286 388 299 1 
342 259 356 275 1 
347 276 357 288 1 
355 280 362 289 1 
365 288 375 297 1 
378 287 386 298 1 
387 299 395 306 1 
407 278 412 287 1 
355 309 364 317 1 
338 308 349 321 1 
340 346 348 355 1 
331 354 342 368 1 
359 355 379 379 1 
411 388 416 394 1 
380 325 386 334 1 
387 299 396 308 1 
392 180 410 202 1 
380 47 394 63 1 
380 7 390 18 1 
430 10 442 23 1 
461 0 472 9 1 
447 38 469 69 1 
451 90 459 98 1 
428 71 439 81 1 
414 85 425 98 1 
422 130 434 141 1 
412 145 423 154 1 
390 179 412 204 1 
471 180 481 194 1 
446 238 457 249 1 
415 198 422 206 1 
425 200 432 209 1 
425 210 433 219 1 
395 222 405 232 1 
432 258 446 276 1 
406 263 415 272 1 
404 280 412 289 1 
417 275 423 282 1 
422 284 430 292 1 
433 299 446 310 1 
439 295 450 308 1 
414 319 423 327 1 
428 313 435 323 1 
440 313 447 320 1 
445 317 452 325 1 
434 323 446 334 1 
454 356 464 368 1 
411 386 421 395 1 
402 350 412 358 1 
430 368 456 398 1 
464 1 471 7 1 
481 2 487 8 1 
469 11 478 22 1 
498 15 506 26 1 
481 24 491 33 1 
498 19 506 27 1 
490 28 504 40 1 
463 28 469 36 1 
451 37 473 66 1 
484 63 501 84 1 
475 62 481 72 1 
468 67 475 73 1 
477 64 483 70 1 
483 62 502 85 1 
470 81 479 88 1 
466 86 474 94 1 
490 104 503 117 1 
488 144 494 152 1 
451 88 458 97 1 
483 172 490 179 1 
470 180 482 194 1 
455 178 462 185 1 
492 191 508 209 1 
490 215 500 227 1 
476 228 486 238 1 
456 357 466 366 1 
469 358 477 370 1 
454 374 464 388 1 
505 7 511 13 1 
518 15 527 23 1 
490 27 501 39 1 
524 39 532 47 1 
511 59 526 75 1 
487 61 501 85 1 
490 105 505 119 1 
519 126 528 134 1 
525 146 535 157 1 
487 142 494 152 1 
504 140 511 147 1 
522 159 531 167 1 
527 178 533 187 1 
519 176 526 184 1 
496 171 506 182 1 
491 189 506 207 1 
510 217 521 229 1 
490 214 500 227 1 
526 208 531 215 1 
528 229 534 236 1 
503 242 510 250 1 
511 272 521 282 1 
505 269 512 276 1 
492 275 500 283 1 
488 285 496 291 1 
487 295 494 301 1 
501 288 507 295 1 
514 295 520 303 1 
514 307 522 313 1 
507 311 514 320 1 
493 318 502 326 1 
523 345 532 355 1 
500 355 507 361 1 
499 377 506 384 1 
483 384 491 390 1 
490 392 496 399 1 
511 383 518 391 1 
528 381 536 390 1 
523 344 530 355 1 
541 1 555 12 1 
563 0 573 7 1 
536 17 544 31 1 
549 24 560 35 1 
575 16 583 26 1 
590 23 600 36 1 
554 37 564 47 1 
575 40 585 49 1 
582 47 590 55 1 
538 44 546 51 1 
534 48 545 59 1 
526 62 538 75 1 
546 72 553 81 1 
551 66 562 76 1 
567 57 576 64 1 
585 55 594 64 1 
554 80 570 93 1 
588 99 596 109 1 
575 91 584 98 1 
563 101 573 113 1 
571 111 583 119 1 
559 121 570 130 1 
575 138 585 150 1 
527 145 535 155 1 
538 170 544 177 1 
547 166 554 175 1 
576 164 584 173 1 
536 189 544 201 1 
579 189 586 198 1 
525 207 531 215 1 
528 228 536 237 1 
538 245 547 254 1 
549 250 559 260 1 
565 258 574 270 1 
576 288 588 303 1 
575 329 590 343 1 
571 311 580 318 1 
555 325 563 334 1 
536 350 543 359 1 
528 381 537 389 1 
545 391 554 399 1 
553 380 560 387 1 
568 383 576 392 1 
578 386 586 393 1 
16 345 27 356 1 
372 390 385 399 1 
194 109 204 120 1 
89 63 97 72 1 
15 78 24 88 1 
3 26 15 40 1 
26 38 37 51 1 
3 45 12 55 1 
4 60 14 68 1 
4 116 14 125 1 
326 4 342 19 1 
479 344 495 361 1 
172 190 194 210 1 
