386 220 431 265 1 
414 306 463 354 1 
530 321 561 352 1 
483 101 516 134 1 
190 3 217 30 1 
141 16 187 61 1 
66 29 93 56 1 
22 155 48 181 1 
14 208 83 277 1 
234 248 313 327 1 
405 307 451 345 1 
496 313 517 331 1 
526 312 563 356 1 
451 237 482 276 1 
504 236 528 259 1 
375 213 437 268 1 
347 216 377 243 1 
307 232 329 255 1 
345 327 369 347 1 
327 338 356 361 1 
110 238 134 261 1 
82 276 108 297 1 
105 347 123 363 1 
106 337 124 347 1 
326 294 353 313 1 
409 113 441 146 1 
476 103 508 137 1 
531 135 550 159 1 
573 126 588 151 1 
520 100 542 121 1 
490 82 506 95 1 
386 78 405 94 1 
419 90 435 103 1 
429 69 446 81 1 
451 70 463 85 1 
443 93 461 106 1 
472 29 486 45 1 
458 37 472 49 1 
257 323 275 338 1 
230 254 282 308 1 
201 204 221 224 1 
218 209 239 236 1 
236 172 258 193 1 
5 272 26 300 1 
32 280 44 298 1 
15 212 53 267 1 
58 230 77 262 1 
0 149 57 196 1 
75 168 94 189 1 
0 102 24 133 1 
142 13 184 72 1 
184 3 218 34 1 
194 61 211 81 1 
304 88 339 117 1 
360 84 373 102 1 
369 93 384 112 1 
381 98 399 112 1 
367 66 380 82 1 
341 48 357 66 1 
284 24 301 48 1 
274 13 289 33 1 
326 29 339 40 1 
556 293 571 311 1 
572 326 587 351 1 
464 334 477 348 1 
200 310 214 327 1 
2 138 16 150 1 
67 30 96 56 1 
54 45 81 67 1 
69 69 84 83 1 
74 96 92 111 1 
78 130 94 147 1 
6 43 21 55 1 
11 57 24 71 1 
29 1 46 8 1 
221 1 239 12 1 
516 296 532 308 1 
326 320 338 330 1 
252 218 270 230 1 
287 187 313 205 1 
358 127 373 142 1 
376 183 394 198 1 
381 198 398 212 1 
391 158 410 183 1 
394 147 411 160 1 
482 193 501 212 1 
468 179 481 199 1 
477 275 500 297 1 
238 111 254 125 1 
247 120 268 141 1 
57 324 70 336 1 
