401 0 475 67 1 
502 25 575 97 1 
9 183 43 216 1 
92 202 122 232 1 
314 122 355 163 1 
91 116 126 151 1 
93 57 102 67 1 
100 72 108 79 1 
89 80 95 89 1 
127 56 136 64 1 
143 58 153 67 1 
159 57 167 64 1 
164 95 172 103 1 
153 88 161 96 1 
118 88 130 100 1 
95 101 104 109 1 
96 110 102 117 1 
112 101 122 112 1 
121 108 131 118 1 
152 88 160 96 1 
163 94 168 103 1 
166 104 173 112 1 
145 104 154 113 1 
122 109 130 118 1 
100 113 109 123 1 
159 123 166 131 1 
104 161 114 170 1 
131 178 141 189 1 
144 183 154 191 1 
167 171 175 180 1 
171 181 178 188 1 
139 195 146 205 1 
162 217 172 228 1 
123 228 134 240 1 
90 200 115 229 1 
95 244 107 260 1 
146 252 155 264 1 
99 261 107 270 1 
124 292 139 306 1 
128 311 138 320 1 
165 217 174 228 1 
85 289 206 399 1 
157 1 168 9 1 
184 5 192 12 1 
201 0 210 7 1 
221 0 226 6 1 
221 18 229 26 1 
216 29 223 38 1 
186 36 200 52 1 
159 57 167 64 1 
225 56 234 65 1 
219 62 229 74 1 
220 86 229 95 1 
204 78 211 86 1 
183 76 190 82 1 
183 86 190 95 1 
154 89 160 95 1 
163 95 169 102 1 
166 106 172 112 1 
158 122 164 131 1 
204 78 212 86 1 
221 86 229 95 1 
233 94 244 107 1 
220 63 229 75 1 
206 119 214 128 1 
204 128 210 135 1 
159 122 166 132 1 
175 128 183 141 1 
215 148 223 156 1 
204 139 213 147 1 
204 139 213 147 1 
219 155 232 168 1 
214 173 223 182 1 
194 159 203 168 1 
167 171 175 179 1 
171 180 178 188 1 
185 178 198 191 1 
212 192 220 200 1 
221 190 228 198 1 
206 213 214 222 1 
184 216 192 225 1 
175 218 184 227 1 
163 217 174 228 1 
190 251 199 261 1 
173 269 183 279 1 
223 259 231 269 1 
208 270 218 280 1 
214 277 228 292 1 
205 287 213 297 1 
184 280 201 296 1 
201 312 214 327 1 
186 320 198 332 1 
197 346 209 357 1 
178 330 199 356 1 
208 375 218 384 1 
209 383 219 391 1 
215 391 225 401 1 
227 366 236 377 1 
227 366 236 377 1 
225 353 233 361 1 
227 322 236 333 1 
208 271 219 282 1 
214 278 227 292 1 
205 288 214 297 1 
203 315 215 327 1 
203 315 215 327 1 
215 252 222 259 1 
213 192 218 200 1 
205 190 211 198 1 
222 190 228 197 1 
222 190 228 197 1 
213 171 223 183 1 
220 156 232 170 1 
215 148 223 156 1 
203 126 211 135 1 
208 118 216 128 1 
261 1 270 7 1 
245 2 256 15 1 
239 4 245 11 1 
239 4 245 11 1 
217 29 222 37 1 
229 24 236 31 1 
240 29 247 38 1 
234 36 242 42 1 
263 2 269 8 1 
243 2 258 15 1 
264 40 271 47 1 
253 48 264 59 1 
235 44 243 52 1 
225 56 234 63 1 
220 63 231 74 1 
251 76 256 82 1 
256 78 263 86 1 
256 78 263 86 1 
238 78 248 87 1 
221 86 228 95 1 
232 96 243 106 1 
256 104 263 112 1 
258 111 268 121 1 
243 103 251 111 1 
246 110 254 119 1 
238 111 247 120 1 
238 111 247 120 1 
222 135 230 144 1 
233 137 241 146 1 
254 131 261 138 1 
263 154 270 162 1 
241 155 251 164 1 
219 155 234 169 1 
234 188 245 201 1 
243 173 252 182 1 
246 183 253 190 1 
254 182 262 189 1 
248 198 257 207 1 
264 184 273 193 1 
263 194 271 201 1 
242 241 258 261 1 
224 260 234 270 1 
213 275 229 294 1 
226 320 236 330 1 
239 314 250 324 1 
239 314 250 324 1 
247 347 262 362 1 
257 367 267 377 1 
257 367 267 377 1 
229 369 236 376 1 
236 359 247 370 1 
240 370 253 387 1 
256 378 264 388 1 
253 388 264 399 1 
236 384 246 396 1 
246 392 256 404 1 
266 184 272 192 1 
262 154 269 161 1 
254 130 261 138 1 
263 140 270 148 1 
256 103 263 112 1 
260 112 267 120 1 
266 107 274 116 1 
263 38 271 47 1 
263 0 271 7 1 
302 1 311 10 1 
318 8 324 16 1 
283 12 293 23 1 
268 8 275 14 1 
268 8 275 14 1 
301 18 306 25 1 
292 25 299 32 1 
292 25 299 32 1 
305 30 314 38 1 
302 38 310 46 1 
285 30 291 36 1 
273 34 284 43 1 
265 38 271 45 1 
285 40 292 49 1 
302 39 309 45 1 
313 51 322 59 1 
289 60 297 68 1 
272 57 278 66 1 
313 73 320 82 1 
295 89 304 98 1 
277 86 285 94 1 
287 88 297 97 1 
301 99 308 106 1 
306 112 315 123 1 
285 118 294 128 1 
271 127 280 136 1 
304 130 311 138 1 
307 130 321 151 1 
264 154 270 162 1 
309 169 321 180 1 
292 170 300 177 1 
282 169 290 177 1 
283 132 284 174 1 
266 183 272 191 1 
265 192 273 203 1 
279 206 288 215 1 
305 199 314 208 1 
280 206 288 214 1 
280 206 288 214 1 
310 219 318 228 1 
278 225 286 234 1 
274 245 281 253 1 
310 253 318 262 1 
321 255 336 274 1 
303 281 308 289 1 
286 289 293 298 1 
307 301 315 311 1 
317 301 324 312 1 
293 315 300 323 1 
276 305 284 312 1 
277 314 285 324 1 
315 322 324 332 1 
296 346 302 353 1 
288 347 294 354 1 
307 361 315 371 1 
318 376 326 386 1 
268 385 275 393 1 
278 391 287 400 1 
272 368 281 379 1 
259 366 267 377 1 
268 336 273 343 1 
276 339 284 345 1 
288 347 295 355 1 
297 346 304 353 1 
292 315 301 324 1 
277 314 285 324 1 
277 305 284 311 1 
286 289 292 298 1 
274 245 280 254 1 
277 225 285 234 1 
279 205 286 215 1 
281 170 287 178 1 
265 185 272 193 1 
286 118 294 129 1 
271 128 277 135 1 
280 112 288 121 1 
270 58 277 65 1 
284 41 294 51 1 
274 33 282 43 1 
283 15 292 24 1 
302 2 311 11 1 
335 1 344 8 1 
316 6 326 16 1 
319 18 338 38 1 
304 29 313 38 1 
304 39 311 45 1 
327 47 335 55 1 
330 47 345 63 1 
314 73 322 81 1 
334 73 343 82 1 
336 87 344 96 1 
337 94 344 103 1 
327 117 335 123 1 
337 116 345 128 1 
307 129 320 152 1 
315 127 344 156 1 
335 184 346 196 1 
306 199 313 208 1 
310 219 319 229 1 
309 252 318 262 1 
335 273 338 275 1 
341 264 349 274 1 
303 280 310 289 1 
307 300 317 311 1 
317 301 326 311 1 
315 321 326 331 1 
328 330 338 340 1 
329 346 338 355 1 
306 359 314 371 1 
327 364 338 377 1 
338 360 349 370 1 
319 376 327 387 1 
352 377 362 389 1 
368 4 374 13 1 
350 7 357 16 1 
350 19 359 27 1 
375 22 387 33 1 
386 21 392 28 1 
381 42 390 51 1 
369 50 377 59 1 
360 51 367 59 1 
346 60 359 72 1 
354 69 362 78 1 
366 74 376 87 1 
382 94 389 100 1 
356 81 369 98 1 
347 98 360 110 1 
364 103 378 118 1 
383 125 394 136 1 
367 131 378 143 1 
363 145 375 154 1 
379 140 388 151 1 
370 157 383 169 1 
376 148 385 158 1 
353 154 368 169 1 
346 174 355 183 1 
358 176 364 184 1 
349 181 356 189 1 
340 185 349 194 1 
361 195 374 209 1 
377 195 385 203 1 
390 197 400 206 1 
347 212 355 220 1 
363 215 374 225 1 
371 230 386 245 1 
387 236 395 247 1 
366 258 373 266 1 
371 268 378 277 1 
363 296 369 303 1 
355 299 362 307 1 
352 305 359 313 1 
362 310 370 318 1 
381 317 387 324 1 
360 325 368 332 1 
350 335 358 342 1 
381 346 391 356 1 
350 378 364 390 1 
378 24 388 35 1 
385 21 393 29 1 
403 29 418 45 1 
412 78 421 89 1 
413 89 422 100 1 
394 76 402 84 1 
382 92 390 101 1 
406 97 420 111 1 
387 91 402 112 1 
402 122 413 135 1 
390 137 404 152 1 
379 141 388 150 1 
403 192 413 203 1 
390 198 399 206 1 
411 195 420 203 1 
404 201 413 211 1 
397 213 407 222 1 
416 217 431 235 1 
399 222 409 230 1 
407 232 418 244 1 
388 237 396 247 1 
373 233 385 247 1 
393 271 404 287 1 
401 268 415 289 1 
422 261 429 268 1 
409 321 416 330 1 
413 316 425 333 1 
409 331 419 343 1 
382 345 389 355 1 
407 361 413 370 1 
417 363 426 371 1 
420 373 430 383 1 
399 374 407 382 1 
394 379 400 386 1 
399 386 408 394 1 
32 24 42 37 1 
11 7 17 12 1 
1 20 5 27 1 
0 30 10 38 1 
37 38 42 43 1 
38 47 45 53 1 
32 65 41 72 1 
34 87 41 94 1 
13 86 19 94 1 
1 83 6 89 1 
31 108 49 127 1 
30 149 34 155 1 
2 144 7 152 1 
28 149 36 156 1 
29 174 37 184 1 
0 175 8 187 1 
12 183 34 211 1 
1 219 8 228 1 
9 226 15 235 1 
15 239 20 246 1 
18 247 27 256 1 
23 242 29 248 1 
22 260 29 265 1 
23 277 29 287 1 
29 279 37 288 1 
24 266 31 275 1 
23 259 32 267 1 
9 315 15 323 1 
12 310 18 318 1 
17 358 25 367 1 
53 0 60 7 1 
83 0 90 8 1 
74 0 83 5 1 
83 0 92 8 1 
94 1 100 9 1 
84 14 89 21 1 
81 22 87 30 1 
31 25 41 37 1 
38 37 46 43 1 
104 35 113 46 1 
38 45 43 52 1 
48 47 56 54 1 
93 55 104 68 1 
33 65 40 74 1 
101 71 106 79 1 
80 74 89 82 1 
88 81 97 90 1 
33 66 41 73 1 
30 76 37 86 1 
36 80 43 87 1 
32 85 42 96 1 
42 92 52 100 1 
55 89 61 98 1 
64 99 72 109 1 
94 101 102 110 1 
33 109 49 129 1 
66 113 72 120 1 
97 108 103 117 1 
100 115 110 124 1 
96 101 102 108 1 
71 132 81 141 1 
30 150 37 157 1 
42 151 51 160 1 
77 148 85 157 1 
101 156 111 170 1 
70 163 80 171 1 
30 174 38 184 1 
47 184 54 193 1 
75 195 81 204 1 
82 196 90 206 1 
45 197 54 208 1 
54 202 62 210 1 
54 211 60 219 1 
91 206 112 229 1 
43 218 50 227 1 
62 231 69 238 1 
63 241 68 250 1 
93 246 108 260 1 
99 259 105 269 1 
28 282 39 290 1 
99 262 105 270 1 
59 294 65 302 1 
37 314 48 322 1 
68 318 74 328 1 
88 320 94 326 1 
65 328 73 337 1 
70 331 79 341 1 
82 342 91 353 1 
94 326 106 342 1 
65 350 73 360 1 
63 369 73 377 1 
55 356 68 377 1 
79 365 88 375 1 
41 371 47 378 1 
161 1 167 10 1 
148 0 157 6 1 
124 2 134 9 1 
95 1 100 10 1 
118 24 299 38 1 
111 24 118 33 1 
140 22 146 29 1 
104 36 114 45 1 
118 32 126 41 1 
94 57 104 67 1 
127 57 135 64 1 
127 57 135 64 1 
144 59 150 68 1 
159 58 168 67 1 
90 82 96 88 1 
118 88 129 98 1 
154 89 161 96 1 
162 94 171 101 1 
165 105 170 112 1 
137 110 143 117 1 
122 109 129 116 1 
113 103 121 113 1 
96 100 103 107 1 
96 110 102 117 1 
99 113 109 123 1 
159 123 166 131 1 
102 160 110 170 1 
140 154 146 164 1 
167 173 177 182 1 
132 178 140 187 1 
145 184 153 191 1 
140 195 147 206 1 
93 202 112 228 1 
128 210 135 218 1 
163 218 172 228 1 
121 229 134 241 1 
95 244 108 261 1 
147 252 158 265 1 
98 262 108 271 1 
134 270 142 277 1 
128 281 136 290 1 
124 290 136 306 1 
128 309 138 318 1 
128 309 138 318 1 
97 327 105 343 1 
112 327 122 340 1 
130 337 136 350 1 
132 328 141 337 1 
109 300 202 400 1 
145 253 157 266 1 
145 253 157 266 1 
198 1 213 6 1 
158 1 168 9 1 
182 4 194 14 1 
223 20 229 28 1 
216 28 225 36 1 
173 19 182 27 1 
184 39 202 54 1 
159 57 165 64 1 
184 76 191 83 1 
234 44 241 53 1 
221 63 229 75 1 
222 86 230 95 1 
182 86 191 96 1 
163 93 169 104 1 
159 122 168 133 1 
206 120 215 128 1 
203 127 213 133 1 
172 131 183 143 1 
223 136 230 144 1 
233 140 239 144 1 
174 131 182 140 1 
219 154 235 170 1 
188 180 199 191 1 
172 179 179 188 1 
235 186 246 201 1 
184 217 192 225 1 
163 218 172 228 1 
225 261 234 272 1 
214 279 226 293 1 
207 271 217 281 1 
188 278 200 296 1 
204 288 212 296 1 
202 316 214 330 1 
227 321 237 328 1 
210 375 215 383 1 
215 391 223 398 1 
262 0 270 6 1 
245 2 255 13 1 
285 13 292 22 1 
239 31 246 38 1 
273 35 281 42 1 
285 40 294 49 1 
234 43 240 53 1 
272 60 279 65 1 
239 80 246 86 1 
249 76 256 84 1 
233 97 243 109 1 
243 104 250 112 1 
240 111 246 119 1 
247 109 254 117 1 
257 104 263 112 1 
259 111 268 120 1 
280 111 290 120 1 
286 118 293 129 1 
272 127 278 134 1 
223 156 236 170 1 
241 155 250 164 1 
263 153 271 162 1 
242 171 252 184 1 
265 186 275 192 1 
282 170 288 178 1 
248 184 253 191 1 
248 197 254 206 1 
280 207 287 215 1 
241 244 257 260 1 
224 262 233 272 1 
422 126 433 138 1 
466 145 481 161 1 
440 239 456 255 1 
420 181 455 214 1 
408 234 420 244 1 
421 284 448 313 1 
412 315 427 331 1 
407 328 419 341 1 
0 0 0 0 1 
448 342 463 359 1 
457 371 469 385 1 
486 345 516 376 1 
481 316 491 325 1 
578 291 600 315 1 
542 286 563 309 1 
536 233 554 252 1 
537 164 555 185 1 
516 172 532 186 1 
501 202 524 227 1 
572 26 580 35 1 
585 34 591 42 1 
568 2 575 8 1 
578 68 586 77 1 
489 28 499 38 1 
451 51 458 59 1 
448 62 459 74 1 
450 163 459 173 1 
429 109 439 119 1 
434 94 442 103 1 
509 284 518 294 1 
