159 29 193 63 1 
521 335 563 377 1 
556 33 593 70 1 
523 28 555 59 1 
19 239 264 411 1 
256 354 292 387 1 
282 315 299 331 1 
306 341 322 354 1 
300 347 309 359 1 
7 367 18 379 1 
14 344 21 352 1 
348 328 359 339 1 
375 332 389 348 1 
398 349 409 362 1 
361 375 375 388 1 
386 382 401 399 1 
446 391 458 400 1 
463 369 479 384 1 
453 368 465 383 1 
478 349 489 360 1 
522 362 533 374 1 
514 366 526 379 1 
512 378 519 385 1 
535 372 546 384 1 
531 380 545 394 1 
578 369 591 384 1 
573 324 586 339 1 
550 315 571 336 1 
522 322 539 340 1 
546 292 565 312 1 
524 340 555 369 1 
573 258 598 285 1 
559 203 573 218 1 
585 200 595 210 1 
567 165 580 178 1 
564 138 576 149 1 
582 126 598 142 1 
562 114 578 130 1 
568 76 602 115 1 
553 34 598 76 1 
525 25 559 60 1 
514 45 529 59 1 
498 68 515 86 1 
417 55 434 70 1 
367 62 390 84 1 
351 40 364 53 1 
366 5 381 21 1 
324 47 336 60 1 
277 26 295 43 1 
250 6 270 24 1 
259 20 269 30 1 
264 31 273 40 1 
205 25 219 41 1 
191 54 215 78 1 
254 101 270 119 1 
287 120 309 144 1 
305 166 325 188 1 
273 195 288 211 1 
158 25 198 67 1 
147 71 168 93 1 
147 142 169 164 1 
145 131 158 144 1 
96 118 112 134 1 
98 129 109 140 1 
42 129 65 151 1 
35 128 48 141 1 
34 53 44 65 1 
12 52 24 66 1 
18 13 29 26 1 
16 30 28 43 1 
24 40 34 49 1 
0 26 11 37 1 
97 11 106 21 1 
106 2 120 13 1 
251 7 268 22 1 
20 101 39 120 1 
39 98 48 107 1 
41 177 60 195 1 
58 225 73 241 1 
35 71 44 81 1 
45 93 74 117 1 
38 99 46 108 1 
100 86 116 103 1 
97 67 119 87 1 
94 58 108 72 1 
137 24 149 38 1 
126 42 136 53 1 
406 282 425 299 1 
426 268 448 289 1 
340 270 357 287 1 
369 168 392 190 1 
478 196 493 212 1 
518 257 533 274 1 
462 280 474 291 1 
494 268 504 280 1 
492 308 586 399 1 
490 123 507 139 1 
450 95 462 106 1 
377 126 391 141 1 
368 169 392 191 1 
240 254 258 271 1 
311 216 331 235 1 
326 202 348 224 1 
280 112 290 123 1 
249 126 263 141 1 
303 55 314 67 1 
186 257 197 269 1 
162 202 173 214 1 
144 202 158 216 1 
119 171 132 184 1 
80 202 97 219 1 
99 148 108 159 1 
89 148 98 157 1 
58 83 66 92 1 
110 54 120 65 1 
195 132 206 144 1 
213 113 227 127 1 
217 101 228 115 1 
248 127 261 140 1 
279 110 291 123 1 
304 55 315 67 1 
417 13 427 24 1 
562 28 571 37 1 
541 20 550 28 1 
528 202 538 213 1 
583 237 591 246 1 
402 173 416 187 1 
423 135 436 149 1 
472 233 483 244 1 
520 170 531 182 1 
533 166 546 178 1 
223 213 234 225 1 
239 210 247 219 1 
271 218 285 232 1 
221 41 231 51 1 
217 52 228 64 1 
500 1 508 10 1 
150 0 200 19 1 
472 234 481 244 1 
99 184 113 197 1 
124 100 149 125 1 
132 118 141 127 1 
134 127 141 136 1 
126 97 135 106 1 
263 326 281 344 1 
307 313 318 324 1 
588 300 598 312 1 
402 250 412 260 1 
275 77 284 87 1 
161 224 171 235 1 
148 226 157 235 1 
70 247 83 261 1 
66 279 80 294 1 
430 5 441 16 1 
209 248 218 259 1 
71 141 83 153 1 
