198 63 278 142 1 
303 131 326 156 1 
202 77 258 129 1 
369 90 390 110 1 
182 215 222 256 1 
294 245 319 274 1 
276 275 298 298 1 
329 316 353 340 1 
368 254 381 271 1 
354 286 367 299 1 
395 132 424 158 1 
346 149 366 164 1 
325 162 346 181 1 
293 166 320 190 1 
550 101 576 128 1 
543 46 558 62 1 
521 81 532 95 1 
539 139 553 155 1 
453 131 466 141 1 
430 89 445 102 1 
440 121 451 132 1 
446 145 454 152 1 
388 180 406 196 1 
413 176 426 187 1 
108 6 130 23 1 
31 120 55 144 1 
7 152 24 170 1 
9 201 30 226 1 
84 214 102 233 1 
16 289 36 307 1 
154 269 170 283 1 
240 254 258 272 1 
235 228 250 244 1 
227 213 238 228 1 
251 167 270 187 1 
244 136 257 148 1 
202 49 214 62 1 
227 63 243 75 1 
305 8 322 24 1 
293 5 310 21 1 
483 91 493 102 1 
405 27 420 43 1 
365 45 373 56 1 
376 55 390 70 1 
384 47 393 58 1 
568 230 581 244 1 
545 298 567 320 1 
477 291 495 306 1 
511 337 532 361 1 
388 340 423 363 1 
381 342 395 356 1 
367 337 379 348 1 
371 300 385 312 1 
364 319 383 334 1 
430 334 441 347 1 
440 332 452 344 1 
455 251 467 261 1 
485 266 497 277 1 
527 263 541 273 1 
536 198 553 210 1 
563 198 576 209 1 
277 226 295 243 1 
359 23 375 36 1 
302 37 316 53 1 
324 73 338 85 1 
329 102 346 123 1 
330 31 339 42 1 
319 250 334 263 1 
320 271 332 283 1 
336 272 346 281 1 
339 281 348 293 1 
324 308 335 321 1 
279 349 304 365 1 
341 297 353 310 1 
419 9 429 21 1 
117 20 132 35 1 
125 33 135 44 1 
135 14 145 27 1 
136 64 150 77 1 
