228 117 346 235 1 
91 91 214 214 1 
0 90 63 156 1 
339 355 365 381 1 
408 139 441 171 1 
413 92 440 118 1 
18 241 47 270 1 
560 166 594 200 1 
79 317 132 370 1 
413 87 443 115 1 
434 66 459 88 1 
244 128 359 242 1 
402 134 449 180 1 
4 89 69 156 1 
96 90 218 220 1 
165 178 191 206 1 
168 97 197 125 1 
99 46 118 67 1 
89 9 109 26 1 
28 19 54 37 1 
13 0 36 16 1 
202 6 291 72 1 
66 314 122 364 1 
220 333 248 360 1 
274 326 294 343 1 
398 286 419 309 1 
412 333 432 357 1 
386 343 401 358 1 
459 337 473 352 1 
362 305 377 323 1 
384 264 398 280 1 
386 197 404 218 1 
369 108 386 126 1 
385 108 402 125 1 
372 91 384 104 1 
389 91 400 101 1 
418 24 433 40 1 
373 48 385 63 1 
265 73 283 87 1 
257 60 272 74 1 
207 68 225 85 1 
130 48 148 69 1 
76 120 89 133 1 
21 147 42 167 1 
57 161 77 172 1 
46 137 58 148 1 
69 196 85 214 1 
27 196 47 218 1 
16 240 39 266 1 
39 274 74 303 1 
98 271 118 288 1 
140 242 157 260 1 
167 230 180 246 1 
184 230 198 250 1 
185 257 201 274 1 
169 325 184 343 1 
211 310 234 331 1 
308 229 323 242 1 
543 43 560 61 1 
550 165 563 180 1 
457 39 470 53 1 
261 102 280 119 1 
210 133 227 151 1 
482 330 499 348 1 
426 252 444 264 1 
406 240 426 258 1 
351 239 366 251 1 
290 43 301 55 1 
300 62 311 77 1 
340 15 351 26 1 
409 1 426 11 1 
484 14 500 25 1 
498 292 511 306 1 
429 216 444 230 1 
480 179 498 196 1 
460 124 474 137 1 
548 1 565 15 1 
545 97 564 117 1 
