256 0 297 23 1 
471 178 501 207 1 
496 266 524 294 1 
439 313 469 343 1 
142 201 180 239 1 
467 176 504 207 1 
445 139 471 170 1 
464 98 479 116 1 
483 99 501 119 1 
442 313 471 339 1 
435 346 464 379 1 
550 249 569 268 1 
536 271 558 294 1 
176 325 202 348 1 
165 370 188 391 1 
283 290 306 315 1 
269 360 287 380 1 
289 341 312 366 1 
307 360 332 386 1 
322 305 341 330 1 
341 299 358 320 1 
313 242 334 262 1 
277 198 299 219 1 
182 234 201 252 1 
198 247 220 269 1 
225 220 242 239 1 
249 247 260 264 1 
252 301 270 319 1 
100 282 119 303 1 
106 313 120 327 1 
40 298 60 320 1 
45 338 58 356 1 
61 335 77 354 1 
123 234 141 258 1 
149 167 165 190 1 
168 161 184 178 1 
40 98 62 120 1 
75 25 100 47 1 
154 65 173 84 1 
214 38 232 57 1 
196 11 215 32 1 
135 0 148 16 1 
124 41 138 51 1 
138 46 148 60 1 
216 85 228 94 1 
125 141 137 158 1 
82 134 95 148 1 
88 205 104 221 1 
49 231 62 244 1 
205 181 217 195 1 
287 256 301 273 1 
267 264 281 278 1 
216 382 232 399 1 
332 137 345 151 1 
395 106 410 122 1 
389 124 402 137 1 
385 136 400 155 1 
403 60 420 77 1 
401 87 422 111 1 
552 154 566 172 1 
533 168 548 183 1 
555 220 573 236 1 
563 199 570 207 1 
585 213 597 225 1 
184 70 194 82 1 
168 23 181 37 1 
152 34 165 44 1 
173 206 191 223 1 
149 286 170 304 1 
148 333 161 348 1 
195 297 208 310 1 
197 311 208 323 1 
245 172 261 184 1 
221 199 231 214 1 
237 128 249 143 1 
118 121 134 134 1 
121 102 135 117 1 
272 73 290 89 1 
251 51 266 65 1 
266 382 275 393 1 
282 389 291 400 1 
488 379 498 393 1 
507 390 516 400 1 
555 364 564 379 1 
570 293 584 308 1 
126 386 138 399 1 
62 181 76 195 1 
55 0 66 14 1 
0 22 13 33 1 
309 56 325 74 1 
339 96 355 115 1 
368 112 385 135 1 
357 277 373 293 1 
308 292 322 308 1 
301 107 314 116 1 
165 123 177 134 1 
250 0 303 28 1 
361 23 371 37 1 
372 24 383 37 1 
472 12 484 26 1 
284 169 306 194 1 
515 303 537 321 1 
72 214 82 223 1 
88 243 102 253 1 
38 169 55 182 1 
33 51 47 65 1 
191 266 208 280 1 
221 129 233 143 1 
91 87 109 103 1 
179 142 190 153 1 
394 331 409 348 1 
