553 192 588 227 1 
433 287 459 313 1 
333 289 360 316 1 
0 5 38 55 1 
213 0 252 23 1 
0 4 50 60 1 
66 228 92 253 1 
269 273 288 292 1 
331 284 369 322 1 
432 283 464 315 1 
432 118 457 143 1 
197 104 224 131 1 
33 134 55 157 1 
7 65 29 88 1 
269 37 290 57 1 
86 1 108 22 1 
30 100 52 121 1 
63 99 80 118 1 
84 121 103 140 1 
102 58 121 77 1 
101 79 116 94 1 
125 101 146 122 1 
117 95 131 109 1 
128 144 147 163 1 
48 221 61 234 1 
295 106 318 128 1 
220 141 241 162 1 
212 73 232 94 1 
212 0 251 27 1 
167 59 183 75 1 
189 44 203 58 1 
173 41 186 54 1 
71 305 86 320 1 
365 128 380 142 1 
379 128 396 143 1 
470 262 500 292 1 
487 195 520 229 1 
550 189 584 232 1 
513 66 535 90 1 
539 124 568 154 1 
548 98 577 126 1 
336 215 356 234 1 
347 241 369 264 1 
348 60 366 78 1 
311 15 327 31 1 
447 27 469 48 1 
127 302 139 315 1 
156 159 172 175 1 
357 163 374 181 1 
465 142 488 167 1 
497 157 519 179 1 
567 50 585 73 1 
557 12 574 32 1 
182 173 197 188 1 
258 240 273 255 1 
419 98 432 111 1 
379 274 394 290 1 
286 165 300 179 1 
534 255 551 272 1 
