512 147 557 192 1 
97 135 129 167 1 
0 0 73 54 1 
511 142 560 196 1 
88 134 135 168 1 
172 224 206 254 1 
212 278 236 300 1 
188 140 214 160 1 
101 73 128 94 1 
23 302 51 323 1 
10 330 46 359 1 
291 160 318 190 1 
247 208 274 230 1 
338 256 363 286 1 
308 329 332 355 1 
229 137 254 160 1 
0 0 82 66 1 
484 218 524 254 1 
500 266 525 286 1 
272 169 292 194 1 
208 152 231 172 1 
105 268 129 292 1 
168 290 189 311 1 
344 135 366 156 1 
396 300 417 320 1 
514 4 547 23 1 
554 85 572 104 1 
382 153 393 165 1 
535 43 548 56 1 
404 324 418 340 1 
345 177 358 191 1 
245 228 259 244 1 
252 240 263 252 1 
248 320 260 332 1 
381 284 393 298 1 
374 180 388 194 1 
541 63 556 77 1 
290 215 307 234 1 
339 320 352 336 1 
314 285 329 300 1 
213 200 229 218 1 
