388 196 434 241 1 
417 341 450 374 1 
16 79 194 257 1 
283 31 310 57 1 
215 33 243 61 1 
144 71 174 100 1 
37 117 151 218 1 
208 260 229 282 1 
254 190 279 211 1 
113 200 130 219 1 
17 240 29 255 1 
16 223 31 238 1 
118 40 140 62 1 
144 72 177 104 1 
274 0 296 17 1 
267 22 286 41 1 
280 29 306 55 1 
323 55 342 73 1 
387 197 431 237 1 
529 259 585 333 1 
471 145 495 168 1 
403 58 422 76 1 
402 118 423 135 1 
406 131 423 146 1 
480 36 494 53 1 
515 73 530 91 1 
452 111 469 127 1 
442 137 456 153 1 
382 158 409 184 1 
434 188 448 204 1 
517 8 532 28 1 
478 84 505 110 1 
249 230 260 242 1 
255 214 267 226 1 
256 118 273 135 1 
189 134 203 147 1 
45 346 61 360 1 
119 3 138 23 1 
437 41 449 51 1 
459 2 470 13 1 
500 190 512 205 1 
337 312 348 323 1 
266 233 275 244 1 
281 223 293 236 1 
522 231 536 246 1 
457 215 469 232 1 
501 159 507 168 1 
557 66 566 77 1 
307 106 322 125 1 
311 75 329 95 1 
339 76 356 95 1 
384 110 398 125 1 
384 82 396 94 1 
403 80 415 90 1 
233 138 253 156 1 
234 203 252 221 1 
234 265 246 280 1 
150 213 163 225 1 
342 177 361 193 1 
351 238 370 256 1 
516 115 537 138 1 
