223 331 287 395 1 
297 198 326 227 1 
144 259 171 286 1 
513 203 548 238 1 
445 168 470 194 1 
344 307 386 349 1 
295 192 335 231 1 
443 164 474 197 1 
33 206 62 235 1 
161 217 187 243 1 
145 254 181 290 1 
350 296 368 315 1 
451 100 479 128 1 
266 15 289 38 1 
250 16 270 36 1 
231 35 249 53 1 
77 61 99 83 1 
59 56 81 78 1 
3 189 23 209 1 
10 299 28 318 1 
22 0 49 19 1 
245 192 260 207 1 
444 41 467 63 1 
17 260 36 280 1 
132 311 146 325 1 
304 301 320 317 1 
462 259 482 278 1 
420 274 443 297 1 
348 275 364 291 1 
316 258 330 272 1 
315 276 330 291 1 
389 243 402 257 1 
376 248 396 267 1 
388 132 405 150 1 
170 287 187 304 1 
276 96 291 111 1 
237 115 249 127 1 
201 107 215 121 1 
129 179 142 193 1 
44 306 60 322 1 
17 343 36 360 1 
108 70 124 85 1 
383 46 401 65 1 
394 82 411 101 1 
500 106 520 127 1 
540 3 563 24 1 
459 7 481 34 1 
438 230 457 248 1 
418 230 435 247 1 
517 307 535 325 1 
425 342 445 361 1 
98 107 114 123 1 
221 9 241 30 1 
340 86 355 101 1 
187 171 204 188 1 
197 0 215 14 1 
91 35 105 49 1 
406 156 419 169 1 
480 23 498 41 1 
491 86 511 106 1 
502 239 519 259 1 
339 207 359 227 1 
280 339 297 356 1 
522 151 540 171 1 
566 240 587 263 1 
541 123 556 138 1 
297 120 311 133 1 
386 10 401 24 1 
319 82 332 97 1 
199 334 220 355 1 
158 29 173 47 1 
35 135 51 152 1 
507 29 520 44 1 
462 64 481 84 1 
426 100 444 118 1 
527 92 544 109 1 
187 278 216 304 1 
222 263 237 278 1 
324 12 341 29 1 
466 318 487 339 1 
480 324 504 348 1 
498 333 515 349 1 
324 35 338 50 1 
139 188 156 205 1 
141 108 157 124 1 
196 195 209 208 1 
494 57 508 71 1 
543 143 568 168 1 
277 312 292 327 1 
186 121 198 133 1 
145 30 159 44 1 
265 191 291 217 1 
208 148 229 171 1 
138 241 157 259 1 
521 60 535 74 1 
58 292 75 309 1 
68 349 86 363 1 
0 88 11 104 1 
353 87 369 101 1 
369 154 384 170 1 
165 96 179 110 1 
256 324 272 340 1 
