71 181 175 285 1 
311 29 345 64 1 
335 275 365 306 1 
250 298 276 323 1 
5 61 67 123 1 
9 141 64 195 1 
461 200 521 259 1 
448 35 481 67 1 
168 198 192 224 1 
242 245 266 269 1 
250 292 281 325 1 
334 270 373 309 1 
311 27 348 64 1 
316 163 345 192 1 
363 238 385 260 1 
501 292 531 322 1 
494 104 525 135 1 
485 40 514 69 1 
449 32 484 68 1 
524 5 542 24 1 
160 75 184 99 1 
187 40 211 63 1 
312 99 332 119 1 
381 114 402 135 1 
436 116 454 134 1 
388 62 414 88 1 
406 90 421 105 1 
386 15 402 29 1 
48 11 71 34 1 
15 135 33 153 1 
8 165 22 180 1 
18 208 38 228 1 
58 243 79 263 1 
10 280 28 299 1 
19 306 36 323 1 
9 312 24 327 1 
212 180 234 203 1 
310 220 337 248 1 
332 219 352 240 1 
415 305 438 328 1 
461 290 483 318 1 
524 230 546 252 1 
538 241 554 256 1 
459 343 483 364 1 
479 200 495 217 1 
468 181 484 197 1 
279 157 297 175 1 
521 202 543 224 1 
529 164 547 182 1 
508 165 525 184 1 
256 82 276 101 1 
262 95 281 114 1 
285 135 302 151 1 
369 39 390 60 1 
404 273 433 302 1 
89 116 108 136 1 
57 178 75 196 1 
29 243 43 258 1 
46 323 66 342 1 
179 146 201 163 1 
368 147 387 167 1 
269 215 287 233 1 
104 44 120 60 1 
91 0 112 19 1 
292 8 322 36 1 
190 239 207 257 1 
282 256 299 274 1 
265 323 279 337 1 
388 248 405 266 1 
378 263 393 279 1 
205 118 220 133 1 
497 137 513 152 1 
123 27 142 44 1 
72 50 87 65 1 
123 71 135 83 1 
255 137 268 150 1 
237 70 258 92 1 
146 5 164 22 1 
29 117 49 136 1 
