7 27 55 74 1 
20 75 62 117 1 
406 107 453 155 1 
316 294 344 322 1 
259 338 291 369 1 
456 328 496 367 1 
164 68 205 109 1 
316 37 389 110 1 
6 35 49 70 1 
18 76 54 114 1 
95 25 116 50 1 
119 110 140 131 1 
163 75 189 106 1 
203 121 229 148 1 
406 104 455 158 1 
337 29 359 50 1 
397 207 423 235 1 
333 231 353 251 1 
316 292 343 319 1 
453 327 493 364 1 
458 249 476 274 1 
499 13 518 37 1 
459 24 481 44 1 
24 257 51 283 1 
0 292 16 313 1 
21 322 35 340 1 
79 211 103 232 1 
148 228 176 253 1 
147 183 166 194 1 
188 293 201 308 1 
135 294 149 304 1 
158 331 179 356 1 
256 341 284 362 1 
248 275 269 296 1 
225 44 242 65 1 
209 82 222 104 1 
227 88 241 106 1 
374 26 383 32 1 
435 20 452 40 1 
307 66 332 93 1 
307 39 327 60 1 
190 164 206 183 1 
184 230 200 248 1 
209 211 222 231 1 
233 188 243 199 1 
259 192 274 207 1 
280 199 289 216 1 
275 201 287 215 1 
313 99 324 110 1 
303 132 315 147 1 
304 158 318 171 1 
320 180 330 191 1 
517 21 532 36 1 
486 105 501 117 1 
505 91 521 109 1 
501 126 516 145 1 
519 59 531 73 1 
556 24 572 41 1 
484 306 500 322 1 
492 259 509 275 1 
408 340 421 354 1 
408 278 419 290 1 
431 263 449 278 1 
347 97 362 114 1 
366 123 379 139 1 
73 317 85 331 1 
155 291 172 304 1 
215 251 235 267 1 
248 71 262 81 1 
129 78 142 91 1 
110 89 117 99 1 
92 89 104 102 1 
346 10 358 21 1 
184 108 192 119 1 
166 128 177 141 1 
