250 300 283 332 1 
211 136 237 162 1 
43 105 76 138 1 
372 80 426 134 1 
275 185 300 205 1 
84 367 103 385 1 
346 19 366 39 1 
95 16 110 28 1 
116 65 137 87 1 
114 328 127 342 1 
428 185 450 209 1 
39 102 78 142 1 
209 133 239 162 1 
249 298 286 334 1 
243 39 272 64 1 
70 58 89 74 1 
102 222 123 242 1 
125 262 154 287 1 
166 270 189 293 1 
197 246 216 262 1 
42 380 74 400 1 
27 241 41 258 1 
65 215 81 232 1 
38 57 57 76 1 
94 60 110 76 1 
199 81 218 99 1 
206 89 225 106 1 
229 100 250 122 1 
356 246 382 269 1 
361 183 387 206 1 
15 94 50 129 1 
76 337 93 353 1 
93 346 108 362 1 
96 251 108 263 1 
112 241 126 254 1 
300 179 318 197 1 
283 164 298 179 1 
141 172 156 189 1 
139 204 154 219 1 
177 13 192 26 1 
206 11 220 25 1 
221 58 243 77 1 
153 52 165 63 1 
450 97 466 111 1 
459 51 489 77 1 
287 39 303 58 1 
315 255 336 273 1 
213 368 229 382 1 
112 349 128 363 1 
157 143 173 158 1 
563 327 586 347 1 
346 284 373 306 1 
397 203 424 229 1 
371 139 387 153 1 
88 305 104 321 1 
1 280 12 296 1 
14 284 28 299 1 
542 337 561 357 1 
391 285 410 303 1 
522 61 538 77 1 
467 190 487 209 1 
401 126 415 138 1 
132 36 145 48 1 
63 184 75 198 1 
235 341 248 354 1 
221 204 235 219 1 
323 36 334 47 1 
325 47 337 58 1 
323 59 336 71 1 
60 0 87 18 1 
557 187 575 203 1 
581 59 600 82 1 
563 54 582 72 1 
564 16 583 29 1 
525 291 542 309 1 
506 275 522 287 1 
441 304 459 320 1 
343 187 359 206 1 
528 381 545 396 1 
340 118 361 134 1 
134 358 150 375 1 
560 319 580 337 1 
573 347 595 370 1 
118 174 134 189 1 
455 134 470 148 1 
310 89 324 101 1 
205 36 218 49 1 
45 269 56 282 1 
97 272 109 284 1 
355 366 374 381 1 
322 368 335 379 1 
514 189 526 200 1 
471 22 484 34 1 
293 85 304 97 1 
181 57 192 67 1 
520 104 535 116 1 
584 188 600 207 1 
