91 174 143 227 1 
284 277 313 306 1 
19 172 49 202 1 
194 86 223 115 1 
387 92 446 151 1 
341 102 594 312 1 
394 97 446 137 1 
437 87 460 111 1 
533 254 558 276 1 
528 212 550 233 1 
438 322 458 345 1 
523 380 543 400 1 
274 163 296 184 1 
284 277 316 308 1 
185 266 205 286 1 
442 73 453 81 1 
568 106 581 118 1 
399 375 413 388 1 
400 385 419 400 1 
194 84 225 115 1 
131 69 152 94 1 
80 122 100 144 1 
98 255 120 276 1 
121 248 134 262 1 
136 240 151 254 1 
64 302 78 315 1 
249 158 272 178 1 
255 113 275 132 1 
249 137 269 157 1 
271 87 282 99 1 
17 170 50 202 1 
0 97 25 122 1 
26 99 40 114 1 
0 147 16 169 1 
15 124 37 146 1 
6 0 29 15 1 
7 25 20 37 1 
269 264 289 285 1 
212 15 225 29 1 
265 48 279 59 1 
248 89 261 104 1 
238 95 252 108 1 
186 148 199 161 1 
266 232 280 242 1 
114 347 126 359 1 
172 367 186 380 1 
333 138 347 151 1 
553 392 566 400 1 
414 42 425 53 1 
35 57 51 71 1 
41 18 51 30 1 
173 57 185 69 1 
149 359 164 372 1 
489 69 506 83 1 
161 210 178 226 1 
20 379 34 393 1 
301 94 311 104 1 
119 160 130 174 1 
133 150 144 160 1 
162 144 173 155 1 
139 48 149 59 1 
133 287 144 300 1 
123 271 141 287 1 
155 315 167 325 1 
134 326 144 336 1 
154 306 164 316 1 
162 290 172 301 1 
67 175 78 184 1 
117 33 130 44 1 
106 10 122 23 1 
490 323 508 341 1 
470 295 483 307 1 
370 98 388 114 1 
383 110 394 121 1 
366 123 377 133 1 
260 9 274 23 1 
