381 199 433 251 1 
292 83 335 127 1 
234 0 332 82 1 
295 289 329 323 1 
38 358 67 387 1 
186 77 220 112 1 
393 0 424 20 1 
210 196 237 223 1 
5 49 33 77 1 
129 211 154 237 1 
30 13 39 23 1 
46 0 52 6 1 
65 5 70 11 1 
68 8 77 15 1 
74 14 83 21 1 
56 27 66 38 1 
12 38 34 74 1 
31 52 41 62 1 
70 64 79 73 1 
48 88 62 105 1 
27 149 48 170 1 
78 215 96 233 1 
41 257 51 269 1 
49 265 56 274 1 
43 273 53 283 1 
26 289 32 297 1 
46 310 54 318 1 
17 310 25 319 1 
21 340 29 348 1 
49 347 59 357 1 
94 37 105 48 1 
88 54 106 70 1 
105 78 127 97 1 
113 99 123 106 1 
136 116 148 127 1 
73 136 86 148 1 
89 139 102 150 1 
104 149 116 160 1 
122 166 135 178 1 
127 197 142 210 1 
133 216 153 234 1 
64 253 72 263 1 
72 250 80 260 1 
84 244 90 252 1 
105 246 112 255 1 
81 266 89 274 1 
83 299 92 310 1 
82 352 94 364 1 
116 298 123 308 1 
114 322 194 366 1 
203 289 217 302 1 
181 247 190 258 1 
145 237 155 247 1 
151 175 164 187 1 
173 155 183 168 1 
167 118 184 132 1 
194 119 208 132 1 
185 122 196 132 1 
165 86 172 96 1 
128 47 136 54 1 
138 50 144 59 1 
149 27 164 46 1 
170 36 180 46 1 
174 2 186 18 1 
151 2 159 10 1 
146 15 155 23 1 
198 18 206 28 1 
197 36 214 56 1 
206 62 213 71 1 
215 68 224 76 1 
222 47 231 56 1 
228 58 239 69 1 
181 62 189 71 1 
218 140 227 148 1 
239 135 250 146 1 
227 147 238 157 1 
222 161 241 179 1 
187 183 198 193 1 
181 200 190 210 1 
226 185 236 194 1 
200 247 210 255 1 
199 264 210 273 1 
217 270 226 281 1 
222 256 234 270 1 
240 8 265 32 1 
250 1 304 61 1 
297 1 309 17 1 
326 1 336 10 1 
264 64 281 81 1 
282 91 288 99 1 
316 66 323 76 1 
327 66 336 75 1 
295 83 335 128 1 
288 219 305 238 1 
303 213 311 223 1 
314 207 324 217 1 
369 152 381 165 1 
372 122 383 133 1 
361 87 371 100 1 
295 291 319 316 1 
313 252 323 261 1 
333 295 341 303 1 
374 272 386 283 1 
388 284 397 293 1 
372 317 382 325 1 
349 334 359 345 1 
339 347 349 356 1 
239 328 248 337 1 
222 311 232 320 1 
311 232 321 244 1 
332 226 339 233 1 
340 217 348 225 1 
374 194 382 203 1 
288 132 299 141 1 
383 28 392 38 1 
388 39 400 49 1 
384 75 393 86 1 
406 98 419 111 1 
428 113 440 123 1 
400 144 411 153 1 
417 165 425 174 1 
380 210 413 239 1 
447 294 458 306 1 
443 312 453 321 1 
456 290 465 297 1 
424 290 433 300 1 
425 278 432 286 1 
402 325 410 336 1 
439 190 452 204 1 
437 228 444 235 1 
440 238 448 246 1 
479 226 491 237 1 
471 241 480 249 1 
466 192 474 199 1 
459 173 464 182 1 
461 164 469 173 1 
478 167 487 176 1 
490 155 501 168 1 
510 150 522 162 1 
500 97 521 117 1 
505 81 513 91 1 
446 90 454 97 1 
426 47 434 54 1 
391 0 423 23 1 
438 29 452 42 1 
449 40 458 50 1 
455 29 463 35 1 
551 14 562 24 1 
554 3 562 11 1 
541 53 551 62 1 
550 144 561 155 1 
572 139 581 149 1 
562 167 574 180 1 
555 200 568 212 1 
548 201 584 325 1 
530 292 543 302 1 
545 331 570 365 1 
500 324 510 334 1 
495 294 505 303 1 
490 276 504 291 1 
512 265 524 281 1 
529 243 539 253 1 
493 178 506 192 1 
513 177 529 194 1 
531 190 539 200 1 
547 178 557 190 1 
531 177 541 186 1 
496 196 505 203 1 
483 122 490 132 1 
14 103 21 112 1 
68 382 76 391 1 
8 390 15 397 1 
490 378 502 392 1 
516 382 529 396 1 
440 372 447 379 1 
475 385 484 394 1 
356 376 364 383 1 
386 362 395 371 1 
