263 0 415 87 1 
512 131 560 179 1 
399 180 425 206 1 
439 233 467 259 1 
393 175 429 209 1 
402 321 430 343 1 
286 327 364 396 1 
240 0 383 93 1 
123 257 142 276 1 
38 186 59 205 1 
21 367 43 386 1 
565 370 590 389 1 
556 345 580 369 1 
507 130 550 171 1 
172 211 195 227 1 
171 314 193 336 1 
200 316 212 333 1 
216 354 235 374 1 
193 358 212 375 1 
199 262 216 276 1 
75 89 93 105 1 
344 283 361 299 1 
318 288 336 304 1 
264 364 282 378 1 
123 83 141 97 1 
92 66 113 84 1 
8 47 29 70 1 
418 103 443 123 1 
76 314 90 330 1 
7 274 24 294 1 
4 250 17 265 1 
28 262 46 277 1 
81 238 96 253 1 
64 209 86 224 1 
382 269 406 285 1 
557 79 576 97 1 
479 385 496 400 1 
48 117 79 137 1 
38 74 56 87 1 
241 15 260 34 1 
