246 121 299 173 1 
301 282 343 324 1 
119 33 155 68 1 
173 151 201 179 1 
243 120 294 171 1 
167 149 198 178 1 
121 33 156 69 1 
87 85 116 113 1 
52 64 66 82 1 
69 48 90 64 1 
239 249 270 282 1 
203 218 214 235 1 
297 284 338 323 1 
432 210 456 233 1 
518 265 547 294 1 
538 202 556 227 1 
500 75 522 96 1 
302 131 316 143 1 
300 144 313 155 1 
230 186 242 199 1 
212 169 223 182 1 
188 126 199 138 1 
403 271 419 285 1 
321 339 340 363 1 
256 312 270 329 1 
320 165 332 179 1 
364 136 373 148 1 
345 139 354 148 1 
373 158 383 168 1 
372 172 385 184 1 
453 169 469 178 1 
452 109 462 121 1 
477 100 483 112 1 
569 251 584 272 1 
563 228 576 241 1 
568 218 581 230 1 
469 219 481 233 1 
529 11 542 23 1 
535 5 545 13 1 
383 39 394 51 1 
191 8 204 18 1 
134 170 143 181 1 
