160 119 227 187 1 
467 124 504 161 1 
520 331 552 363 1 
96 299 132 335 1 
550 294 576 320 1 
163 118 235 188 1 
464 123 511 166 1 
482 93 508 124 1 
518 329 555 364 1 
492 365 519 387 1 
461 318 484 340 1 
428 219 458 247 1 
383 246 415 270 1 
399 277 424 304 1 
548 293 574 319 1 
552 168 575 191 1 
559 60 579 82 1 
196 249 220 276 1 
174 361 229 400 1 
46 372 66 390 1 
97 294 137 331 1 
43 128 60 144 1 
110 63 128 82 1 
255 38 283 66 1 
332 98 349 118 1 
385 109 424 147 1 
356 205 379 223 1 
296 134 323 158 1 
321 163 339 181 1 
311 212 323 226 1 
258 171 275 186 1 
250 189 271 208 1 
272 203 289 220 1 
41 199 55 215 1 
521 1 539 19 1 
378 5 391 18 1 
84 7 103 27 1 
82 69 101 88 1 
63 75 80 93 1 
0 81 14 99 1 
139 251 163 271 1 
135 272 158 288 1 
163 242 180 259 1 
151 234 163 245 1 
112 361 127 376 1 
69 347 82 360 1 
427 72 454 104 1 
62 221 81 240 1 
80 216 94 229 1 
90 233 104 244 1 
101 230 117 242 1 
116 222 128 234 1 
50 264 62 278 1 
29 269 42 281 1 
52 312 67 329 1 
66 296 78 310 1 
11 286 27 302 1 
111 335 120 346 1 
93 247 129 283 1 
116 103 131 118 1 
184 69 198 83 1 
204 87 222 101 1 
200 33 217 49 1 
197 51 212 64 1 
129 8 158 40 1 
372 20 391 36 1 
472 56 490 74 1 
483 30 498 44 1 
494 313 509 327 1 
495 166 511 182 1 
475 182 496 200 1 
465 165 487 180 1 
457 177 473 186 1 
414 174 429 186 1 
497 289 517 307 1 
482 293 501 308 1 
476 273 494 289 1 
579 202 598 223 1 
584 286 598 300 1 
584 301 596 315 1 
580 319 594 333 1 
509 207 527 226 1 
388 301 407 321 1 
380 276 395 296 1 
318 271 335 287 1 
287 268 310 283 1 
225 271 240 289 1 
230 249 244 267 1 
237 237 253 249 1 
126 187 140 199 1 
291 80 311 96 1 
297 97 318 118 1 
517 119 532 132 1 
123 171 141 184 1 
109 174 122 188 1 
118 154 129 167 1 
64 121 87 143 1 
103 36 121 53 1 
73 33 92 47 1 
83 49 102 66 1 
305 12 326 32 1 
352 101 361 113 1 
