522 33 556 67 1 
8 206 43 240 1 
0 366 21 384 1 
424 384 435 395 1 
521 27 562 67 1 
550 214 572 239 1 
524 172 541 186 1 
368 20 404 53 1 
365 82 383 99 1 
391 55 411 72 1 
11 203 47 244 1 
35 231 50 245 1 
13 192 33 208 1 
306 267 334 291 1 
318 190 347 212 1 
267 223 286 239 1 
266 83 283 98 1 
92 36 108 47 1 
94 19 111 32 1 
20 2 36 11 1 
104 294 130 318 1 
47 341 67 360 1 
283 286 300 301 1 
423 98 444 114 1 
456 121 471 135 1 
487 135 504 147 1 
485 252 499 266 1 
495 340 509 351 1 
124 232 139 245 1 
124 339 142 357 1 
140 346 156 361 1 
478 64 503 82 1 
542 113 562 132 1 
37 124 54 140 1 
318 147 334 162 1 
393 212 408 225 1 
437 316 453 329 1 
311 333 324 347 1 
463 89 482 105 1 
437 54 455 68 1 
126 165 143 180 1 
230 203 243 215 1 
220 195 233 207 1 
292 173 309 187 1 
549 143 569 159 1 
573 37 585 47 1 
179 349 205 374 1 
498 246 514 261 1 
221 277 241 293 1 
240 282 258 301 1 
128 209 148 222 1 
23 68 33 82 1 
550 84 565 97 1 
539 97 553 113 1 
434 120 447 132 1 
424 186 438 197 1 
570 164 584 178 1 
14 290 31 304 1 
259 136 270 148 1 
353 231 365 242 1 
