76 0 124 43 1 
434 236 471 273 1 
547 216 581 250 1 
484 0 555 56 1 
136 103 167 133 1 
65 294 91 320 1 
168 182 198 213 1 
342 14 368 40 1 
182 118 208 144 1 
10 2 16 8 1 
18 2 26 10 1 
15 10 25 18 1 
9 14 20 25 1 
14 27 23 35 1 
32 35 43 55 1 
27 77 39 92 1 
32 63 38 69 1 
40 64 47 72 1 
51 73 58 81 1 
57 80 68 91 1 
69 91 81 104 1 
17 106 27 116 1 
20 119 31 137 1 
32 140 40 149 1 
46 139 53 146 1 
57 135 66 143 1 
44 147 51 152 1 
39 160 48 169 1 
37 171 57 186 1 
40 189 46 197 1 
26 216 35 227 1 
2 224 14 237 1 
9 243 17 251 1 
5 261 12 268 1 
1 274 10 285 1 
26 263 48 288 1 
44 261 54 272 1 
44 281 60 298 1 
25 298 36 309 1 
7 305 14 314 1 
11 290 19 297 1 
2 344 13 355 1 
39 333 46 340 1 
29 336 41 348 1 
37 345 48 354 1 
31 356 43 368 1 
27 366 38 378 1 
7 380 15 393 1 
49 377 56 386 1 
61 362 73 372 1 
69 388 81 399 1 
90 380 99 388 1 
35 1 49 12 1 
43 0 54 8 1 
61 1 71 9 1 
56 4 63 11 1 
85 2 91 9 1 
100 0 106 8 1 
97 29 108 44 1 
86 35 96 49 1 
100 46 110 60 1 
109 56 117 62 1 
93 111 104 122 1 
111 110 116 116 1 
116 99 124 111 1 
80 149 88 153 1 
96 157 105 168 1 
45 199 56 212 1 
55 194 71 211 1 
64 209 72 219 1 
76 216 82 224 1 
76 224 102 246 1 
47 218 54 224 1 
21 237 30 245 1 
103 250 112 261 1 
113 260 123 271 1 
109 272 131 294 1 
66 298 87 319 1 
83 316 94 327 1 
81 340 91 353 1 
100 344 111 354 1 
104 332 110 338 1 
106 320 113 329 1 
115 310 124 322 1 
123 355 133 368 1 
132 349 141 357 1 
138 358 147 367 1 
146 354 154 362 1 
155 351 166 361 1 
132 389 140 398 1 
161 339 177 354 1 
176 332 186 343 1 
189 368 199 378 1 
193 388 202 396 1 
210 376 221 387 1 
227 378 236 390 1 
205 331 217 343 1 
199 320 209 332 1 
149 295 163 314 1 
124 249 135 259 1 
126 234 137 245 1 
137 235 148 246 1 
144 216 155 228 1 
156 230 168 241 1 
118 168 133 199 1 
139 91 172 135 1 
130 19 148 36 1 
141 46 151 54 1 
134 61 144 71 1 
183 121 201 141 1 
155 187 169 201 1 
168 174 180 186 1 
170 186 194 209 1 
178 213 195 231 1 
208 265 221 280 1 
207 251 217 262 1 
224 250 234 260 1 
245 307 256 319 1 
285 339 292 347 1 
315 365 322 373 1 
344 354 354 365 1 
377 369 387 377 1 
402 368 410 376 1 
462 365 474 377 1 
456 355 467 364 1 
503 319 511 329 1 
556 322 566 334 1 
582 331 589 341 1 
591 348 599 358 1 
592 367 599 375 1 
590 303 595 312 1 
570 277 579 288 1 
540 266 556 285 1 
522 300 531 311 1 
533 230 547 245 1 
549 219 575 247 1 
137 0 146 8 1 
153 0 163 7 1 
166 12 172 19 1 
189 16 195 24 1 
200 5 207 12 1 
216 6 225 17 1 
239 25 247 35 1 
171 25 180 31 1 
218 65 227 73 1 
186 86 195 96 1 
232 119 243 129 1 
255 80 265 92 1 
217 172 228 183 1 
259 151 269 162 1 
262 199 271 206 1 
252 210 262 221 1 
260 249 269 257 1 
260 279 267 287 1 
302 287 313 298 1 
285 275 295 286 1 
279 217 296 233 1 
285 242 294 252 1 
295 250 304 259 1 
300 259 311 268 1 
271 8 282 19 1 
275 33 286 42 1 
280 25 293 37 1 
279 107 286 116 1 
323 248 333 258 1 
338 235 350 247 1 
321 229 328 238 1 
395 290 404 301 1 
419 277 426 284 1 
435 242 462 268 1 
461 216 469 227 1 
496 212 505 221 1 
327 160 342 174 1 
312 126 327 141 1 
329 92 338 101 1 
361 62 371 73 1 
344 15 367 37 1 
375 9 382 19 1 
400 30 410 42 1 
414 156 422 165 1 
428 136 435 146 1 
433 124 442 131 1 
444 33 451 43 1 
453 109 459 115 1 
447 128 460 144 1 
466 133 477 142 1 
483 138 496 152 1 
514 157 521 168 1 
490 173 507 190 1 
536 193 546 201 1 
560 192 567 200 1 
376 69 383 77 1 
501 99 511 108 1 
507 85 516 94 1 
521 64 531 80 1 
544 43 554 55 1 
530 124 537 134 1 
546 130 555 139 1 
567 120 574 128 1 
538 104 546 115 1 
577 0 583 6 1 
506 8 517 18 1 
481 22 490 29 1 
466 20 475 26 1 
488 40 497 48 1 
497 40 507 48 1 
589 224 598 231 1 
347 136 356 147 1 
