466 290 523 348 1 
550 189 583 222 1 
263 186 310 233 1 
171 77 207 112 1 
482 62 517 97 1 
361 304 393 336 1 
268 182 317 231 1 
378 192 406 220 1 
365 305 396 336 1 
230 60 251 81 1 
483 57 526 100 1 
424 204 444 223 1 
467 292 525 350 1 
339 10 364 35 1 
20 32 49 61 1 
43 148 63 168 1 
47 226 77 257 1 
10 284 28 303 1 
121 127 140 146 1 
169 69 213 113 1 
367 143 386 162 1 
384 131 403 150 1 
453 152 475 174 1 
89 49 116 76 1 
300 6 322 29 1 
534 126 559 151 1 
273 95 295 118 1 
163 194 180 213 1 
117 269 136 289 1 
238 86 256 104 1 
125 14 137 26 1 
67 34 81 47 1 
118 227 134 243 1 
105 222 120 238 1 
123 200 139 216 1 
185 29 195 40 1 
461 48 481 68 1 
503 31 523 51 1 
486 8 506 28 1 
546 187 581 223 1 
510 201 524 215 1 
448 278 461 292 1 
446 223 465 243 1 
197 282 210 295 1 
319 138 335 154 1 
391 64 407 80 1 
444 26 460 42 1 
256 264 276 284 1 
260 20 274 34 1 
324 110 340 126 1 
508 111 534 137 1 
232 323 252 343 1 
330 273 343 286 1 
419 286 452 319 1 
556 292 570 306 1 
462 66 479 83 1 
283 41 300 58 1 
346 204 358 217 1 
404 333 424 353 1 
462 338 479 355 1 
160 244 173 258 1 
