356 219 388 252 1 
23 311 48 337 1 
76 142 119 185 1 
33 16 63 46 1 
25 11 66 46 1 
70 138 117 180 1 
353 216 381 253 1 
391 195 412 219 1 
459 358 483 379 1 
524 252 546 278 1 
564 273 578 290 1 
552 304 567 319 1 
550 345 562 362 1 
567 376 578 386 1 
484 379 492 389 1 
494 378 504 390 1 
502 365 511 377 1 
512 365 520 375 1 
471 272 484 285 1 
149 316 172 345 1 
323 273 350 305 1 
295 172 321 198 1 
166 180 193 207 1 
199 158 213 175 1 
227 157 251 181 1 
123 103 148 122 1 
163 29 185 46 1 
138 26 153 39 1 
120 29 134 45 1 
93 0 111 12 1 
19 315 44 337 1 
188 322 211 340 1 
205 305 219 323 1 
172 253 194 273 1 
88 241 106 259 1 
58 219 76 237 1 
56 179 71 192 1 
126 137 139 151 1 
148 73 161 88 1 
173 103 184 119 1 
437 321 451 334 1 
443 339 458 353 1 
448 294 461 308 1 
445 306 460 321 1 
446 280 458 291 1 
479 236 491 250 1 
535 100 554 123 1 
555 188 578 208 1 
127 303 147 325 1 
23 342 38 357 1 
71 338 81 350 1 
81 363 91 372 1 
97 369 109 381 1 
77 304 91 317 1 
21 155 44 179 1 
82 83 90 92 1 
60 100 71 114 1 
44 140 58 153 1 
101 65 112 78 1 
101 31 113 44 1 
109 17 120 26 1 
281 266 295 278 1 
290 282 304 296 1 
333 309 357 325 1 
257 279 276 299 1 
252 303 265 316 1 
248 338 262 354 1 
147 279 164 294 1 
428 143 448 160 1 
360 113 377 130 1 
331 107 348 122 1 
386 114 403 130 1 
332 171 353 190 1 
317 162 328 172 1 
318 178 329 188 1 
513 270 533 288 1 
505 293 516 304 1 
168 341 194 359 1 
194 201 210 217 1 
255 179 264 192 1 
204 36 216 49 1 
516 337 534 353 1 
269 360 287 376 1 
239 230 255 246 1 
238 132 249 143 1 
373 357 386 371 1 
319 378 332 392 1 
494 103 510 117 1 
570 147 585 162 1 
585 173 600 186 1 
157 295 177 313 1 
273 218 288 235 1 
247 27 269 51 1 
494 238 510 253 1 
279 107 295 124 1 
4 349 26 368 1 
8 302 18 316 1 
275 192 282 200 1 
282 191 293 206 1 
122 366 133 378 1 
86 192 98 204 1 
522 198 535 208 1 
126 251 140 263 1 
148 243 158 252 1 
525 235 537 245 1 
265 342 284 356 1 
326 136 361 170 1 
