375 233 469 327 1 
365 130 403 168 1 
143 82 176 115 1 
141 113 167 139 1 
55 41 96 82 1 
87 188 124 225 1 
312 358 346 393 1 
512 303 573 364 1 
407 97 428 119 1 
428 10 447 29 1 
505 2 534 31 1 
431 132 451 152 1 
364 122 409 167 1 
388 155 408 174 1 
200 95 219 114 1 
52 35 102 85 1 
44 169 64 189 1 
73 181 93 201 1 
56 184 72 200 1 
221 204 241 224 1 
243 270 261 288 1 
163 228 192 258 1 
171 269 186 284 1 
347 246 362 261 1 
301 229 324 252 1 
47 308 62 324 1 
0 246 22 268 1 
86 185 130 229 1 
132 247 149 264 1 
143 81 175 113 1 
138 107 177 146 1 
236 170 259 193 1 
515 296 576 357 1 
470 211 490 231 1 
467 190 486 209 1 
512 146 526 160 1 
540 155 554 169 1 
269 0 293 19 1 
146 48 164 66 1 
153 39 168 54 1 
264 137 282 155 1 
156 269 172 285 1 
344 342 360 358 1 
360 222 375 237 1 
401 78 416 93 1 
222 36 244 58 1 
266 54 279 67 1 
230 97 248 115 1 
205 304 219 318 1 
230 296 246 313 1 
329 263 347 281 1 
210 11 229 30 1 
246 15 260 29 1 
255 81 276 102 1 
191 195 204 208 1 
131 177 148 194 1 
128 192 144 208 1 
94 316 109 331 1 
562 249 582 269 1 
519 268 537 286 1 
352 48 365 61 1 
280 252 294 266 1 
434 85 452 103 1 
529 95 542 108 1 
300 302 316 318 1 
304 19 319 34 1 
147 153 164 170 1 
173 305 191 324 1 
