350 200 398 248 1 
514 185 597 267 1 
492 116 530 154 1 
1 0 186 111 1 
197 266 228 296 1 
198 267 232 301 1 
149 269 169 290 1 
160 243 171 256 1 
139 248 155 264 1 
175 280 184 290 1 
173 289 182 298 1 
183 285 211 311 1 
178 317 190 329 1 
126 317 140 331 1 
135 351 149 366 1 
125 350 134 360 1 
129 377 161 400 1 
161 380 173 391 1 
88 376 104 392 1 
83 386 102 403 1 
103 382 126 402 1 
71 345 90 367 1 
62 360 82 381 1 
83 330 93 342 1 
86 343 96 353 1 
66 274 99 308 1 
88 297 100 310 1 
22 332 34 344 1 
31 348 45 363 1 
32 307 41 318 1 
24 254 41 273 1 
2 241 12 251 1 
28 205 54 231 1 
60 178 96 216 1 
35 142 55 162 1 
55 137 64 148 1 
52 168 63 179 1 
21 162 36 177 1 
14 176 24 186 1 
30 182 40 192 1 
38 187 50 199 1 
37 179 47 188 1 
53 167 65 180 1 
69 169 80 179 1 
65 143 82 162 1 
75 136 84 146 1 
96 145 111 161 1 
80 155 95 170 1 
74 99 87 113 1 
47 70 67 91 1 
79 69 92 82 1 
91 35 114 58 1 
36 61 53 77 1 
27 79 42 93 1 
1 1 22 26 1 
170 13 184 28 1 
221 0 235 13 1 
260 10 272 22 1 
309 0 332 16 1 
329 7 341 20 1 
366 8 377 22 1 
388 14 402 27 1 
388 5 402 19 1 
423 5 446 27 1 
405 37 424 56 1 
367 49 400 79 1 
344 61 357 75 1 
309 74 322 88 1 
268 95 281 107 1 
190 70 434 304 1 
256 211 274 230 1 
234 210 250 227 1 
206 211 221 226 1 
211 204 219 213 1 
218 209 228 222 1 
268 233 284 247 1 
346 192 402 251 1 
393 190 436 235 1 
420 212 431 226 1 
431 216 443 228 1 
409 136 433 159 1 
456 92 473 109 1 
448 92 461 106 1 
425 92 438 105 1 
489 117 531 158 1 
553 146 569 164 1 
508 179 589 265 1 
588 232 601 250 1 
511 221 526 237 1 
506 208 520 224 1 
534 240 546 253 1 
515 265 529 280 1 
474 285 488 298 1 
465 274 477 285 1 
523 343 555 375 1 
521 369 540 388 1 
574 385 588 398 1 
451 359 470 378 1 
446 316 471 343 1 
418 333 436 352 1 
397 324 420 346 1 
386 349 398 361 1 
377 374 390 386 1 
371 382 394 405 1 
332 329 353 350 1 
307 378 329 399 1 
321 343 338 361 1 
241 344 256 360 1 
238 384 251 398 1 
237 373 249 385 1 
232 367 244 380 1 
221 330 236 348 1 
209 346 222 360 1 
199 369 214 384 1 
23 44 37 59 1 
10 1 122 76 1 
189 35 204 52 1 
262 36 275 50 1 
492 29 508 47 1 
479 42 493 57 1 
507 33 517 45 1 
501 6 514 20 1 
524 28 534 39 1 
533 20 541 29 1 
547 17 580 49 1 
546 9 555 20 1 
533 70 552 90 1 
568 85 586 104 1 
569 60 579 71 1 
552 100 593 145 1 
546 142 556 155 1 
516 172 528 185 1 
519 184 528 194 1 
516 191 527 201 1 
487 175 503 193 1 
499 169 512 184 1 
520 309 533 323 1 
511 312 524 325 1 
548 319 559 331 1 
490 319 502 333 1 
486 329 498 342 1 
456 296 466 307 1 
455 303 466 315 1 
452 198 468 214 1 
462 209 479 227 1 
455 218 466 230 1 
455 229 465 241 1 
419 255 431 269 1 
420 271 433 284 1 
423 282 434 293 1 
392 286 408 303 1 
373 316 390 335 1 
365 329 378 343 1 
298 268 314 285 1 
286 273 299 287 1 
286 309 297 321 1 
282 303 291 313 1 
295 318 306 330 1 
233 291 244 304 1 
226 256 243 272 1 
184 235 194 246 1 
219 303 230 315 1 
217 314 229 327 1 
194 339 205 352 1 
177 119 209 153 1 
145 141 171 168 1 
130 121 144 134 1 
157 95 175 112 1 
110 295 123 309 1 
12 285 26 298 1 
2 296 15 310 1 
34 99 56 120 1 
22 109 39 126 1 
16 120 32 135 1 
29 123 43 137 1 
58 248 68 260 1 
189 90 203 104 1 
211 20 222 31 1 
292 253 304 265 1 
277 255 288 267 1 
304 207 315 220 1 
306 216 321 233 1 
305 229 316 241 1 
343 204 354 216 1 
342 235 355 249 1 
391 234 407 250 1 
410 100 420 110 1 
423 79 432 88 1 
421 74 430 83 1 
412 80 421 89 1 
439 87 450 99 1 
437 75 448 87 1 
430 52 439 62 1 
433 60 444 71 1 
483 120 495 133 1 
504 107 516 120 1 
482 105 495 118 1 
487 77 503 94 1 
466 69 477 81 1 
565 269 581 285 1 
562 282 575 295 1 
567 362 607 405 1 
444 154 458 170 1 
408 154 419 166 1 
420 152 430 164 1 
425 310 436 321 1 
418 300 430 313 1 
363 100 373 112 1 
334 112 345 124 1 
308 134 320 147 1 
294 139 306 152 1 
267 115 285 134 1 
247 138 262 154 1 
272 351 285 367 1 
124 75 135 87 1 
105 100 118 114 1 
41 278 54 290 1 
55 259 67 272 1 
455 4 468 18 1 
409 28 420 39 1 
415 59 428 72 1 
420 49 429 59 1 
394 47 404 58 1 
465 108 476 121 1 
541 168 550 178 1 
425 375 439 389 1 
431 356 447 373 1 
273 73 282 84 1 
