242 171 331 259 1 
31 87 82 138 1 
0 133 50 189 1 
15 324 43 353 1 
558 39 587 68 1 
242 178 320 250 1 
288 237 301 249 1 
302 252 321 272 1 
14 323 49 352 1 
176 315 200 336 1 
82 277 104 299 1 
103 279 114 292 1 
109 291 126 304 1 
0 131 55 190 1 
24 85 82 137 1 
556 35 587 72 1 
279 372 290 384 1 
331 286 344 301 1 
141 28 173 58 1 
272 352 283 362 1 
286 349 301 361 1 
392 324 404 335 1 
334 345 348 358 1 
499 277 517 295 1 
79 162 98 185 1 
51 184 65 197 1 
386 1 405 12 1 
369 0 383 11 1 
368 19 379 30 1 
555 341 576 357 1 
144 126 160 136 1 
97 208 112 223 1 
147 389 158 397 1 
16 297 29 309 1 
143 221 157 234 1 
96 29 110 41 1 
11 29 21 39 1 
14 21 24 30 1 
389 264 400 272 1 
365 210 375 221 1 
383 223 394 231 1 
