557 163 589 195 1 
250 97 279 125 1 
169 58 196 86 1 
465 287 526 347 1 
169 58 196 84 1 
250 98 283 126 1 
91 92 118 117 1 
63 1 72 11 1 
57 11 64 20 1 
1 23 13 38 1 
1 53 11 60 1 
16 56 24 64 1 
26 78 38 91 1 
21 104 28 111 1 
7 111 15 120 1 
3 85 12 92 1 
6 121 24 138 1 
36 124 43 131 1 
35 132 43 140 1 
32 155 41 164 1 
7 177 19 189 1 
7 204 19 219 1 
40 218 59 239 1 
8 273 18 286 1 
0 275 8 295 1 
10 294 17 301 1 
2 307 10 317 1 
9 345 18 355 1 
4 378 14 387 1 
36 350 44 358 1 
36 374 52 393 1 
41 309 51 321 1 
47 333 61 348 1 
58 364 66 373 1 
88 360 99 370 1 
94 373 107 384 1 
112 386 120 394 1 
134 381 148 395 1 
92 338 100 350 1 
57 317 67 327 1 
53 269 65 280 1 
44 184 52 191 1 
52 98 62 110 1 
35 25 46 38 1 
80 22 90 33 1 
72 36 84 48 1 
68 49 82 59 1 
63 129 75 138 1 
73 134 86 146 1 
61 180 74 194 1 
101 0 111 10 1 
119 22 127 34 1 
126 11 137 23 1 
104 120 115 133 1 
121 118 133 130 1 
128 128 138 139 1 
98 143 107 151 1 
101 170 116 182 1 
81 187 93 198 1 
86 202 98 212 1 
79 223 90 235 1 
101 215 113 224 1 
96 251 109 266 1 
104 272 117 284 1 
99 285 111 293 1 
134 348 144 357 1 
108 329 118 338 1 
113 356 122 365 1 
107 189 121 202 1 
117 203 132 218 1 
135 182 145 192 1 
133 196 143 205 1 
149 210 158 221 1 
137 223 149 235 1 
136 239 150 255 1 
154 236 162 245 1 
136 152 148 167 1 
153 176 168 188 1 
163 184 175 197 1 
114 141 123 152 1 
138 54 152 65 1 
150 0 167 12 1 
179 0 189 8 1 
165 32 175 42 1 
187 27 198 37 1 
163 57 174 66 1 
181 92 192 101 1 
199 86 210 95 1 
157 122 167 133 1 
153 134 163 142 1 
162 142 170 151 1 
185 128 195 137 1 
198 121 208 130 1 
213 135 221 145 1 
177 369 191 386 1 
186 365 194 374 1 
176 355 189 369 1 
168 361 176 370 1 
190 342 206 357 1 
182 329 190 339 1 
208 379 220 389 1 
222 361 234 373 1 
232 366 242 375 1 
242 363 252 375 1 
249 354 260 367 1 
255 372 263 381 1 
238 390 251 400 1 
291 376 298 385 1 
286 387 292 392 1 
333 390 343 400 1 
321 363 330 372 1 
321 355 329 363 1 
331 358 342 367 1 
399 378 408 385 1 
415 377 424 386 1 
425 387 436 397 1 
466 388 475 396 1 
490 386 502 398 1 
570 366 579 374 1 
583 376 591 385 1 
509 360 519 369 1 
495 362 505 373 1 
487 340 501 353 1 
503 335 511 344 1 
500 346 510 355 1 
560 328 566 338 1 
576 324 585 335 1 
579 314 585 323 1 
586 277 595 288 1 
475 327 486 337 1 
470 299 489 318 1 
436 313 444 323 1 
370 328 384 342 1 
416 306 429 318 1 
292 320 310 340 1 
232 305 246 317 1 
243 287 257 299 1 
308 286 320 298 1 
244 270 253 281 1 
213 216 225 226 1 
212 201 224 213 1 
224 142 235 154 1 
236 157 248 171 1 
248 134 261 146 1 
264 144 274 158 1 
303 155 313 167 1 
308 190 319 202 1 
326 221 336 234 1 
329 211 340 219 1 
331 194 343 205 1 
333 164 344 177 1 
367 218 374 228 1 
359 236 370 245 1 
258 191 270 201 1 
213 66 225 79 1 
246 54 257 63 1 
296 82 307 95 1 
335 0 346 8 1 
377 80 388 91 1 
427 126 437 140 1 
393 23 405 37 1 
439 2 451 13 1 
466 18 478 33 1 
477 51 488 61 1 
520 13 530 24 1 
489 29 498 40 1 
530 32 539 42 1 
553 45 562 54 1 
558 58 570 68 1 
572 61 588 76 1 
569 65 576 75 1 
546 72 556 82 1 
535 81 549 96 1 
560 72 573 89 1 
582 110 595 129 1 
550 133 562 145 1 
526 124 542 139 1 
559 162 591 196 1 
519 145 528 153 1 
507 185 517 194 1 
493 195 505 204 1 
504 210 515 217 1 
525 226 538 241 1 
531 257 543 267 1 
569 232 577 240 1 
555 244 564 253 1 
501 237 511 245 1 
469 266 485 281 1 
487 270 496 278 1 
446 282 456 292 1 
478 283 487 289 1 
471 247 483 262 1 
470 227 484 241 1 
457 246 469 258 1 
392 240 403 253 1 
405 216 419 230 1 
417 188 433 203 1 
551 16 560 23 1 
462 45 472 55 1 
294 313 325 343 1 
378 100 419 139 1 
42 219 66 241 1 
4 122 23 142 1 
90 90 118 117 1 
167 54 199 86 1 
