217 168 252 203 1 
11 47 97 133 1 
191 48 230 87 1 
10 320 54 363 1 
384 25 406 47 1 
337 21 359 43 1 
320 33 340 53 1 
326 65 339 78 1 
302 60 321 81 1 
260 52 273 65 1 
301 23 312 35 1 
286 11 297 20 1 
234 14 248 27 1 
167 24 186 44 1 
190 47 232 87 1 
118 55 134 70 1 
116 39 135 56 1 
86 10 99 23 1 
61 23 77 38 1 
47 34 58 46 1 
47 0 59 8 1 
17 44 101 128 1 
60 78 71 88 1 
17 88 30 102 1 
0 40 23 71 1 
24 75 37 88 1 
29 62 41 74 1 
76 128 91 143 1 
91 144 106 160 1 
63 149 85 171 1 
59 147 67 156 1 
53 160 64 173 1 
38 152 47 161 1 
38 165 47 174 1 
91 145 105 164 1 
106 189 118 202 1 
114 178 128 194 1 
136 180 144 190 1 
155 186 164 197 1 
165 199 175 211 1 
173 194 184 206 1 
189 203 198 214 1 
214 165 256 209 1 
265 203 278 216 1 
220 148 234 162 1 
219 249 237 267 1 
210 221 224 235 1 
204 239 214 249 1 
200 246 210 255 1 
201 254 212 266 1 
165 226 177 239 1 
164 236 175 248 1 
147 250 160 262 1 
198 280 212 294 1 
215 302 227 315 1 
123 264 139 279 1 
120 252 133 263 1 
121 305 134 319 1 
126 375 155 399 1 
147 358 161 373 1 
146 369 162 384 1 
57 368 81 390 1 
82 344 96 358 1 
3 346 16 360 1 
11 356 23 368 1 
11 378 22 389 1 
17 324 46 353 1 
44 282 58 295 1 
11 239 31 259 1 
0 244 10 264 1 
0 176 13 204 1 
503 7 520 26 1 
499 0 513 11 1 
467 4 486 24 1 
290 28 304 43 1 
269 14 278 25 1 
251 4 263 18 1 
195 5 204 14 1 
200 0 213 6 1 
208 93 242 128 1 
135 154 144 165 1 
137 109 148 121 1 
37 36 46 45 1 
73 0 84 8 1 
36 205 49 217 1 
69 205 80 216 1 
77 214 86 223 1 
80 206 90 216 1 
144 206 158 221 1 
82 313 97 328 1 
106 317 116 329 1 
74 320 84 332 1 
81 313 96 327 1 
73 321 84 333 1 
67 303 77 314 1 
51 307 59 315 1 
11 315 23 327 1 
36 204 49 217 1 
90 32 99 42 1 
74 0 83 8 1 
131 77 142 89 1 
101 106 111 117 1 
99 96 107 105 1 
124 213 134 224 1 
175 216 185 227 1 
191 150 201 161 1 
200 144 212 157 1 
208 142 220 156 1 
87 268 100 283 1 
84 110 93 119 1 
47 389 58 400 1 
158 47 176 64 1 
124 89 136 103 1 
32 251 41 260 1 
0 18 11 30 1 
170 105 179 114 1 
153 302 165 315 1 
191 339 199 348 1 
96 366 105 376 1 
43 363 51 372 1 
50 196 61 207 1 
26 150 36 161 1 
7 120 15 128 1 
9 126 16 133 1 
5 80 15 92 1 
1 219 13 233 1 
182 84 191 93 1 
