235 167 297 229 1 
376 88 409 120 1 
232 167 297 232 1 
375 84 411 120 1 
501 46 530 68 1 
513 246 536 267 1 
411 285 434 310 1 
371 225 390 243 1 
406 149 424 165 1 
357 162 380 184 1 
450 89 471 109 1 
549 116 568 134 1 
548 103 560 116 1 
462 0 484 9 1 
536 29 548 41 1 
540 46 553 63 1 
526 44 539 58 1 
556 51 569 62 1 
546 71 560 86 1 
143 54 161 69 1 
83 257 97 270 1 
116 256 134 273 1 
43 241 56 255 1 
71 173 85 184 1 
174 116 192 130 1 
350 33 362 46 1 
259 55 280 71 1 
254 48 267 59 1 
205 59 218 73 1 
195 41 207 52 1 
462 242 474 252 1 
457 268 465 278 1 
317 271 328 280 1 
504 87 518 101 1 
513 74 529 90 1 
494 64 509 76 1 
540 293 553 307 1 
557 221 571 234 1 
401 65 412 76 1 
300 125 312 136 1 
294 154 307 168 1 
186 78 198 91 1 
190 96 200 109 1 
138 276 148 286 1 
83 329 93 339 1 
174 196 185 207 1 
137 167 151 179 1 
124 164 132 177 1 
242 131 254 141 1 
295 89 306 100 1 
298 104 306 112 1 
