58 92 87 121 1 
54 166 92 204 1 
106 106 147 147 1 
504 321 533 347 1 
550 339 560 350 1 
532 259 550 278 1 
523 189 550 217 1 
549 142 568 163 1 
539 132 552 144 1 
567 121 586 138 1 
583 111 595 124 1 
589 63 599 75 1 
584 45 597 61 1 
576 49 584 58 1 
566 5 589 27 1 
552 17 561 28 1 
531 9 540 20 1 
540 49 552 62 1 
484 0 499 10 1 
460 12 488 38 1 
460 6 471 15 1 
484 59 497 71 1 
466 79 479 95 1 
465 130 482 147 1 
429 112 445 130 1 
411 124 431 141 1 
418 145 431 159 1 
373 116 396 137 1 
423 229 441 246 1 
392 242 406 255 1 
409 282 419 293 1 
438 278 457 298 1 
446 325 471 347 1 
258 292 416 398 1 
242 382 264 401 1 
271 336 287 355 1 
299 325 314 340 1 
206 380 229 399 1 
194 353 211 368 1 
204 288 222 305 1 
125 333 137 347 1 
49 165 101 209 1 
126 141 177 194 1 
103 103 153 150 1 
54 89 91 125 1 
74 74 85 87 1 
135 68 162 97 1 
143 48 156 61 1 
130 38 142 50 1 
138 22 152 37 1 
190 39 207 57 1 
25 14 37 28 1 
6 0 23 12 1 
0 7 13 21 1 
284 14 295 25 1 
335 42 352 57 1 
351 47 364 62 1 
375 23 388 35 1 
372 3 387 17 1 
308 146 331 168 1 
265 157 283 176 1 
518 80 531 93 1 
528 77 536 85 1 
491 22 505 35 1 
455 260 469 274 1 
411 46 425 60 1 
431 27 445 40 1 
422 33 434 47 1 
439 180 455 198 1 
320 190 335 204 1 
323 69 337 83 1 
311 82 320 92 1 
294 85 308 99 1 
300 62 315 77 1 
323 31 334 43 1 
241 197 257 214 1 
176 222 196 241 1 
144 320 159 335 1 
244 23 255 34 1 
211 32 227 46 1 
194 14 204 24 1 
123 16 131 25 1 
17 59 28 72 1 
232 91 244 103 1 
234 113 245 125 1 
202 58 211 68 1 
193 64 202 73 1 
385 199 407 223 1 
379 218 389 227 1 
585 223 598 235 1 
381 83 393 95 1 
385 70 396 81 1 
377 60 388 71 1 
386 56 396 66 1 
61 32 69 41 1 
316 102 328 115 1 
324 110 338 124 1 
247 331 262 347 1 
237 339 253 356 1 
474 243 490 258 1 
479 108 501 130 1 
296 16 305 28 1 
169 386 190 402 1 
272 63 283 73 1 
256 61 269 73 1 
104 60 114 70 1 
14 324 26 336 1 
40 359 50 369 1 
274 87 285 97 1 
