114 201 140 227 1 
286 68 322 104 1 
534 83 573 121 1 
290 241 379 330 1 
396 360 423 387 1 
514 42 540 68 1 
124 261 158 295 1 
280 64 326 105 1 
308 104 331 124 1 
106 194 148 229 1 
179 186 206 214 1 
273 231 386 333 1 
527 74 570 127 1 
428 80 458 112 1 
470 205 495 234 1 
427 325 456 348 1 
30 75 50 96 1 
14 208 40 232 1 
398 264 432 299 1 
208 90 230 109 1 
526 3 548 21 1 
399 4 418 20 1 
244 172 264 191 1 
216 160 236 181 1 
474 254 495 271 1 
275 338 297 357 1 
84 247 98 264 1 
99 240 110 251 1 
105 279 118 295 1 
74 303 91 322 1 
65 323 81 340 1 
52 67 69 84 1 
194 280 221 308 1 
559 231 575 251 1 
489 78 508 99 1 
383 17 396 31 1 
263 90 281 109 1 
112 141 128 156 1 
230 59 249 79 1 
173 147 196 169 1 
182 213 195 226 1 
233 205 248 219 1 
0 148 13 162 1 
195 75 211 90 1 
316 130 328 142 1 
481 142 505 162 1 
449 14 463 26 1 
438 305 456 323 1 
401 315 415 326 1 
