182 274 217 308 1 
195 323 234 362 1 
0 323 45 370 1 
174 271 226 316 1 
184 316 237 360 1 
366 327 384 342 1 
402 338 428 362 1 
532 258 560 280 1 
499 250 528 276 1 
540 232 558 248 1 
552 123 568 142 1 
492 82 518 100 1 
431 104 450 122 1 
443 94 460 114 1 
288 21 316 45 1 
128 54 162 79 1 
135 6 151 18 1 
84 191 105 214 1 
19 95 38 111 1 
72 346 72 346 1 
1 322 39 360 1 
-1 301 14 321 1 
27 1 76 31 1 
437 197 477 233 1 
92 134 117 150 1 
534 107 554 126 1 
482 336 496 347 1 
11 185 35 202 1 
39 227 54 241 1 
21 246 45 261 1 
51 329 73 352 1 
458 14 472 31 1 
308 291 326 307 1 
176 218 190 230 1 
183 233 198 244 1 
109 245 125 257 1 
50 294 62 306 1 
