563 269 592 299 1 
11 196 57 242 1 
193 84 229 115 1 
285 90 310 112 1 
197 200 233 230 1 
191 243 212 261 1 
7 190 66 237 1 
14 139 39 160 1 
405 27 442 56 1 
356 143 380 168 1 
144 228 167 248 1 
534 315 565 346 1 
348 0 364 19 1 
439 71 463 95 1 
20 272 40 290 1 
129 226 147 246 1 
148 148 171 174 1 
28 161 49 178 1 
472 262 499 290 1 
417 232 442 256 1 
442 135 464 157 1 
180 288 199 309 1 
144 109 161 125 1 
487 154 503 171 1 
311 224 329 240 1 
411 12 426 25 1 
552 31 565 43 1 
6 81 20 95 1 
