419 67 449 97 1 
194 54 220 81 1 
393 26 423 56 1 
222 62 248 88 1 
21 56 52 87 1 
105 57 136 89 1 
150 372 176 398 1 
440 167 470 197 1 
279 221 307 249 1 
229 283 257 312 1 
192 52 223 82 1 
222 63 248 88 1 
150 75 166 91 1 
107 60 136 86 1 
87 64 102 77 1 
21 59 51 87 1 
18 14 31 25 1 
53 18 64 30 1 
81 11 90 21 1 
164 22 181 39 1 
165 13 174 23 1 
234 24 253 42 1 
223 62 250 89 1 
249 53 263 69 1 
268 37 279 49 1 
257 1 276 16 1 
247 11 257 21 1 
313 28 323 38 1 
340 21 349 31 1 
313 51 322 59 1 
296 79 314 99 1 
356 67 372 84 1 
391 24 432 60 1 
400 70 417 85 1 
415 64 453 101 1 
407 96 421 111 1 
470 87 488 104 1 
491 76 513 98 1 
529 62 542 76 1 
552 78 563 90 1 
540 60 571 93 1 
543 14 559 30 1 
585 115 600 131 1 
548 188 560 202 1 
553 179 565 190 1 
520 192 537 210 1 
538 227 558 247 1 
523 265 541 282 1 
591 271 602 284 1 
581 293 590 304 1 
568 299 580 312 1 
595 304 601 318 1 
556 295 567 307 1 
553 331 562 340 1 
555 340 565 351 1 
573 363 583 374 1 
579 374 596 392 1 
552 380 561 389 1 
511 389 537 405 1 
496 167 512 181 1 
497 178 516 197 1 
477 169 497 191 1 
445 172 470 197 1 
429 145 441 160 1 
418 140 430 152 1 
402 136 415 151 1 
399 150 411 160 1 
412 159 422 168 1 
422 166 433 178 1 
417 175 428 187 1 
423 189 437 203 1 
387 150 400 164 1 
393 255 408 270 1 
431 258 444 272 1 
322 205 336 220 1 
308 203 322 219 1 
334 167 346 179 1 
328 179 337 188 1 
319 172 331 184 1 
316 160 327 171 1 
273 213 313 253 1 
259 242 279 263 1 
260 276 270 287 1 
228 281 258 310 1 
215 250 228 263 1 
223 270 231 279 1 
211 306 221 316 1 
213 316 225 329 1 
199 323 221 345 1 
186 373 203 389 1 
175 357 189 371 1 
162 344 176 358 1 
146 370 179 398 1 
126 379 135 389 1 
116 349 126 361 1 
129 327 146 345 1 
88 317 102 334 1 
80 289 91 303 1 
89 265 97 275 1 
100 257 114 273 1 
120 263 126 271 1 
90 239 112 262 1 
101 224 116 241 1 
122 230 140 247 1 
115 212 128 226 1 
140 202 152 215 1 
203 187 226 210 1 
199 173 220 193 1 
123 144 140 163 1 
119 159 135 174 1 
129 178 143 192 1 
92 180 101 191 1 
94 200 103 209 1 
81 211 92 222 1 
50 193 63 207 1 
62 210 72 221 1 
49 233 59 242 1 
49 225 58 234 1 
35 252 48 267 1 
1 248 18 266 1 
1 126 14 139 1 
1 115 12 125 1 
13 380 21 389 1 
22 395 33 403 1 
57 365 67 378 1 
61 152 80 172 1 
51 102 65 115 1 
43 112 53 122 1 
7 92 17 104 1 
60 342 80 364 1 
43 342 55 354 1 
13 319 23 330 1 
5 324 14 333 1 
6 333 16 342 1 
158 247 170 259 1 
176 298 188 310 1 
118 87 130 99 1 
165 126 174 135 1 
156 138 166 148 1 
115 2 124 11 1 
192 212 205 225 1 
189 252 203 265 1 
195 263 202 271 1 
204 217 214 227 1 
219 125 244 151 1 
222 92 231 102 1 
168 0 182 8 1 
296 106 317 130 1 
274 141 288 155 1 
282 127 292 137 1 
289 119 297 128 1 
272 115 281 125 1 
297 304 311 318 1 
273 322 284 333 1 
213 363 223 374 1 
322 298 344 318 1 
341 323 352 335 1 
348 370 360 383 1 
423 339 435 353 1 
417 357 427 368 1 
394 212 406 225 1 
393 230 402 240 1 
450 24 459 34 1 
450 36 463 52 1 
435 6 446 17 1 
424 15 434 25 1 
514 31 523 40 1 
556 0 566 7 1 
576 171 587 183 1 
592 193 601 205 1 
581 210 603 234 1 
519 222 533 237 1 
454 226 466 239 1 
491 264 503 276 1 
518 282 533 299 1 
490 297 501 310 1 
484 322 495 333 1 
496 323 507 336 1 
441 350 451 360 1 
365 266 379 280 1 
556 161 568 173 1 
192 111 205 127 1 
184 152 200 168 1 
182 133 200 151 1 
174 187 183 196 1 
165 236 174 246 1 
169 215 178 225 1 
168 284 179 295 1 
110 309 120 318 1 
99 44 108 54 1 
90 49 101 61 1 
72 82 81 91 1 
26 107 34 116 1 
24 99 30 106 1 
31 180 38 187 1 
1 157 10 172 1 
403 198 416 212 1 
379 54 389 64 1 
385 61 397 73 1 
364 28 376 39 1 
43 155 63 177 1 
0 55 8 74 1 
334 182 360 209 1 
573 46 581 55 1 
549 36 559 46 1 
538 2 548 14 1 
463 338 471 347 1 
464 368 472 376 1 
377 331 387 341 1 
374 326 381 334 1 
