404 28 470 95 1 
281 72 328 118 1 
375 309 449 382 1 
367 99 396 127 1 
441 152 515 225 1 
274 68 330 120 1 
398 29 462 90 1 
416 13 435 35 1 
364 98 393 126 1 
418 106 434 124 1 
465 326 490 353 1 
554 233 577 258 1 
546 264 569 284 1 
544 310 557 327 1 
185 308 208 334 1 
166 320 179 331 1 
77 379 102 400 1 
319 339 344 364 1 
305 271 327 290 1 
245 230 263 247 1 
222 200 246 218 1 
214 217 234 234 1 
62 291 86 315 1 
89 147 108 165 1 
2 122 20 141 1 
2 163 14 177 1 
17 153 28 170 1 
31 142 44 157 1 
28 174 49 189 1 
29 192 49 215 1 
33 40 55 58 1 
126 9 146 25 1 
133 49 150 66 1 
166 26 185 43 1 
132 80 147 94 1 
152 35 162 47 1 
240 130 254 142 1 
163 111 174 122 1 
180 86 194 101 1 
196 16 206 27 1 
357 36 374 52 1 
338 6 356 21 1 
308 25 328 43 1 
102 237 120 249 1 
140 188 157 201 1 
103 272 117 284 1 
38 347 52 360 1 
44 372 58 384 1 
38 380 52 392 1 
234 337 247 350 1 
269 205 291 222 1 
364 160 377 173 1 
374 149 390 160 1 
402 146 416 159 1 
342 287 356 300 1 
350 277 364 289 1 
346 323 358 338 1 
486 219 500 234 1 
462 215 477 227 1 
523 107 544 121 1 
486 64 500 84 1 
549 206 566 221 1 
560 291 573 308 1 
533 282 548 292 1 
525 290 541 306 1 
554 154 567 166 1 
300 215 312 229 1 
286 235 300 253 1 
166 168 177 181 1 
188 229 198 243 1 
177 359 190 373 1 
186 366 201 379 1 
291 366 303 380 1 
257 356 268 370 1 
389 275 405 293 1 
509 16 523 30 1 
542 144 553 154 1 
532 177 546 191 1 
377 228 390 244 1 
315 213 332 234 1 
344 246 358 259 1 
52 202 65 215 1 
10 248 23 263 1 
427 292 447 314 1 
563 155 593 182 1 
573 184 592 201 1 
542 252 554 263 1 
357 329 372 347 1 
260 183 273 195 1 
206 195 215 206 1 
250 167 262 176 1 
83 126 94 138 1 
110 108 123 120 1 
122 105 136 119 1 
117 91 127 102 1 
2 75 14 88 1 
59 28 75 41 1 
112 13 123 24 1 
111 32 123 41 1 
81 69 93 82 1 
453 254 468 268 1 
511 359 529 377 1 
477 383 493 398 1 
241 244 256 257 1 
294 253 310 266 1 
283 254 293 267 1 
291 274 300 285 1 
523 196 539 212 1 
407 192 418 204 1 
428 209 439 219 1 
439 111 454 127 1 
397 111 409 122 1 
253 27 266 38 1 
255 37 269 50 1 
269 24 277 34 1 
29 87 42 99 1 
32 241 44 258 1 
419 251 431 263 1 
374 317 434 377 1 
235 79 250 89 1 
198 165 211 181 1 
126 388 142 400 1 
105 386 120 399 1 
344 99 354 109 1 
548 344 562 357 1 
41 229 49 240 1 
73 52 86 66 1 
178 50 190 59 1 
