282 0 312 27 1 
298 87 331 120 1 
428 308 467 347 1 
52 108 80 136 1 
0 237 30 283 1 
491 106 522 137 1 
123 24 172 74 1 
2 123 37 214 1 
0 239 31 293 1 
0 313 39 348 1 
294 87 332 120 1 
361 76 388 112 1 
284 4 318 27 1 
142 11 162 22 1 
51 105 78 137 1 
53 138 85 170 1 
55 89 81 108 1 
180 127 194 145 1 
167 76 185 98 1 
222 130 240 149 1 
237 150 247 166 1 
426 307 462 356 1 
390 271 431 313 1 
359 251 400 295 1 
248 243 260 256 1 
222 252 241 271 1 
275 274 294 294 1 
533 196 556 216 1 
503 216 519 234 1 
485 101 523 138 1 
414 57 437 81 1 
439 17 460 37 1 
506 7 536 34 1 
548 9 568 27 1 
443 112 455 122 1 
445 114 462 130 1 
461 126 476 144 1 
463 98 478 113 1 
471 89 487 105 1 
487 77 497 89 1 
481 63 491 74 1 
455 73 471 89 1 
421 101 434 114 1 
389 149 404 165 1 
251 88 268 104 1 
251 135 275 155 1 
262 162 279 180 1 
210 78 221 90 1 
217 56 235 72 1 
227 42 241 56 1 
262 43 275 52 1 
122 35 159 70 1 
155 43 172 59 1 
198 18 208 33 1 
12 1 44 24 1 
74 11 89 34 1 
386 22 398 31 1 
404 6 417 15 1 
272 295 285 306 1 
274 306 285 325 1 
371 176 387 190 1 
399 180 411 193 1 
343 184 358 198 1 
313 167 333 186 1 
