182 49 211 78 1 
386 0 437 28 1 
215 193 309 287 1 
0 176 14 202 1 
383 85 410 112 1 
411 261 441 291 1 
208 16 229 37 1 
220 97 238 115 1 
152 26 167 41 1 
101 69 114 82 1 
16 148 31 163 1 
180 46 214 80 1 
27 95 42 111 1 
39 75 56 92 1 
414 267 437 290 1 
324 346 341 363 1 
321 9 338 26 1 
291 101 305 115 1 
128 116 144 132 1 
69 210 86 227 1 
169 316 192 339 1 
144 61 158 75 1 
319 36 337 54 1 
309 72 326 89 1 
263 61 280 78 1 
275 20 296 41 1 
349 9 360 20 1 
345 230 359 244 1 
338 307 353 322 1 
311 295 324 308 1 
208 259 226 277 1 
441 32 458 49 1 
454 166 475 187 1 
411 335 429 354 1 
150 87 164 101 1 
22 50 37 65 1 
