150 246 180 277 1 
100 147 145 192 1 
472 113 500 140 1 
39 17 47 27 1 
5 18 11 25 1 
14 36 24 48 1 
6 38 10 44 1 
7 46 16 55 1 
3 57 12 66 1 
2 73 9 82 1 
38 16 48 29 1 
48 92 57 102 1 
24 99 32 107 1 
22 112 29 118 1 
28 116 37 123 1 
43 119 49 130 1 
41 148 48 155 1 
37 152 44 162 1 
30 173 40 184 1 
32 193 42 206 1 
20 198 32 209 1 
3 205 15 219 1 
25 211 29 217 1 
27 231 35 241 1 
17 244 23 251 1 
5 249 13 256 1 
24 268 36 279 1 
19 300 25 310 1 
36 307 46 319 1 
0 300 6 313 1 
33 333 39 341 1 
27 365 35 374 1 
38 17 50 28 1 
91 58 97 69 1 
46 91 56 102 1 
101 92 110 101 1 
77 97 86 105 1 
98 107 105 117 1 
50 110 59 116 1 
43 119 52 129 1 
76 118 85 127 1 
97 124 107 133 1 
39 138 50 146 1 
36 150 46 161 1 
69 149 79 157 1 
32 173 42 185 1 
78 181 85 189 1 
80 191 87 198 1 
60 196 71 207 1 
32 192 46 206 1 
78 209 85 218 1 
29 230 35 241 1 
38 308 50 319 1 
101 280 108 290 1 
33 332 41 341 1 
53 358 64 367 1 
91 343 99 351 1 
95 330 105 338 1 
49 372 57 381 1 
67 371 73 381 1 
123 1 141 20 1 
152 7 160 16 1 
154 0 166 6 1 
153 58 165 67 1 
159 73 167 80 1 
114 62 125 74 1 
101 93 110 102 1 
137 93 145 102 1 
120 113 132 121 1 
124 127 135 138 1 
171 126 177 135 1 
154 59 163 68 1 
159 73 167 82 1 
167 68 172 76 1 
126 127 136 138 1 
98 148 129 188 1 
157 162 162 170 1 
162 156 170 164 1 
182 158 190 167 1 
179 170 188 180 1 
169 174 177 184 1 
158 196 171 207 1 
134 218 146 228 1 
129 229 140 238 1 
120 222 126 232 1 
104 227 113 237 1 
120 237 126 243 1 
102 243 110 249 1 
151 239 162 247 1 
149 247 173 276 1 
134 249 144 257 1 
120 258 130 265 1 
135 268 145 276 1 
133 278 140 286 1 
99 279 107 290 1 
165 284 174 295 1 
160 295 169 305 1 
135 321 147 332 1 
127 345 136 354 1 
104 374 111 382 1 
137 369 145 376 1 
142 391 150 399 1 
147 359 158 366 1 
201 7 211 15 1 
217 17 226 28 1 
210 37 216 47 1 
202 35 209 43 1 
175 34 182 41 1 
156 71 167 82 1 
166 69 176 76 1 
206 57 219 72 1 
196 67 202 74 1 
196 75 202 85 1 
178 97 186 107 1 
166 100 175 111 1 
167 119 174 129 1 
169 126 179 134 1 
223 104 231 113 1 
225 118 232 123 1 
170 126 178 136 1 
180 122 187 130 1 
211 143 219 153 1 
179 158 187 166 1 
179 170 186 179 1 
194 164 201 172 1 
195 171 209 183 1 
225 103 230 111 1 
195 195 204 203 1 
169 176 176 182 1 
162 199 169 206 1 
198 196 203 202 1 
209 202 215 209 1 
223 225 232 234 1 
200 230 207 238 1 
207 233 216 242 1 
198 247 208 255 1 
206 256 220 273 1 
189 289 198 297 1 
166 286 173 292 1 
173 283 179 290 1 
162 293 174 304 1 
185 304 194 314 1 
172 321 181 328 1 
200 321 206 331 1 
176 356 183 365 1 
188 358 194 368 1 
213 366 221 375 1 
216 381 224 390 1 
224 363 231 369 1 
216 395 227 401 1 
224 227 233 234 1 
297 3 304 11 1 
286 12 294 22 1 
232 8 238 18 1 
231 22 237 29 1 
279 35 286 45 1 
238 35 246 43 1 
283 55 290 63 1 
238 57 248 67 1 
255 59 265 77 1 
236 81 244 89 1 
241 121 248 129 1 
282 117 291 124 1 
278 99 285 108 1 
282 118 288 124 1 
242 122 249 130 1 
255 137 262 147 1 
274 142 283 151 1 
263 145 270 152 1 
279 172 287 180 1 
257 171 266 180 1 
239 170 247 179 1 
233 177 243 186 1 
279 172 287 180 1 
280 201 288 208 1 
275 228 285 236 1 
227 227 232 236 1 
273 252 281 260 1 
307 284 314 291 1 
257 295 266 303 1 
257 310 262 317 1 
275 338 282 345 1 
272 365 284 375 1 
250 386 257 394 1 
243 369 249 380 1 
227 378 236 384 1 
296 2 303 9 1 
333 6 340 14 1 
288 11 295 20 1 
328 37 334 49 1 
327 50 336 58 1 
323 60 331 69 1 
333 67 342 74 1 
352 89 359 98 1 
305 79 315 89 1 
301 94 307 102 1 
305 99 312 108 1 
312 122 318 129 1 
326 131 335 140 1 
342 140 349 149 1 
310 173 321 186 1 
352 173 358 183 1 
320 191 331 202 1 
314 206 323 214 1 
350 204 358 212 1 
326 214 333 222 1 
348 226 357 235 1 
319 256 328 269 1 
338 273 347 283 1 
306 280 313 288 1 
323 307 331 314 1 
315 320 324 328 1 
306 326 312 335 1 
341 360 348 370 1 
354 88 360 97 1 
386 102 394 108 1 
411 123 417 133 1 
358 145 364 154 1 
352 174 360 182 1 
410 169 417 175 1 
402 191 412 200 1 
394 211 404 223 1 
359 213 366 223 1 
352 204 359 211 1 
349 227 355 237 1 
358 241 365 249 1 
370 254 378 263 1 
362 252 369 261 1 
373 263 384 272 1 
366 311 380 328 1 
408 304 416 314 1 
400 310 412 323 1 
415 316 424 327 1 
382 361 392 370 1 
386 381 396 391 1 
377 384 383 393 1 
340 358 347 370 1 
459 147 467 160 1 
443 64 451 72 1 
460 27 466 34 1 
465 37 470 42 1 
479 69 485 79 1 
473 150 479 158 1 
448 176 455 186 1 
422 180 429 189 1 
451 205 461 218 1 
463 263 472 270 1 
424 273 430 282 1 
439 274 450 284 1 
431 277 438 286 1 
464 284 472 294 1 
474 307 484 318 1 
442 305 451 314 1 
410 303 418 311 1 
414 319 427 328 1 
471 382 481 397 1 
480 70 486 79 1 
502 113 511 122 1 
473 121 488 138 1 
534 149 544 158 1 
527 173 536 183 1 
473 150 480 161 1 
482 215 490 222 1 
536 209 545 222 1 
528 244 535 253 1 
521 258 527 264 1 
504 273 510 280 1 
507 276 514 285 1 
475 308 481 319 1 
510 372 519 379 1 
507 362 516 370 1 
505 389 512 395 1 
475 384 486 396 1 
547 1 554 11 1 
560 7 568 15 1 
589 64 599 76 1 
560 81 567 90 1 
583 103 589 113 1 
596 115 601 127 1 
552 141 561 150 1 
536 151 545 160 1 
581 149 594 168 1 
583 192 594 201 1 
578 208 590 217 1 
575 228 586 240 1 
536 210 545 222 1 
557 254 564 264 1 
583 290 592 296 1 
564 279 572 286 1 
550 305 558 314 1 
534 327 544 337 1 
590 315 595 324 1 
577 354 583 365 1 
589 360 597 370 1 
572 370 578 377 1 
592 383 599 393 1 
581 393 588 399 1 
504 138 516 150 1 
490 91 504 105 1 
467 96 477 107 1 
109 72 118 81 1 
53 41 63 52 1 
10 150 23 163 1 
109 207 119 217 1 
77 244 83 252 1 
20 185 31 196 1 
77 295 88 307 1 
