172 0 198 23 1 
347 176 398 227 1 
454 292 497 334 1 
34 197 118 280 1 
1 20 32 50 1 
206 56 239 90 1 
33 0 107 67 1 
296 14 336 45 1 
384 8 408 34 1 
98 73 123 97 1 
42 12 86 49 1 
490 121 518 151 1 
400 82 426 108 1 
354 172 376 192 1 
167 0 210 26 1 
122 272 150 298 1 
9 300 32 320 1 
20 340 48 360 1 
177 338 199 360 1 
540 120 563 144 1 
520 312 541 331 1 
0 0 0 0 1 
411 251 437 277 1 
561 33 580 55 1 
518 40 532 56 1 
174 67 188 83 1 
272 123 292 140 1 
509 260 528 279 1 
568 87 581 114 1 
50 136 72 154 1 
441 252 461 270 1 
444 209 464 232 1 
558 240 580 260 1 
557 255 578 274 1 
302 331 320 346 1 
137 76 153 90 1 
22 71 39 86 1 
2 234 16 250 1 
173 320 188 334 1 
349 45 366 61 1 
479 69 492 81 1 
234 85 253 101 1 
348 113 364 128 1 
294 77 310 93 1 
387 316 403 333 1 
505 217 519 234 1 
516 224 533 240 1 
558 273 571 286 1 
564 291 582 310 1 
416 4 435 19 1 
376 31 396 50 1 
198 137 213 153 1 
83 107 106 131 1 
111 298 127 311 1 
186 212 202 228 1 
296 172 308 186 1 
328 90 343 104 1 
