179 0 223 40 1 
347 282 374 308 1 
400 83 432 115 1 
520 83 548 112 1 
473 33 499 59 1 
176 0 223 46 1 
397 82 432 116 1 
467 30 495 62 1 
521 80 550 115 1 
296 62 323 82 1 
263 120 282 141 1 
230 142 252 157 1 
343 279 375 307 1 
401 299 419 317 1 
338 167 358 185 1 
424 182 448 204 1 
386 119 402 134 1 
247 238 267 260 1 
186 185 199 202 1 
189 170 203 183 1 
183 204 199 220 1 
206 192 221 215 1 
223 177 239 199 1 
70 268 86 284 1 
35 298 50 316 1 
17 181 34 197 1 
29 17 47 37 1 
49 7 63 21 1 
17 44 34 60 1 
45 57 58 71 1 
12 71 29 85 1 
109 28 134 50 1 
54 23 68 33 1 
33 34 56 55 1 
3 21 14 32 1 
314 262 328 277 1 
467 178 484 197 1 
483 227 495 252 1 
498 203 517 221 1 
475 310 485 325 1 
487 305 500 322 1 
441 293 458 310 1 
418 312 434 329 1 
378 268 395 284 1 
389 334 401 347 1 
489 90 501 103 1 
488 67 501 82 1 
512 49 523 63 1 
561 67 575 82 1 
498 1 517 16 1 
535 4 544 13 1 
539 40 548 50 1 
563 36 572 50 1 
80 230 91 236 1 
2 224 16 238 1 
12 235 29 254 1 
267 163 277 170 1 
299 16 311 28 1 
286 3 300 10 1 
176 93 185 100 1 
11 134 25 152 1 
