201 116 226 142 1 
344 169 371 196 1 
551 306 577 333 1 
548 305 580 334 1 
558 290 580 312 1 
553 179 607 240 1 
543 203 556 217 1 
513 86 546 119 1 
424 247 438 262 1 
393 246 419 271 1 
397 329 422 353 1 
461 345 473 358 1 
499 351 511 365 1 
334 351 348 366 1 
317 349 329 362 1 
316 374 331 388 1 
304 362 313 372 1 
277 357 288 367 1 
280 371 290 383 1 
285 280 297 293 1 
283 273 292 283 1 
248 360 270 382 1 
239 365 250 377 1 
221 357 232 368 1 
211 343 226 360 1 
194 333 206 344 1 
181 312 189 320 1 
157 307 170 321 1 
147 289 160 303 1 
119 280 147 309 1 
144 269 155 281 1 
153 273 164 286 1 
137 250 146 260 1 
117 256 125 266 1 
96 263 111 279 1 
98 314 109 325 1 
94 241 108 255 1 
84 247 95 261 1 
46 279 57 289 1 
37 290 53 305 1 
36 307 45 317 1 
33 374 54 398 1 
23 383 31 393 1 
21 375 29 384 1 
8 352 17 363 1 
3 300 14 313 1 
21 266 34 280 1 
19 261 29 272 1 
63 218 80 235 1 
65 168 81 184 1 
70 190 82 204 1 
27 167 42 183 1 
19 150 32 163 1 
23 108 36 120 1 
14 95 31 112 1 
27 91 35 101 1 
145 8 162 27 1 
117 22 139 44 1 
135 38 146 49 1 
141 44 153 56 1 
134 54 148 68 1 
188 95 204 111 1 
200 115 229 146 1 
244 21 258 33 1 
228 4 241 17 1 
278 11 295 27 1 
291 0 303 8 1 
339 1 357 13 1 
393 38 404 49 1 
398 32 405 39 1 
453 89 477 114 1 
491 179 511 198 1 
446 157 457 169 1 
391 157 410 176 1 
343 161 381 203 1 
236 167 250 183 1 
229 186 248 205 1 
282 184 294 196 1 
223 175 234 188 1 
191 178 200 187 1 
271 97 291 117 1 
304 95 317 110 1 
326 113 338 126 1 
319 105 331 117 1 
283 73 294 83 1 
247 57 257 67 1 
241 41 252 55 1 
123 216 132 227 1 
123 162 136 175 1 
10 207 20 218 1 
37 105 51 120 1 
116 0 131 14 1 
129 1 140 12 1 
110 9 120 21 1 
191 0 207 9 1 
423 101 434 112 1 
422 117 432 128 1 
436 48 451 64 1 
437 297 448 310 1 
430 331 441 341 1 
374 47 385 60 1 
350 86 360 95 1 
373 120 382 130 1 
295 147 305 157 1 
184 394 195 403 1 
218 395 227 403 1 
121 358 142 380 1 
311 213 328 230 1 
419 144 431 155 1 
421 173 432 184 1 
414 167 423 176 1 
450 196 458 203 1 
405 225 417 237 1 
536 59 546 69 1 
326 142 336 152 1 
302 159 312 170 1 
239 113 249 123 1 
137 122 149 134 1 
85 144 100 162 1 
2 82 10 92 1 
8 92 17 102 1 
8 85 17 95 1 
158 37 167 48 1 
158 92 173 110 1 
199 258 208 267 1 
193 228 204 239 1 
87 297 95 307 1 
135 70 146 81 1 
122 80 132 89 1 
112 81 122 91 1 
101 79 113 91 1 
84 116 92 125 1 
85 109 94 119 1 
81 136 91 147 1 
25 132 36 142 1 
19 140 29 150 1 
37 142 46 152 1 
45 94 66 119 1 
59 242 82 267 1 
69 340 82 353 1 
102 364 119 381 1 
91 374 100 384 1 
369 84 378 93 1 
384 12 392 20 1 
452 43 461 52 1 
544 166 554 177 1 
465 241 476 253 1 
452 265 461 274 1 
475 378 483 386 1 
445 373 455 383 1 
406 368 416 379 1 
409 386 416 394 1 
380 314 389 323 1 
350 205 360 215 1 
174 167 192 187 1 
120 63 132 76 1 
109 60 121 74 1 
110 71 120 82 1 
3 241 14 252 1 
9 256 19 265 1 
18 309 26 316 1 
43 330 56 344 1 
58 54 67 64 1 
70 61 79 71 1 
73 76 82 87 1 
83 85 94 97 1 
112 110 121 119 1 
109 96 117 104 1 
112 27 120 36 1 
107 0 119 10 1 
177 115 186 124 1 
174 119 181 127 1 
178 125 186 134 1 
208 144 220 158 1 
225 141 233 150 1 
314 285 322 293 1 
116 184 126 194 1 
103 205 112 214 1 
469 184 477 193 1 
263 124 272 134 1 
195 38 204 47 1 
97 48 106 58 1 
84 21 92 30 1 
80 17 89 26 1 
46 70 57 82 1 
0 45 13 63 1 
0 1 13 17 1 
