296 277 322 303 1 
340 381 362 400 1 
307 357 320 368 1 
551 360 566 376 1 
488 376 505 394 1 
564 385 588 400 1 
571 367 593 391 1 
121 358 137 374 1 
124 381 135 396 1 
299 377 323 396 1 
256 391 275 400 1 
586 153 600 169 1 
577 221 587 233 1 
244 346 257 359 1 
127 46 151 67 1 
170 66 199 90 1 
190 79 205 92 1 
224 43 238 59 1 
241 37 253 50 1 
313 140 336 159 1 
291 276 325 307 1 
146 301 178 332 1 
170 240 195 263 1 
133 148 155 171 1 
139 133 155 151 1 
523 59 552 81 1 
534 21 553 38 1 
68 20 87 37 1 
95 28 108 43 1 
148 226 171 248 1 
508 187 528 206 1 
461 183 477 197 1 
428 243 449 262 1 
26 41 41 55 1 
42 34 53 44 1 
43 46 54 58 1 
23 93 37 107 1 
36 159 53 175 1 
53 152 67 165 1 
67 153 80 165 1 
18 242 38 262 1 
63 285 81 302 1 
226 8 238 22 1 
108 79 120 89 1 
78 118 92 133 1 
197 174 209 186 1 
214 171 225 182 1 
53 259 67 274 1 
293 340 312 357 1 
541 343 557 356 1 
234 188 249 201 1 
230 237 247 249 1 
27 182 39 193 1 
28 0 44 11 1 
26 117 36 127 1 
292 7 308 20 1 
557 102 575 116 1 
519 86 533 101 1 
531 0 545 10 1 
511 0 532 14 1 
490 48 504 63 1 
240 273 253 287 1 
273 231 288 243 1 
339 279 359 298 1 
380 204 397 217 1 
481 238 494 252 1 
562 237 577 250 1 
559 220 570 233 1 
551 213 562 226 1 
133 214 147 227 1 
470 260 482 271 1 
559 345 571 359 1 
540 329 552 340 1 
560 160 573 174 1 
460 0 479 11 1 
380 289 394 300 1 
542 86 555 102 1 
401 0 415 11 1 
488 82 502 96 1 
461 42 472 53 1 
520 23 535 35 1 
307 228 319 241 1 
309 238 321 248 1 
165 261 178 275 1 
109 245 122 257 1 
131 21 145 34 1 
364 139 377 153 1 
275 182 290 195 1 
235 113 244 127 1 
413 211 428 224 1 
389 62 399 74 1 
207 127 217 139 1 
559 299 568 308 1 
578 99 592 113 1 
552 57 568 70 1 
365 229 386 246 1 
185 0 203 12 1 
546 126 556 135 1 
258 85 268 94 1 
444 62 456 72 1 
291 185 305 201 1 
53 352 66 364 1 
364 327 376 337 1 
426 71 436 81 1 
50 12 60 22 1 
40 266 49 275 1 
312 164 322 175 1 
