499 121 532 154 1 
556 16 594 53 1 
277 100 306 129 1 
152 187 173 208 1 
54 322 72 340 1 
497 117 536 156 1 
551 16 587 54 1 
377 301 397 321 1 
140 379 158 397 1 
16 355 38 377 1 
445 81 460 96 1 
374 226 397 251 1 
379 249 397 267 1 
560 200 577 218 1 
222 146 238 162 1 
115 75 131 90 1 
166 84 185 103 1 
8 200 26 215 1 
76 254 102 279 1 
152 339 174 360 1 
441 320 457 335 1 
508 336 524 352 1 
515 309 531 325 1 
546 303 568 325 1 
437 280 451 293 1 
397 217 416 234 1 
435 213 453 231 1 
367 58 387 78 1 
304 68 321 85 1 
329 144 349 164 1 
257 72 274 89 1 
158 47 180 69 1 
530 217 549 235 1 
208 333 228 352 1 
242 353 258 369 1 
212 253 227 268 1 
316 245 330 258 1 
377 170 390 183 1 
424 55 439 70 1 
424 14 438 27 1 
255 365 270 380 1 
137 234 150 247 1 
582 379 598 396 1 
563 385 577 398 1 
378 209 391 223 1 
128 157 145 173 1 
344 182 357 195 1 
409 249 425 265 1 
329 57 342 69 1 
458 66 473 81 1 
