224 45 296 117 1 
38 72 68 103 1 
177 235 206 264 1 
327 330 377 380 1 
500 326 527 352 1 
327 1 354 28 1 
370 257 401 288 1 
324 333 380 384 1 
395 304 421 329 1 
425 350 440 370 1 
463 345 482 361 1 
493 320 527 352 1 
254 212 282 244 1 
230 52 289 106 1 
37 71 68 103 1 
323 0 354 27 1 
320 28 345 50 1 
221 25 243 45 1 
175 233 206 265 1 
149 250 167 265 1 
119 285 132 299 1 
132 295 146 310 1 
252 330 268 346 1 
367 256 401 290 1 
515 247 530 265 1 
175 189 203 213 1 
182 214 200 228 1 
83 250 102 268 1 
70 253 82 265 1 
8 222 21 238 1 
1 118 20 137 1 
93 139 106 156 1 
109 146 130 159 1 
104 170 120 183 1 
183 95 198 112 1 
242 125 260 139 1 
252 104 264 120 1 
455 118 474 140 1 
454 90 470 105 1 
7 47 21 65 1 
65 0 85 17 1 
458 54 473 68 1 
483 90 492 106 1 
489 100 504 118 1 
530 60 544 76 1 
555 46 569 60 1 
455 31 470 45 1 
450 17 463 31 1 
413 48 432 64 1 
296 222 314 238 1 
308 111 324 127 1 
448 195 463 210 1 
510 152 520 163 1 
530 172 539 185 1 
44 31 59 45 1 
50 138 68 157 1 
223 294 241 313 1 
328 244 349 263 1 
334 125 346 138 1 
370 72 384 87 1 
384 87 397 102 1 
346 47 362 69 1 
372 25 384 38 1 
350 24 362 33 1 
503 27 517 42 1 
494 15 509 27 1 
462 9 473 17 1 
418 151 428 165 1 
426 161 435 174 1 
436 164 450 180 1 
439 149 453 161 1 
433 239 448 253 1 
476 285 491 297 1 
587 309 597 322 1 
575 308 583 320 1 
535 370 543 380 1 
566 347 576 358 1 
481 191 491 202 1 
163 172 177 186 1 
106 294 117 305 1 
98 70 113 82 1 
105 48 121 64 1 
120 24 132 35 1 
132 22 140 33 1 
204 2 225 22 1 
227 0 242 16 1 
306 41 318 55 1 
410 26 423 39 1 
165 283 181 301 1 
0 103 12 119 1 
9 107 21 116 1 
