177 250 209 282 1 
362 89 387 114 1 
435 6 472 43 1 
560 26 588 54 1 
79 83 106 110 1 
5 231 15 244 1 
23 264 36 276 1 
70 121 91 137 1 
68 20 75 28 1 
76 81 86 88 1 
70 104 79 111 1 
57 350 65 358 1 
76 353 87 363 1 
117 159 126 169 1 
124 299 137 315 1 
137 292 148 303 1 
141 307 153 321 1 
161 278 173 289 1 
174 255 203 280 1 
196 220 214 240 1 
213 235 222 247 1 
230 254 242 268 1 
259 274 272 290 1 
265 300 273 310 1 
140 160 150 172 1 
154 164 162 173 1 
164 169 172 180 1 
171 161 179 171 1 
141 64 153 79 1 
177 100 189 113 1 
205 133 225 152 1 
165 221 177 231 1 
154 208 165 220 1 
291 211 300 220 1 
209 91 223 108 1 
184 82 194 91 1 
264 33 275 47 1 
283 27 294 38 1 
281 62 299 79 1 
319 57 341 79 1 
340 23 361 42 1 
382 33 404 54 1 
362 87 383 113 1 
434 13 446 25 1 
437 28 449 41 1 
476 60 492 81 1 
517 89 534 106 1 
468 102 481 117 1 
486 114 499 128 1 
572 222 584 235 1 
249 171 256 179 1 
271 190 277 198 1 
283 187 291 196 1 
294 189 301 197 1 
306 201 312 208 1 
324 304 333 312 1 
324 354 338 364 1 
307 248 315 258 1 
337 241 348 253 1 
326 190 337 201 1 
338 204 351 216 1 
363 214 376 225 1 
349 227 359 235 1 
360 240 367 249 1 
371 237 378 256 1 
378 250 386 258 1 
357 260 367 267 1 
340 272 349 281 1 
348 288 357 296 1 
407 234 419 246 1 
440 229 450 240 1 
488 236 501 250 1 
507 237 520 250 1 
524 216 534 227 1 
573 267 588 301 1 
536 323 554 343 1 
462 261 471 272 1 
299 103 308 111 1 
307 118 316 127 1 
308 128 318 139 1 
344 133 357 145 1 
360 149 368 158 1 
387 160 396 168 1 
321 109 331 118 1 
328 99 338 110 1 
362 66 383 82 1 
413 72 422 82 1 
415 86 423 95 1 
413 107 424 119 1 
409 137 425 155 1 
437 165 447 174 1 
454 141 463 151 1 
482 47 490 56 1 
477 29 485 39 1 
470 39 480 49 1 
512 2 522 13 1 
559 24 577 48 1 
575 68 586 78 1 
519 32 531 43 1 
513 59 525 71 1 
531 138 540 147 1 
558 148 569 166 1 
515 352 523 359 1 
227 16 236 26 1 
217 18 227 26 1 
221 24 229 36 1 
259 124 270 132 1 
418 286 426 293 1 
264 387 284 400 1 
474 373 485 385 1 
505 374 518 384 1 
