180 365 211 397 1 
367 50 394 77 1 
61 0 98 26 1 
55 0 100 30 1 
148 24 170 42 1 
119 32 139 49 1 
91 80 109 98 1 
112 112 131 133 1 
367 48 396 79 1 
299 80 317 97 1 
308 67 321 83 1 
331 8 344 23 1 
279 105 294 122 1 
144 179 157 190 1 
156 181 173 199 1 
244 320 260 342 1 
254 317 268 329 1 
293 314 306 328 1 
306 328 325 346 1 
252 290 263 301 1 
296 270 304 280 1 
323 195 335 210 1 
389 215 404 229 1 
370 229 381 240 1 
383 179 397 192 1 
412 81 429 97 1 
518 75 533 95 1 
521 49 540 67 1 
503 136 520 155 1 
418 160 435 179 1 
425 146 434 157 1 
23 171 37 188 1 
465 259 475 269 1 
425 97 438 113 1 
352 131 363 142 1 
377 284 389 296 1 
273 204 283 215 1 
