176 96 241 161 1 
165 29 201 64 1 
6 0 38 24 1 
4 334 33 364 1 
240 344 268 372 1 
465 251 493 279 1 
394 134 420 160 1 
569 317 595 344 1 
164 27 206 67 1 
7 0 42 26 1 
41 2 63 21 1 
59 27 76 43 1 
64 43 80 58 1 
14 108 31 124 1 
77 103 91 121 1 
21 121 44 140 1 
1 120 14 136 1 
12 148 24 159 1 
0 160 15 175 1 
0 175 13 189 1 
47 211 64 227 1 
31 99 46 114 1 
131 38 141 50 1 
135 117 148 129 1 
175 95 240 161 1 
81 189 101 211 1 
97 198 114 214 1 
101 162 112 176 1 
3 332 36 363 1 
115 134 128 147 1 
154 126 162 138 1 
242 98 263 116 1 
100 226 112 238 1 
240 342 266 364 1 
267 165 286 183 1 
149 195 161 207 1 
113 277 133 296 1 
101 278 114 293 1 
77 314 95 335 1 
33 333 46 346 1 
65 318 79 333 1 
303 187 317 203 1 
289 263 316 289 1 
391 130 424 162 1 
372 141 394 164 1 
383 164 410 191 1 
355 201 376 223 1 
243 63 255 79 1 
266 12 282 29 1 
373 87 393 104 1 
61 147 77 163 1 
331 247 349 266 1 
302 214 315 231 1 
298 241 314 256 1 
417 181 443 203 1 
431 167 452 184 1 
439 156 456 171 1 
566 30 584 53 1 
463 251 495 281 1 
484 246 507 267 1 
513 266 532 285 1 
490 287 505 304 1 
269 338 290 359 1 
287 325 320 360 1 
487 320 526 355 1 
515 319 531 333 1 
518 288 533 305 1 
537 36 555 53 1 
320 175 333 187 1 
365 165 377 177 1 
352 181 364 195 1 
328 304 345 321 1 
416 345 429 360 1 
442 315 453 327 1 
110 261 127 282 1 
260 262 269 272 1 
259 277 281 300 1 
349 101 361 112 1 
537 225 563 251 1 
401 350 412 361 1 
406 342 420 356 1 
322 311 336 326 1 
557 70 568 82 1 
492 0 516 12 1 
519 15 533 27 1 
