103 121 148 167 1 
44 57 80 93 1 
366 219 436 290 1 
211 321 238 348 1 
422 1 453 32 1 
316 52 351 87 1 
52 224 147 318 1 
101 121 150 171 1 
108 171 136 202 1 
89 174 102 190 1 
62 177 75 192 1 
36 184 49 197 1 
22 162 41 186 1 
40 51 74 94 1 
25 61 46 80 1 
7 44 31 67 1 
39 23 53 39 1 
0 24 14 36 1 
116 56 129 67 1 
142 92 166 117 1 
253 140 272 162 1 
216 131 233 147 1 
282 109 296 124 1 
393 92 419 115 1 
296 70 311 86 1 
230 33 255 50 1 
266 32 281 44 1 
290 -2 316 24 1 
418 1 451 30 1 
505 34 527 60 1 
549 44 562 64 1 
541 22 556 37 1 
528 0 558 23 1 
558 137 571 154 1 
562 94 578 111 1 
405 273 426 293 1 
203 315 241 349 1 
295 309 316 326 1 
264 286 286 303 1 
331 275 350 290 1 
328 235 352 262 1 
382 199 402 216 1 
118 332 118 332 1 
74 318 96 345 1 
97 308 116 335 1 
119 316 131 333 1 
136 348 152 361 1 
3 258 25 285 1 
9 230 33 256 1 
74 252 93 270 1 
161 27 176 40 1 
202 25 218 42 1 
205 119 218 133 1 
289 146 307 166 1 
305 191 326 217 1 
486 343 507 362 1 
443 277 461 292 1 
550 289 565 308 1 
539 260 555 283 1 
456 249 472 274 1 
389 327 408 349 1 
371 317 389 335 1 
174 245 191 260 1 
199 220 216 235 1 
509 206 522 219 1 
501 234 515 247 1 
429 278 443 294 1 
247 328 260 340 1 
196 325 208 340 1 
12 329 26 345 1 
49 112 57 123 1 
359 71 373 82 1 
502 65 516 80 1 
414 182 425 192 1 
422 217 435 227 1 
188 55 208 70 1 
