398 178 567 348 1 
231 199 292 260 1 
194 302 224 332 1 
20 118 84 182 1 
234 76 288 130 1 
388 306 416 334 1 
4 0 34 20 1 
221 240 318 337 1 
151 86 175 111 1 
23 112 91 180 1 
90 248 122 280 1 
73 199 94 220 1 
396 225 418 247 1 
192 299 225 332 1 
155 18 171 34 1 
103 67 118 82 1 
128 32 143 47 1 
126 5 139 18 1 
358 39 392 73 1 
540 47 559 66 1 
167 62 183 78 1 
151 63 167 79 1 
172 192 188 208 1 
195 155 212 172 1 
124 147 142 165 1 
8 210 26 228 1 
5 305 20 320 1 
337 152 354 169 1 
370 125 389 145 1 
404 167 424 187 1 
313 28 341 56 1 
279 137 298 156 1 
153 303 177 327 1 
164 260 181 277 1 
281 334 301 354 1 
386 302 421 337 1 
501 104 519 125 1 
415 187 564 336 1 
317 164 340 187 1 
455 29 471 45 1 
488 10 509 31 1 
213 282 228 297 1 
396 72 410 87 1 
495 155 517 177 1 
470 337 492 359 1 
251 25 272 46 1 
261 149 278 166 1 
298 94 320 116 1 
412 71 432 91 1 
191 248 206 264 1 
228 295 253 320 1 
236 326 250 340 1 
146 113 160 126 1 
257 127 271 143 1 
408 31 428 52 1 
511 3 531 23 1 
550 165 568 182 1 
135 263 152 280 1 
234 101 248 115 1 
512 79 530 99 1 
331 275 349 293 1 
370 340 388 358 1 
