509 115 541 147 1 
199 131 229 161 1 
321 89 341 110 1 
499 52 529 82 1 
508 115 542 149 1 
491 73 511 93 1 
541 124 553 136 1 
104 21 127 43 1 
31 25 47 41 1 
52 31 72 51 1 
5 84 22 101 1 
5 103 24 122 1 
9 157 31 178 1 
22 118 39 135 1 
36 88 50 101 1 
110 99 129 117 1 
92 103 109 120 1 
144 57 164 78 1 
73 7 93 28 1 
99 155 116 172 1 
163 194 182 213 1 
175 246 195 267 1 
181 10 202 31 1 
200 2 218 20 1 
279 1 306 20 1 
338 58 354 74 1 
365 49 378 62 1 
340 7 356 23 1 
333 20 347 34 1 
300 40 317 57 1 
263 14 281 32 1 
276 22 288 34 1 
436 59 453 76 1 
436 42 456 61 1 
477 26 497 46 1 
466 4 481 18 1 
245 251 265 271 1 
282 290 302 311 1 
269 316 292 339 1 
357 339 379 361 1 
429 249 446 266 1 
387 160 403 176 1 
467 177 483 193 1 
480 153 500 173 1 
446 183 463 200 1 
108 4 121 17 1 
21 0 35 14 1 
302 159 313 170 1 
362 180 381 199 1 
51 339 68 356 1 
26 235 40 249 1 
324 228 337 241 1 
264 159 285 181 1 
422 242 433 252 1 
520 245 538 264 1 
502 292 519 309 1 
328 157 341 170 1 
347 142 362 154 1 
49 306 62 318 1 
137 105 152 119 1 
254 312 267 325 1 
369 151 381 163 1 
407 63 420 76 1 
334 260 348 276 1 
366 298 379 311 1 
161 306 174 319 1 
193 319 206 332 1 
169 287 183 301 1 
144 213 159 225 1 
279 203 293 217 1 
459 104 471 116 1 
