475 321 519 365 1 
547 201 585 239 1 
316 30 396 111 1 
472 0 503 26 1 
307 165 446 305 1 
468 314 527 373 1 
522 335 539 353 1 
545 361 562 380 1 
571 364 585 379 1 
581 349 596 366 1 
504 380 523 399 1 
479 374 496 391 1 
469 370 483 384 1 
443 390 465 403 1 
401 365 417 382 1 
406 374 422 389 1 
210 332 226 349 1 
151 320 168 338 1 
145 343 157 356 1 
130 339 143 354 1 
105 321 119 336 1 
114 359 128 375 1 
47 367 66 388 1 
62 369 75 384 1 
72 348 86 363 1 
83 320 101 340 1 
56 330 69 345 1 
49 347 62 360 1 
1 314 32 353 1 
0 281 17 309 1 
17 186 40 209 1 
40 170 52 183 1 
17 160 32 177 1 
30 152 44 166 1 
30 33 50 54 1 
44 30 56 42 1 
11 1 41 25 1 
98 61 118 81 1 
133 38 145 51 1 
163 29 177 44 1 
201 79 221 98 1 
234 82 246 95 1 
261 57 276 73 1 
262 69 274 82 1 
290 64 303 77 1 
310 30 322 43 1 
347 31 364 48 1 
335 0 364 14 1 
365 1 378 15 1 
309 28 402 115 1 
376 64 389 77 1 
374 87 388 102 1 
399 28 417 47 1 
457 26 475 45 1 
467 0 507 34 1 
512 53 525 66 1 
567 61 578 73 1 
568 54 577 64 1 
550 82 560 92 1 
538 100 555 115 1 
506 113 527 135 1 
473 121 498 149 1 
543 196 590 243 1 
558 182 569 194 1 
564 190 577 206 1 
546 259 560 273 1 
540 245 551 256 1 
538 250 550 263 1 
517 239 529 254 1 
489 232 503 245 1 
481 242 494 257 1 
450 213 470 234 1 
316 202 341 227 1 
309 180 330 202 1 
362 185 385 210 1 
326 257 346 279 1 
270 245 287 265 1 
256 242 270 258 1 
313 231 326 244 1 
258 218 273 233 1 
0 159 11 174 1 
3 188 16 202 1 
1 365 9 379 1 
52 280 78 307 1 
116 174 134 193 1 
140 189 159 209 1 
150 203 181 234 1 
182 208 192 219 1 
124 234 135 247 1 
200 178 214 193 1 
177 127 190 140 1 
156 125 170 139 1 
185 59 199 73 1 
250 17 261 29 1 
241 32 256 47 1 
218 265 237 285 1 
213 283 223 295 1 
235 274 249 288 1 
233 259 249 276 1 
240 163 254 177 1 
269 124 285 141 1 
264 115 279 131 1 
312 116 333 138 1 
329 114 354 142 1 
359 128 376 147 1 
322 295 344 317 1 
319 320 335 335 1 
296 338 315 356 1 
270 302 282 314 1 
330 362 342 376 1 
358 341 371 355 1 
353 357 366 372 1 
368 379 377 388 1 
384 126 406 151 1 
402 293 417 310 1 
415 289 435 310 1 
421 356 433 370 1 
532 375 546 390 1 
480 276 497 294 1 
456 185 475 203 1 
443 187 455 201 1 
488 167 505 186 1 
423 83 439 101 1 
426 66 442 82 1 
444 51 466 73 1 
476 80 498 102 1 
509 9 550 51 1 
573 19 602 56 1 
547 0 560 10 1 
586 196 599 212 1 
594 190 601 202 1 
565 278 588 303 1 
580 280 590 292 1 
591 347 606 391 1 
15 222 42 251 1 
31 285 47 303 1 
66 208 90 232 1 
145 130 157 144 1 
166 248 189 271 1 
243 59 254 71 1 
237 47 248 59 1 
317 7 333 23 1 
311 0 326 12 1 
305 16 316 28 1 
278 165 288 176 1 
258 207 268 217 1 
322 98 333 110 1 
428 236 450 257 1 
439 232 464 258 1 
426 237 444 255 1 
423 269 436 284 1 
519 180 531 193 1 
512 212 524 224 1 
582 122 598 137 1 
431 162 444 176 1 
461 135 473 146 1 
381 281 392 292 1 
401 155 411 165 1 
207 131 224 149 1 
255 144 266 157 1 
272 149 282 160 1 
269 182 279 193 1 
263 184 272 194 1 
244 243 256 256 1 
199 238 212 251 1 
113 281 123 290 1 
95 281 106 293 1 
132 4 143 15 1 
72 6 84 18 1 
566 119 579 133 1 
554 129 568 145 1 
431 110 460 138 1 
463 267 481 285 1 
344 274 364 295 1 
179 155 189 167 1 
168 159 178 171 1 
258 5 285 32 1 
124 380 147 402 1 
226 73 240 87 1 
226 43 238 55 1 
53 121 64 132 1 
235 208 244 218 1 
286 181 297 192 1 
295 173 305 184 1 
432 378 443 389 1 
478 307 487 317 1 
529 271 543 286 1 
262 341 274 353 1 
227 368 239 380 1 
169 341 181 354 1 
284 98 301 115 1 
427 0 445 10 1 
398 0 416 8 1 
385 20 396 32 1 
107 73 117 84 1 
215 31 226 43 1 
207 4 219 17 1 
76 302 94 321 1 
414 191 426 202 1 
415 181 426 192 1 
390 193 403 206 1 
398 274 415 291 1 
506 248 514 258 1 
514 226 524 236 1 
351 320 360 332 1 
365 326 374 336 1 
380 339 389 350 1 
307 362 318 374 1 
314 353 325 365 1 
424 341 437 355 1 
554 317 566 330 1 
231 105 241 117 1 
224 93 233 103 1 
131 299 141 310 1 
201 342 211 352 1 
583 95 598 111 1 
261 104 495 329 1 
