323 140 387 204 1 
434 357 461 384 1 
300 18 327 44 1 
299 19 332 49 1 
432 46 457 70 1 
480 3 504 24 1 
471 0 486 12 1 
525 70 535 81 1 
466 72 479 87 1 
550 102 573 125 1 
522 120 536 134 1 
318 132 398 211 1 
306 162 320 177 1 
270 148 286 164 1 
293 258 320 285 1 
322 273 336 287 1 
374 263 403 293 1 
347 296 381 331 1 
339 337 355 354 1 
331 342 339 351 1 
315 341 327 354 1 
326 353 336 363 1 
234 366 248 380 1 
243 385 258 400 1 
357 366 368 379 1 
370 367 382 380 1 
373 389 385 399 1 
433 354 466 385 1 
498 376 511 390 1 
499 351 511 364 1 
525 387 538 401 1 
535 359 545 369 1 
581 367 592 378 1 
586 378 600 395 1 
531 287 547 303 1 
572 3 591 22 1 
578 15 589 28 1 
590 22 600 34 1 
511 282 530 302 1 
508 300 521 313 1 
490 293 503 307 1 
562 364 574 376 1 
476 350 489 364 1 
452 173 467 187 1 
421 174 435 189 1 
405 113 423 130 1 
405 134 424 154 1 
382 163 397 177 1 
392 172 412 193 1 
375 203 391 219 1 
423 364 434 376 1 
411 365 423 376 1 
441 387 452 399 1 
319 303 330 315 1 
288 204 299 215 1 
304 183 314 194 1 
244 182 256 195 1 
260 111 270 122 1 
250 139 263 153 1 
270 65 285 82 1 
369 30 385 46 1 
192 303 208 319 1 
411 259 435 281 1 
514 233 528 247 1 
534 238 553 258 1 
525 90 538 103 1 
437 307 450 320 1 
429 246 437 255 1 
281 318 295 333 1 
279 330 290 342 1 
184 333 197 347 1 
143 353 158 370 1 
275 85 286 97 1 
346 18 361 34 1 
412 11 424 25 1 
516 8 528 22 1 
553 29 564 40 1 
552 16 564 28 1 
555 276 581 302 1 
360 81 372 92 1 
356 93 367 104 1 
303 120 313 131 1 
250 347 262 359 1 
260 296 272 308 1 
474 245 484 255 1 
448 19 460 31 1 
292 62 303 73 1 
315 63 326 74 1 
300 40 310 51 1 
276 107 289 120 1 
289 88 299 98 1 
290 99 300 109 1 
275 222 292 238 1 
439 245 448 254 1 
586 191 596 201 1 
574 148 583 157 1 
512 365 523 375 1 
356 240 367 251 1 
294 349 314 371 1 
383 59 395 71 1 
292 389 304 400 1 
