287 14 385 112 1 
425 267 470 313 1 
491 101 550 160 1 
354 169 379 194 1 
8 360 39 392 1 
312 330 352 371 1 
0 1 25 29 1 
9 51 16 60 1 
28 138 42 154 1 
26 211 42 224 1 
31 234 52 271 1 
48 263 62 273 1 
47 280 63 296 1 
46 302 57 313 1 
26 286 37 296 1 
10 260 20 270 1 
0 292 8 301 1 
2 229 9 237 1 
37 312 54 330 1 
80 312 94 325 1 
71 302 80 311 1 
80 350 91 360 1 
92 349 101 359 1 
185 48 214 76 1 
159 65 197 98 1 
241 66 253 78 1 
268 19 280 30 1 
276 6 282 15 1 
273 73 285 84 1 
259 96 270 106 1 
226 117 247 137 1 
252 108 262 116 1 
246 117 257 126 1 
252 123 263 133 1 
234 143 249 158 1 
220 154 231 164 1 
232 160 247 172 1 
229 172 240 183 1 
216 225 233 239 1 
201 244 219 261 1 
217 247 229 264 1 
187 309 194 318 1 
196 312 209 323 1 
200 325 213 336 1 
179 330 190 340 1 
183 340 196 352 1 
216 336 225 347 1 
234 311 243 322 1 
234 337 251 354 1 
244 279 256 292 1 
279 345 296 362 1 
255 279 296 350 1 
295 322 306 333 1 
308 328 319 338 1 
307 344 319 357 1 
282 245 297 258 1 
272 224 287 239 1 
256 221 267 233 1 
223 223 256 286 1 
268 156 276 167 1 
292 123 302 133 1 
267 186 284 205 1 
284 201 291 208 1 
288 209 297 219 1 
316 204 327 215 1 
288 186 295 196 1 
296 183 306 194 1 
307 186 314 197 1 
319 186 328 196 1 
317 173 324 185 1 
308 172 315 183 1 
305 147 322 170 1 
325 136 340 153 1 
332 253 345 264 1 
330 220 343 235 1 
333 217 346 230 1 
348 224 366 240 1 
337 171 378 209 1 
375 205 384 217 1 
395 182 404 191 1 
400 190 414 203 1 
362 146 372 159 1 
374 138 385 153 1 
374 122 384 133 1 
385 129 393 139 1 
341 99 353 112 1 
350 123 361 131 1 
343 130 351 141 1 
295 24 309 39 1 
316 15 329 25 1 
357 1 379 20 1 
394 46 404 57 1 
14 3 275 368 1 
388 70 397 85 1 
296 23 391 112 1 
348 288 357 299 1 
355 285 367 302 1 
326 281 338 291 1 
361 240 371 250 1 
383 239 397 251 1 
392 239 418 272 1 
412 268 422 279 1 
440 247 450 256 1 
422 239 434 252 1 
426 267 466 312 1 
462 294 480 314 1 
465 312 481 328 1 
458 333 472 345 1 
386 326 419 358 1 
378 314 388 325 1 
309 329 350 366 1 
473 22 485 33 1 
441 44 459 60 1 
434 63 442 71 1 
419 150 426 156 1 
426 151 435 161 1 
450 159 467 171 1 
460 119 476 135 1 
460 102 472 115 1 
461 92 471 100 1 
291 268 304 281 1 
429 189 443 201 1 
450 181 462 199 1 
464 170 480 193 1 
481 153 489 164 1 
492 162 503 175 1 
491 191 501 202 1 
477 200 486 212 1 
455 217 464 228 1 
465 223 480 264 1 
485 249 500 263 1 
481 275 491 284 1 
487 282 500 300 1 
511 225 524 235 1 
507 238 519 249 1 
496 214 505 226 1 
514 218 588 344 1 
372 96 386 119 1 
490 110 502 122 1 
502 85 516 104 1 
499 108 538 147 1 
531 106 542 117 1 
561 120 580 140 1 
576 143 584 155 1 
554 148 566 161 1 
561 163 570 172 1 
525 156 536 168 1 
551 179 559 187 1 
571 196 578 205 1 
541 178 551 188 1 
535 44 556 71 1 
561 82 577 98 1 
573 101 583 113 1 
572 43 582 53 1 
569 16 580 28 1 
219 362 241 385 1 
518 381 531 395 1 
0 0 0 0 1 
338 374 357 394 1 
364 358 378 373 1 
445 142 454 151 1 
550 379 568 395 1 
330 298 336 305 1 
