5 170 86 251 1 
0 304 28 332 1 
556 37 587 67 1 
4 186 49 228 1 
109 22 122 35 1 
220 13 237 29 1 
240 64 248 72 1 
289 82 300 96 1 
312 61 319 69 1 
215 240 226 251 1 
209 252 216 260 1 
214 258 225 266 1 
199 258 213 269 1 
262 238 269 246 1 
265 250 274 257 1 
277 250 286 262 1 
228 346 243 357 1 
201 351 214 362 1 
269 308 282 324 1 
289 314 297 322 1 
270 326 279 337 1 
292 336 309 353 1 
289 295 296 304 1 
296 290 304 299 1 
283 133 290 144 1 
301 127 311 140 1 
327 153 343 166 1 
333 168 339 178 1 
311 183 320 192 1 
318 189 328 198 1 
336 194 352 205 1 
327 201 335 208 1 
308 204 317 213 1 
322 221 330 229 1 
336 247 343 255 1 
354 223 362 231 1 
341 272 351 282 1 
360 251 367 262 1 
372 252 382 262 1 
341 255 354 266 1 
395 265 404 272 1 
379 278 402 300 1 
361 317 372 329 1 
367 298 376 306 1 
335 315 342 323 1 
402 343 414 352 1 
436 351 447 361 1 
420 273 431 285 1 
399 236 411 249 1 
377 187 389 198 1 
392 170 409 186 1 
398 140 410 153 1 
348 134 360 144 1 
362 94 373 104 1 
375 10 392 24 1 
364 2 373 10 1 
433 30 449 44 1 
495 0 510 7 1 
510 15 526 27 1 
558 39 579 64 1 
563 67 573 80 1 
488 33 500 45 1 
489 48 501 60 1 
468 32 477 40 1 
453 41 460 49 1 
443 54 453 62 1 
469 51 479 62 1 
452 80 463 92 1 
396 104 417 121 1 
410 87 424 98 1 
447 105 455 113 1 
461 117 474 130 1 
446 159 455 170 1 
410 157 421 166 1 
413 178 421 188 1 
480 149 488 156 1 
489 158 497 166 1 
477 234 490 248 1 
571 95 580 105 1 
565 117 573 126 1 
572 101 582 112 1 
569 143 583 158 1 
555 198 567 211 1 
574 202 585 214 1 
502 206 511 217 1 
513 254 524 263 1 
452 293 462 303 1 
501 293 515 304 1 
568 315 581 326 1 
552 343 564 355 1 
535 8 541 17 1 
573 8 580 17 1 
526 30 533 40 1 
544 47 554 57 1 
504 34 514 44 1 
524 383 539 397 1 
483 389 495 400 1 
400 385 409 395 1 
249 372 257 381 1 
270 388 281 398 1 
313 391 322 400 1 
313 365 320 373 1 
327 367 334 375 1 
459 360 467 370 1 
425 115 434 124 1 
428 99 437 108 1 
493 208 502 217 1 
340 373 351 385 1 
