131 234 179 281 1 
504 118 594 208 1 
440 194 469 223 1 
126 227 182 283 1 
23 31 49 57 1 
88 34 107 53 1 
130 84 152 107 1 
327 101 351 125 1 
367 34 395 61 1 
429 56 449 76 1 
527 320 559 352 1 
555 126 575 146 1 
58 306 81 328 1 
52 274 79 301 1 
16 267 32 283 1 
131 133 150 152 1 
224 48 245 70 1 
545 56 563 74 1 
518 35 538 55 1 
487 48 500 61 1 
497 42 521 66 1 
537 41 554 59 1 
344 271 366 294 1 
340 299 358 318 1 
390 315 406 331 1 
454 162 472 180 1 
484 213 501 230 1 
477 268 495 286 1 
90 153 107 170 1 
518 82 535 99 1 
545 9 562 26 1 
