521 339 567 386 1 
15 267 49 301 1 
106 0 180 73 1 
313 205 344 236 1 
512 333 574 389 1 
106 0 195 74 1 
437 208 475 240 1 
305 204 341 232 1 
486 163 506 185 1 
399 139 421 161 1 
427 140 450 161 1 
343 27 373 53 1 
353 2 386 28 1 
298 144 317 164 1 
241 212 257 229 1 
384 312 405 332 1 
418 311 436 331 1 
346 327 364 346 1 
383 376 404 394 1 
318 358 334 375 1 
330 388 345 399 1 
8 262 53 304 1 
51 286 66 299 1 
159 285 179 311 1 
124 186 137 198 1 
138 203 149 215 1 
199 233 211 244 1 
260 149 275 163 1 
276 317 289 330 1 
397 254 411 273 1 
371 267 391 285 1 
413 250 424 263 1 
480 250 504 273 1 
517 183 531 200 1 
506 58 522 73 1 
523 4 546 28 1 
554 2 573 13 1 
564 71 588 95 1 
527 61 545 75 1 
518 74 534 87 1 
91 278 104 294 1 
153 245 168 261 1 
306 83 319 99 1 
324 96 337 111 1 
374 100 389 112 1 
359 112 372 124 1 
424 367 438 379 1 
430 388 448 400 1 
187 121 210 141 1 
148 127 167 143 1 
255 273 268 285 1 
520 288 539 307 1 
583 299 598 316 1 
548 274 561 293 1 
457 188 471 204 1 
464 177 477 188 1 
464 162 476 175 1 
461 151 472 163 1 
586 372 599 389 1 
447 334 459 349 1 
464 329 479 345 1 
440 321 452 336 1 
456 81 471 94 1 
486 147 498 164 1 
290 202 302 219 1 
279 363 295 374 1 
317 296 339 316 1 
463 303 476 316 1 
566 257 579 271 1 
135 294 149 307 1 
308 9 323 27 1 
439 4 455 19 1 
47 3 59 15 1 
89 55 100 67 1 
62 14 75 25 1 
106 105 120 119 1 
350 174 363 189 1 
