373 33 434 93 1 
335 270 370 305 1 
457 328 487 358 1 
34 82 91 139 1 
360 269 426 335 1 
372 31 440 98 1 
385 88 406 109 1 
365 1 394 27 1 
418 105 437 126 1 
450 0 476 22 1 
494 10 516 33 1 
487 17 500 30 1 
490 45 513 68 1 
513 52 535 75 1 
547 42 571 66 1 
543 71 556 85 1 
550 63 561 74 1 
572 95 599 122 1 
592 109 601 123 1 
580 13 593 26 1 
562 147 575 161 1 
519 115 533 130 1 
485 128 499 144 1 
543 201 562 221 1 
569 213 587 234 1 
587 224 602 245 1 
585 240 608 271 1 
581 276 597 293 1 
570 286 586 302 1 
566 265 577 277 1 
548 242 559 255 1 
563 320 577 334 1 
565 310 576 323 1 
552 334 576 357 1 
556 367 573 385 1 
521 367 552 398 1 
455 325 491 362 1 
439 368 458 387 1 
427 337 441 352 1 
435 349 448 363 1 
398 371 416 390 1 
357 372 388 400 1 
404 334 419 351 1 
402 278 421 299 1 
333 266 379 312 1 
327 258 348 280 1 
279 284 299 305 1 
302 346 319 364 1 
107 364 198 406 1 
143 291 163 311 1 
140 321 155 336 1 
50 309 75 333 1 
89 293 105 311 1 
39 296 55 312 1 
33 321 47 337 1 
1 333 17 349 1 
46 367 62 384 1 
63 382 74 393 1 
38 296 54 314 1 
13 251 41 280 1 
29 77 94 138 1 
52 69 78 94 1 
22 83 38 100 1 
27 60 42 76 1 
1 118 22 139 1 
10 1 26 15 1 
42 17 54 29 1 
68 49 85 66 1 
84 17 101 36 1 
104 10 129 34 1 
101 13 112 24 1 
125 82 144 103 1 
147 75 162 91 1 
140 58 156 76 1 
147 36 161 52 1 
187 56 205 74 1 
213 72 245 103 1 
173 114 188 130 1 
193 114 206 129 1 
185 143 202 161 1 
184 168 198 183 1 
162 175 177 192 1 
235 170 254 189 1 
242 157 273 189 1 
263 204 293 237 1 
272 177 292 199 1 
2 97 12 109 1 
0 60 10 71 1 
9 52 21 66 1 
2 21 11 33 1 
75 91 87 105 1 
45 132 62 149 1 
60 299 70 311 1 
85 310 98 325 1 
95 130 110 146 1 
106 142 118 155 1 
94 61 107 75 1 
107 51 120 66 1 
121 45 131 56 1 
163 13 175 26 1 
147 3 158 15 1 
238 44 254 61 1 
250 44 263 58 1 
245 22 262 39 1 
250 0 272 8 1 
238 217 253 232 1 
234 230 245 242 1 
258 228 270 240 1 
207 313 219 326 1 
302 197 315 210 1 
309 378 320 390 1 
326 127 337 140 1 
330 116 343 130 1 
337 131 353 147 1 
334 143 350 160 1 
339 160 350 171 1 
378 141 410 175 1 
397 195 432 231 1 
416 213 441 240 1 
434 216 464 245 1 
438 203 456 221 1 
436 186 450 202 1 
427 130 440 144 1 
444 148 460 165 1 
432 289 445 302 1 
430 299 446 317 1 
441 311 453 324 1 
448 291 459 303 1 
464 84 479 103 1 
461 21 472 33 1 
451 15 462 26 1 
514 5 526 18 1 
584 61 602 81 1 
531 86 542 98 1 
527 309 542 325 1 
518 324 533 339 1 
523 318 535 330 1 
578 383 597 401 1 
115 257 139 282 1 
190 249 208 266 1 
157 256 173 273 1 
180 212 195 227 1 
201 181 216 196 1 
192 11 230 48 1 
178 78 263 157 1 
212 150 227 166 1 
218 180 230 193 1 
225 296 236 308 1 
274 63 287 76 1 
286 68 300 83 1 
288 80 312 105 1 
304 58 316 72 1 
312 67 329 85 1 
312 83 324 96 1 
368 99 390 122 1 
490 113 527 148 1 
473 164 488 180 1 
490 152 501 164 1 
508 154 522 170 1 
529 141 541 154 1 
502 214 514 226 1 
505 247 520 263 1 
490 258 505 274 1 
556 257 570 272 1 
560 11 587 40 1 
133 139 176 183 1 
130 193 164 225 1 
98 216 138 252 1 
78 155 92 171 1 
116 181 127 193 1 
300 1 312 13 1 
374 209 385 220 1 
378 217 389 229 1 
382 227 392 238 1 
398 229 410 241 1 
450 267 463 282 1 
359 124 371 138 1 
439 67 452 81 1 
385 341 397 354 1 
359 324 370 336 1 
349 333 361 346 1 
368 350 379 362 1 
355 351 367 363 1 
507 320 521 336 1 
512 168 526 183 1 
503 167 515 180 1 
500 177 510 188 1 
496 181 506 192 1 
502 102 515 116 1 
481 60 526 103 1 
508 22 529 43 1 
352 319 366 335 1 
360 325 370 335 1 
349 333 360 345 1 
538 100 552 115 1 
589 1 598 12 1 
406 1 421 12 1 
381 255 393 269 1 
376 244 387 256 1 
300 280 312 292 1 
155 324 165 335 1 
150 331 160 342 1 
70 233 82 246 1 
30 189 40 200 1 
140 11 149 20 1 
93 1 103 11 1 
106 1 117 11 1 
329 81 347 99 1 
342 72 361 93 1 
440 112 454 127 1 
479 102 491 115 1 
476 190 490 205 1 
492 298 506 315 1 
403 245 416 260 1 
391 300 401 310 1 
389 306 400 317 1 
318 141 329 153 1 
291 142 300 153 1 
