421 206 450 234 1 
496 92 527 123 1 
113 230 142 259 1 
0 276 27 303 1 
62 355 91 384 1 
182 141 215 174 1 
238 150 278 190 1 
176 80 203 107 1 
110 375 137 400 1 
8 378 26 400 1 
425 365 440 381 1 
472 360 488 377 1 
583 152 600 169 1 
0 85 24 105 1 
0 20 10 34 1 
7 18 23 32 1 
6 45 20 57 1 
3 272 30 304 1 
21 185 46 213 1 
21 164 32 178 1 
20 126 34 140 1 
147 155 175 184 1 
167 175 180 191 1 
149 183 163 196 1 
143 176 155 190 1 
81 108 93 121 1 
275 69 293 86 1 
281 83 296 98 1 
315 97 335 116 1 
180 100 199 117 1 
110 229 142 261 1 
142 271 168 297 1 
173 293 184 304 1 
181 318 200 337 1 
119 338 147 365 1 
55 298 77 318 1 
87 277 102 290 1 
59 219 76 234 1 
201 174 213 189 1 
196 199 206 210 1 
195 218 213 234 1 
207 236 222 250 1 
214 222 227 233 1 
167 270 183 283 1 
263 47 283 66 1 
420 202 453 237 1 
496 93 531 125 1 
411 45 430 61 1 
123 265 135 277 1 
339 287 352 301 1 
331 197 355 219 1 
352 213 368 228 1 
351 201 363 214 1 
339 183 358 197 1 
123 306 144 329 1 
268 191 284 205 1 
54 60 66 70 1 
104 116 117 127 1 
102 123 114 138 1 
54 118 70 133 1 
78 128 88 139 1 
443 18 460 31 1 
434 0 454 10 1 
299 34 321 50 1 
275 145 290 162 1 
60 255 74 271 1 
293 209 312 227 1 
405 161 419 175 1 
521 184 544 204 1 
471 189 486 205 1 
491 205 508 219 1 
212 132 228 148 1 
463 232 485 251 1 
491 234 504 247 1 
441 292 453 307 1 
475 36 491 47 1 
470 44 489 58 1 
561 131 577 145 1 
570 110 589 127 1 
575 128 588 142 1 
566 259 578 271 1 
531 296 543 308 1 
527 304 540 322 1 
553 349 567 363 1 
573 348 586 359 1 
413 329 426 341 1 
410 315 421 325 1 
289 284 310 303 1 
389 187 412 209 1 
317 121 345 145 1 
430 176 440 187 1 
469 129 482 142 1 
561 245 577 260 1 
499 353 523 372 1 
262 312 273 323 1 
464 59 473 70 1 
567 43 578 53 1 
407 70 422 85 1 
444 119 457 135 1 
465 271 477 283 1 
208 350 218 360 1 
277 302 290 316 1 
417 348 431 360 1 
353 127 362 136 1 
376 19 387 28 1 
511 197 519 210 1 
