208 45 251 87 1 
184 15 210 41 1 
176 379 200 400 1 
199 371 216 388 1 
73 382 90 397 1 
279 366 302 390 1 
464 372 479 386 1 
340 377 358 394 1 
450 135 461 147 1 
328 303 340 317 1 
274 350 288 362 1 
107 1 135 22 1 
141 18 164 42 1 
179 13 216 48 1 
213 48 255 87 1 
229 39 243 47 1 
40 1 56 14 1 
2 96 19 118 1 
13 113 26 128 1 
157 84 177 101 1 
168 103 185 119 1 
103 63 118 76 1 
104 37 121 49 1 
74 28 90 40 1 
244 1 265 17 1 
66 272 87 293 1 
100 255 117 270 1 
90 294 110 314 1 
94 318 109 332 1 
90 332 102 345 1 
96 345 110 356 1 
131 248 152 266 1 
41 163 60 180 1 
0 195 17 218 1 
58 215 72 229 1 
24 232 39 245 1 
8 257 25 271 1 
257 165 272 181 1 
241 180 259 195 1 
220 210 240 225 1 
250 118 267 132 1 
346 165 365 181 1 
272 95 286 107 1 
120 152 137 168 1 
99 186 113 197 1 
122 205 133 218 1 
267 270 285 286 1 
532 141 560 164 1 
415 190 436 207 1 
390 116 412 134 1 
291 164 311 177 1 
143 88 155 101 1 
250 299 264 311 1 
245 264 261 279 1 
333 188 345 200 1 
56 11 71 24 1 
317 101 330 114 1 
218 163 234 177 1 
326 250 338 263 1 
491 232 511 250 1 
512 233 528 247 1 
518 248 541 266 1 
488 298 505 311 1 
494 311 510 328 1 
515 319 531 331 1 
544 323 558 337 1 
478 344 491 358 1 
272 292 290 310 1 
278 306 297 321 1 
88 202 99 213 1 
311 137 322 147 1 
437 76 451 92 1 
455 51 470 63 1 
560 110 571 121 1 
539 99 558 113 1 
525 101 537 115 1 
537 86 553 100 1 
419 263 439 279 1 
413 336 430 350 1 
391 149 408 163 1 
389 66 418 86 1 
543 38 564 56 1 
472 81 485 92 1 
546 0 560 11 1 
549 184 568 201 1 
360 296 378 311 1 
363 325 372 334 1 
372 331 384 346 1 
379 348 392 360 1 
211 18 228 34 1 
357 0 369 9 1 
410 16 421 27 1 
289 13 309 33 1 
214 243 224 252 1 
227 310 249 330 1 
122 292 131 301 1 
197 169 209 178 1 
454 206 467 217 1 
447 168 459 179 1 
389 268 401 279 1 
28 217 40 229 1 
164 158 176 170 1 
