53 156 131 233 1 
289 278 330 318 1 
323 296 360 334 1 
232 213 254 237 1 
305 120 323 132 1 
327 92 345 109 1 
412 65 443 91 1 
499 113 517 125 1 
537 66 561 86 1 
505 189 532 218 1 
419 303 440 327 1 
429 321 449 340 1 
384 336 410 359 1 
323 295 354 329 1 
287 277 311 319 1 
209 316 232 339 1 
49 282 71 313 1 
97 267 111 291 1 
45 159 91 224 1 
52 64 77 78 1 
116 100 138 113 1 
135 122 158 153 1 
188 171 204 191 1 
215 198 233 213 1 
243 104 253 117 1 
214 34 229 53 1 
225 43 248 71 1 
151 39 168 59 1 
139 -1 162 13 1 
354 0 368 10 1 
549 -3 567 21 1 
119 331 131 345 1 
7 223 27 245 1 
45 88 61 108 1 
215 91 237 108 1 
218 114 231 121 1 
263 148 279 162 1 
282 156 298 172 1 
333 131 356 144 1 
356 40 374 61 1 
389 11 409 25 1 
439 68 454 85 1 
105 6 126 19 1 
126 26 141 33 1 
140 10 148 26 1 
163 178 180 194 1 
192 155 208 168 1 
229 151 248 168 1 
195 245 210 263 1 
207 256 221 275 1 
151 282 164 295 1 
203 336 218 350 1 
247 290 268 319 1 
346 209 366 235 1 
550 320 566 344 1 
105 226 120 245 1 
175 232 190 253 1 
172 35 185 49 1 
176 48 197 68 1 
274 101 285 113 1 
174 271 187 282 1 
110 249 121 261 1 
43 334 57 346 1 
494 153 510 170 1 
534 322 551 336 1 
531 242 544 256 1 
418 199 432 213 1 
408 220 421 230 1 
215 180 225 186 1 
149 311 157 320 1 
