357 160 389 192 1 
88 205 131 247 1 
0 308 33 348 1 
329 210 363 245 1 
0 310 37 345 1 
24 282 45 303 1 
1 217 15 239 1 
87 203 131 248 1 
2 259 14 270 1 
8 250 21 260 1 
44 246 59 262 1 
59 270 69 280 1 
86 277 105 291 1 
84 319 95 329 1 
83 343 98 358 1 
72 283 82 295 1 
147 268 156 281 1 
134 237 141 249 1 
113 335 122 351 1 
74 141 94 160 1 
102 133 118 144 1 
14 109 38 128 1 
0 85 16 111 1 
28 76 51 97 1 
50 78 67 93 1 
321 204 364 245 1 
353 155 395 192 1 
385 124 411 147 1 
490 118 523 150 1 
484 74 508 102 1 
554 69 572 89 1 
375 69 392 85 1 
317 118 333 132 1 
282 122 304 146 1 
317 86 331 101 1 
301 64 313 79 1 
324 54 340 69 1 
422 36 434 46 1 
425 22 442 35 1 
358 342 377 360 1 
286 343 308 359 1 
272 328 283 337 1 
97 6 112 20 1 
89 34 101 46 1 
114 33 123 43 1 
100 55 116 69 1 
220 66 245 97 1 
264 45 278 57 1 
9 45 23 59 1 
17 2 33 14 1 
442 125 455 141 1 
548 219 562 231 1 
542 144 552 158 1 
473 292 482 302 1 
200 17 209 28 1 
