451 190 510 249 1 
507 338 550 381 1 
340 147 369 177 1 
217 0 244 26 1 
506 135 540 168 1 
162 33 188 59 1 
449 184 514 251 1 
498 126 542 169 1 
555 34 579 60 1 
551 155 578 182 1 
493 336 553 391 1 
349 332 377 358 1 
328 347 345 363 1 
335 143 371 181 1 
373 129 389 149 1 
307 74 333 97 1 
213 0 244 30 1 
249 11 276 36 1 
84 101 115 124 1 
11 31 40 55 1 
155 32 180 58 1 
148 0 174 28 1 
178 10 196 27 1 
117 237 144 263 1 
105 313 125 333 1 
84 308 103 328 1 
116 351 137 372 1 
139 337 162 356 1 
165 346 181 365 1 
189 311 213 337 1 
248 380 265 395 1 
194 384 211 396 1 
298 238 326 265 1 
318 197 340 221 1 
371 261 394 287 1 
414 254 432 272 1 
429 243 445 261 1 
406 336 425 351 1 
382 31 405 54 1 
418 69 439 88 1 
152 163 173 189 1 
158 147 175 162 1 
91 78 108 98 1 
113 73 129 91 1 
117 45 135 64 1 
125 28 139 42 1 
11 334 38 361 1 
114 280 133 295 1 
288 275 302 291 1 
255 191 286 216 1 
267 137 289 155 1 
227 123 245 141 1 
469 302 481 317 1 
336 276 352 296 1 
291 308 308 323 1 
1 285 15 303 1 
55 242 66 256 1 
62 285 87 306 1 
110 182 123 200 1 
6 116 24 133 1 
12 74 27 87 1 
467 111 493 136 1 
404 313 416 326 1 
389 302 401 316 1 
268 359 283 378 1 
318 22 331 37 1 
286 55 301 69 1 
472 24 487 39 1 
224 181 235 195 1 
221 198 237 213 1 
198 258 217 279 1 
184 272 200 290 1 
234 272 252 283 1 
242 253 257 268 1 
247 223 263 238 1 
299 104 322 122 1 
583 289 600 316 1 
62 326 78 340 1 
187 201 200 214 1 
218 295 236 309 1 
225 313 250 333 1 
193 71 219 94 1 
561 292 577 310 1 
442 102 456 121 1 
458 136 472 151 1 
527 169 541 186 1 
359 212 367 222 1 
