421 153 459 190 1 
520 313 554 347 1 
525 0 560 20 1 
423 152 459 189 1 
518 309 550 344 1 
554 260 570 274 1 
482 183 502 208 1 
417 136 436 156 1 
372 120 384 133 1 
254 219 267 231 1 
355 329 370 342 1 
46 115 57 126 1 
33 149 55 169 1 
27 226 37 242 1 
180 141 197 155 1 
305 69 318 84 1 
325 60 336 71 1 
358 41 370 54 1 
334 21 344 32 1 
320 0 336 8 1 
277 0 295 9 1 
286 10 292 20 1 
229 93 253 113 1 
286 120 305 136 1 
515 81 528 97 1 
385 12 408 32 1 
370 207 379 220 1 
360 252 372 266 1 
420 249 430 259 1 
520 0 563 17 1 
519 24 531 37 1 
435 18 446 31 1 
40 64 48 75 1 
130 320 147 334 1 
232 265 244 275 1 
267 342 277 353 1 
427 0 440 12 1 
239 213 249 222 1 
184 78 193 89 1 
189 68 197 77 1 
