386 44 414 71 1 
546 42 581 77 1 
385 44 419 76 1 
0 0 0 0 1 
30 145 56 167 1 
57 216 84 243 1 
79 189 101 208 1 
166 100 187 117 1 
120 128 142 148 1 
162 213 176 227 1 
205 252 225 270 1 
277 218 289 229 1 
163 128 176 142 1 
88 19 104 36 1 
305 268 332 295 1 
418 218 435 233 1 
538 145 565 173 1 
557 142 570 156 1 
561 70 573 84 1 
584 351 600 379 1 
494 346 512 366 1 
446 359 458 374 1 
165 331 185 350 1 
198 390 211 400 1 
131 357 156 385 1 
503 221 527 247 1 
498 275 513 294 1 
464 255 476 267 1 
122 318 141 339 1 
71 385 90 399 1 
426 375 437 388 1 
423 354 434 365 1 
517 378 530 389 1 
206 165 222 179 1 
319 5 349 32 1 
362 50 376 63 1 
586 62 600 82 1 
578 30 590 41 1 
583 309 597 322 1 
535 284 549 298 1 
513 300 525 309 1 
522 310 531 321 1 
342 264 363 288 1 
390 243 404 258 1 
397 221 409 235 1 
414 238 434 253 1 
442 253 456 267 1 
467 244 478 253 1 
455 272 471 286 1 
282 25 291 37 1 
403 19 416 32 1 
424 0 446 12 1 
258 316 283 339 1 
262 219 291 241 1 
323 229 340 247 1 
378 261 393 276 1 
418 292 428 301 1 
442 311 455 325 1 
454 383 466 395 1 
469 376 478 387 1 
461 350 470 362 1 
491 336 503 349 1 
69 274 90 294 1 
79 264 100 281 1 
121 292 137 307 1 
209 118 219 129 1 
223 128 236 141 1 
50 140 69 162 1 
332 199 345 209 1 
436 144 462 168 1 
509 193 519 205 1 
525 193 537 204 1 
522 218 538 235 1 
569 199 586 213 1 
546 197 558 208 1 
269 153 284 168 1 
288 165 298 175 1 
6 85 19 101 1 
77 2 89 11 1 
104 78 117 92 1 
66 177 77 185 1 
180 266 191 280 1 
182 297 200 312 1 
174 290 189 304 1 
241 358 256 373 1 
242 346 253 359 1 
339 320 356 334 1 
343 297 356 313 1 
327 335 345 354 1 
487 187 501 199 1 
392 136 411 153 1 
198 29 218 45 1 
486 90 494 100 1 
545 1 564 21 1 
580 104 588 113 1 
156 201 165 210 1 
406 263 418 275 1 
436 225 455 239 1 
274 242 285 254 1 
267 254 276 264 1 
222 333 238 348 1 
445 114 458 127 1 
515 39 527 53 1 
196 287 210 298 1 
44 208 63 227 1 
92 157 103 174 1 
111 168 137 191 1 
125 182 138 194 1 
14 168 26 182 1 
56 312 68 326 1 
345 115 357 131 1 
329 70 341 80 1 
349 98 363 110 1 
329 132 343 146 1 
174 172 187 185 1 
169 181 181 193 1 
380 211 394 225 1 
311 351 325 370 1 
