10 103 55 148 1 
114 0 171 50 1 
509 241 536 269 1 
557 251 584 277 1 
358 54 385 81 1 
271 271 347 347 1 
0 88 70 160 1 
186 82 215 110 1 
127 110 149 130 1 
111 316 137 340 1 
397 230 431 258 1 
370 264 395 288 1 
357 298 384 324 1 
363 322 388 343 1 
314 280 335 300 1 
503 236 537 273 1 
425 191 450 214 1 
549 338 569 356 1 
379 341 405 360 1 
414 302 439 325 1 
346 50 382 83 1 
340 28 361 44 1 
439 345 457 360 1 
481 258 508 283 1 
435 239 455 258 1 
1 94 172 360 1 
290 161 311 179 1 
481 55 499 74 1 
535 79 554 100 1 
524 144 563 178 1 
552 245 585 278 1 
554 205 570 222 1 
279 101 298 119 1 
280 168 296 185 1 
393 92 409 106 1 
393 106 410 122 1 
398 123 417 140 1 
450 120 468 137 1 
499 85 512 99 1 
322 58 337 77 1 
355 101 375 121 1 
356 141 372 153 1 
310 205 335 233 1 
285 227 299 241 1 
390 183 404 197 1 
70 34 80 44 1 
258 19 281 37 1 
303 67 317 81 1 
284 84 300 98 1 
342 88 355 101 1 
485 214 499 230 1 
493 233 510 246 1 
533 217 548 234 1 
283 326 319 363 1 
519 281 535 293 1 
323 2 335 14 1 
263 306 280 325 1 
440 157 457 176 1 
511 291 532 307 1 
395 208 407 221 1 
