368 277 415 324 1 
220 288 260 328 1 
240 92 262 114 1 
398 98 418 119 1 
428 19 449 39 1 
389 59 407 77 1 
356 128 374 146 1 
528 61 562 95 1 
508 17 535 44 1 
381 1 403 23 1 
44 115 87 158 1 
369 275 420 326 1 
332 277 357 302 1 
262 4 299 41 1 
457 195 474 212 1 
339 89 355 105 1 
4 20 17 33 1 
4 68 21 85 1 
78 72 94 88 1 
84 64 98 78 1 
40 63 53 76 1 
18 112 33 127 1 
35 197 55 217 1 
141 75 154 88 1 
158 30 174 46 1 
130 24 143 38 1 
201 87 215 101 1 
243 28 259 44 1 
121 85 141 107 1 
123 106 134 117 1 
139 126 151 138 1 
83 163 96 177 1 
99 144 114 159 1 
190 148 204 162 1 
292 111 315 134 1 
294 157 310 173 1 
321 149 336 164 1 
228 63 243 78 1 
289 58 305 74 1 
273 236 292 255 1 
207 223 222 237 1 
225 264 241 280 1 
241 253 257 269 1 
409 68 425 84 1 
505 132 520 147 1 
536 188 551 203 1 
562 123 577 138 1 
532 122 547 137 1 
492 101 506 115 1 
465 11 480 26 1 
145 227 165 247 1 
317 245 330 258 1 
430 286 451 307 1 
430 238 445 253 1 
421 211 435 225 1 
431 181 445 195 1 
423 186 435 199 1 
207 199 218 210 1 
227 330 242 345 1 
461 257 478 274 1 
478 269 494 285 1 
547 253 561 267 1 
443 159 462 178 1 
351 148 365 161 1 
568 324 581 337 1 
309 69 322 82 1 
272 81 285 94 1 
352 258 365 271 1 
136 159 148 171 1 
260 241 275 256 1 
292 299 305 312 1 
326 337 340 351 1 
194 343 206 354 1 
384 146 399 161 1 
