455 295 522 362 1 
117 278 238 399 1 
116 256 143 282 1 
568 219 597 248 1 
49 33 70 55 1 
72 27 90 46 1 
1 105 19 123 1 
121 141 133 153 1 
36 193 44 200 1 
23 147 33 157 1 
12 126 19 133 1 
151 89 161 96 1 
116 258 141 281 1 
122 278 239 368 1 
460 299 524 357 1 
377 296 395 314 1 
352 274 363 286 1 
382 211 397 228 1 
393 242 411 261 1 
420 237 434 251 1 
470 233 485 248 1 
488 232 497 242 1 
512 268 527 282 1 
570 221 588 245 1 
492 146 514 167 1 
430 104 450 121 1 
322 123 335 135 1 
331 112 342 124 1 
357 93 371 106 1 
376 107 386 118 1 
377 167 394 183 1 
309 70 318 81 1 
394 58 405 67 1 
433 79 444 88 1 
484 26 497 39 1 
492 87 502 98 1 
577 54 587 94 1 
549 68 558 76 1 
518 171 525 182 1 
529 170 545 189 1 
576 186 584 199 1 
407 68 417 77 1 
408 115 419 123 1 
