432 193 474 234 1 
471 143 511 184 1 
359 125 396 162 1 
45 148 88 192 1 
355 116 399 165 1 
471 137 510 183 1 
421 181 449 208 1 
429 194 471 234 1 
257 43 287 66 1 
0 38 18 68 1 
15 95 43 120 1 
142 323 169 348 1 
259 216 281 238 1 
167 113 193 134 1 
90 3 117 25 1 
388 40 405 62 1 
463 240 485 255 1 
457 252 481 271 1 
503 257 523 279 1 
31 238 67 269 1 
69 247 91 264 1 
257 191 283 213 1 
515 80 535 101 1 
1 334 26 353 1 
17 284 41 301 1 
310 233 332 252 1 
506 314 529 334 1 
513 106 535 130 1 
544 27 566 49 1 
335 339 365 360 1 
382 290 401 308 1 
171 95 193 114 1 
447 117 467 140 1 
407 77 426 98 1 
66 344 93 360 1 
278 310 299 326 1 
42 128 65 148 1 
163 211 183 227 1 
182 181 199 197 1 
396 302 419 318 1 
370 230 391 249 1 
565 47 581 70 1 
540 86 562 109 1 
352 204 369 224 1 
321 224 342 243 1 
472 63 489 82 1 
102 182 136 208 1 
76 205 94 226 1 
207 41 224 59 1 
233 53 252 72 1 
381 210 398 225 1 
514 191 535 213 1 
371 56 389 73 1 
299 64 319 87 1 
120 63 139 85 1 
103 319 117 336 1 
306 289 324 307 1 
337 309 354 325 1 
309 205 327 220 1 
336 172 353 189 1 
457 153 471 166 1 
180 53 196 67 1 
104 100 122 117 1 
130 244 149 262 1 
12 263 28 278 1 
40 108 55 122 1 
168 43 182 56 1 
303 28 332 55 1 
490 8 514 27 1 
539 325 554 341 1 
471 283 491 302 1 
208 112 221 126 1 
159 278 174 294 1 
35 220 58 244 1 
293 236 307 250 1 
