24 319 77 372 1 
189 179 227 217 1 
277 63 317 103 1 
418 271 470 323 1 
300 203 325 228 1 
378 243 406 271 1 
453 210 481 238 1 
475 177 510 213 1 
490 124 534 167 1 
480 0 507 27 1 
274 62 318 106 1 
22 318 79 362 1 
1 301 21 321 1 
0 180 23 205 1 
80 216 101 238 1 
49 138 67 159 1 
119 73 136 92 1 
126 64 144 77 1 
177 36 210 69 1 
182 179 229 215 1 
413 268 475 324 1 
374 238 410 275 1 
450 209 482 239 1 
470 176 512 217 1 
298 199 326 226 1 
31 239 49 255 1 
52 235 66 248 1 
70 237 85 253 1 
115 243 130 258 1 
128 249 141 260 1 
75 62 91 78 1 
86 58 94 69 1 
475 2 507 28 1 
487 123 529 170 1 
328 92 350 116 1 
294 107 313 128 1 
228 127 248 147 1 
185 143 204 160 1 
329 147 344 164 1 
423 141 442 161 1 
431 106 448 121 1 
507 303 527 323 1 
537 329 551 346 1 
503 281 520 295 1 
534 260 545 276 1 
542 253 551 262 1 
552 190 568 205 1 
578 152 589 166 1 
559 99 571 114 1 
468 119 482 133 1 
460 56 472 69 1 
473 68 485 80 1 
414 52 431 65 1 
437 27 449 38 1 
140 310 156 327 1 
188 339 204 355 1 
204 320 216 333 1 
220 334 235 350 1 
205 272 218 285 1 
203 237 214 247 1 
146 227 161 243 1 
119 188 133 202 1 
117 202 129 211 1 
232 227 245 239 1 
212 219 227 232 1 
277 310 292 327 1 
289 303 299 317 1 
289 264 302 274 1 
291 246 300 256 1 
340 317 358 333 1 
253 109 267 122 1 
199 5 214 21 1 
339 197 352 209 1 
234 177 250 192 1 
172 304 185 318 1 
97 336 108 348 1 
113 342 128 358 1 
290 226 308 244 1 
281 0 298 19 1 
