185 101 210 126 1 
452 162 478 188 1 
0 85 20 119 1 
0 0 19 15 1 
31 17 38 26 1 
40 18 53 31 1 
59 4 66 12 1 
17 43 25 51 1 
15 75 26 86 1 
21 66 33 77 1 
49 59 55 67 1 
61 74 72 86 1 
0 86 14 120 1 
34 121 44 133 1 
56 131 63 140 1 
42 151 51 160 1 
12 235 20 247 1 
3 340 15 350 1 
45 288 55 299 1 
53 274 63 286 1 
55 297 60 306 1 
79 300 88 310 1 
68 265 77 286 1 
80 263 94 273 1 
93 273 103 281 1 
103 269 116 283 1 
102 285 111 293 1 
105 236 121 253 1 
94 353 108 364 1 
65 185 78 199 1 
94 189 105 200 1 
100 161 109 171 1 
47 188 54 197 1 
72 98 78 107 1 
89 44 99 55 1 
133 25 142 34 1 
145 90 155 103 1 
187 99 212 127 1 
175 126 184 136 1 
146 165 159 178 1 
154 172 162 182 1 
170 154 179 164 1 
187 160 197 171 1 
193 232 207 247 1 
199 245 208 253 1 
203 254 210 261 1 
217 258 224 266 1 
178 260 186 268 1 
155 0 169 11 1 
245 350 254 358 1 
274 325 288 337 1 
243 287 255 299 1 
240 258 250 267 1 
236 241 245 252 1 
222 254 232 263 1 
184 0 193 10 1 
194 10 204 20 1 
214 61 220 68 1 
224 59 231 67 1 
237 47 253 62 1 
250 43 262 56 1 
267 60 279 72 1 
254 66 264 76 1 
244 73 255 91 1 
267 157 277 168 1 
245 147 255 160 1 
260 149 272 162 1 
272 248 282 259 1 
281 242 293 253 1 
275 277 287 290 1 
279 293 291 305 1 
330 264 340 277 1 
333 245 348 257 1 
301 218 314 231 1 
310 200 317 211 1 
306 173 316 183 1 
353 330 366 343 1 
358 348 368 358 1 
393 353 403 361 1 
420 349 429 359 1 
386 293 398 305 1 
440 297 448 308 1 
459 296 468 306 1 
419 308 431 317 1 
415 318 425 326 1 
425 321 436 332 1 
436 317 446 325 1 
445 328 455 337 1 
460 337 468 346 1 
473 331 484 341 1 
473 323 481 329 1 
506 343 517 353 1 
518 352 532 362 1 
556 350 566 359 1 
364 225 377 239 1 
406 220 418 233 1 
330 192 340 201 1 
340 168 349 180 1 
108 29 115 35 1 
57 249 65 259 1 
46 243 53 251 1 
63 215 71 222 1 
213 18 218 26 1 
283 43 293 54 1 
295 56 305 66 1 
288 89 299 100 1 
287 105 298 116 1 
297 98 305 107 1 
307 92 315 102 1 
320 91 328 99 1 
308 39 318 50 1 
316 48 328 59 1 
333 23 345 36 1 
343 33 353 43 1 
347 44 363 57 1 
345 55 358 69 1 
343 68 354 77 1 
345 78 357 87 1 
349 86 359 96 1 
357 92 366 110 1 
366 94 374 102 1 
377 77 387 88 1 
394 102 404 113 1 
395 37 409 53 1 
414 65 421 74 1 
436 63 445 73 1 
388 1 399 10 1 
424 87 439 100 1 
414 105 425 116 1 
450 116 461 126 1 
467 117 479 130 1 
453 161 478 184 1 
385 162 395 176 1 
345 129 354 141 1 
339 112 346 120 1 
344 121 351 129 1 
479 119 488 130 1 
476 104 487 116 1 
485 106 499 118 1 
468 66 478 76 1 
449 65 460 76 1 
473 43 482 53 1 
515 18 522 26 1 
543 16 553 29 1 
494 158 507 171 1 
493 134 500 143 1 
483 34 565 154 1 
428 3 440 12 1 
426 13 437 24 1 
487 280 497 289 1 
516 301 528 314 1 
472 204 482 214 1 
409 151 421 162 1 
207 171 216 178 1 
203 164 211 174 1 
246 105 256 117 1 
219 208 228 217 1 
215 228 225 235 1 
226 352 237 363 1 
478 380 494 395 1 
542 367 564 388 1 
526 386 541 400 1 
547 354 557 365 1 
458 362 470 373 1 
