369 151 425 208 1 
424 86 457 118 1 
107 330 177 400 1 
233 190 270 227 1 
0 342 21 380 1 
468 118 549 199 1 
1 1 5 10 1 
3 0 22 14 1 
26 0 38 8 1 
41 0 47 9 1 
0 30 9 39 1 
30 45 39 54 1 
2 48 10 56 1 
18 72 31 87 1 
1 88 8 99 1 
4 99 13 109 1 
10 96 17 104 1 
12 103 22 112 1 
7 115 20 127 1 
19 127 30 137 1 
10 136 17 143 1 
4 131 11 140 1 
0 141 10 149 1 
36 140 44 149 1 
31 195 40 203 1 
16 262 25 271 1 
0 276 9 289 1 
47 242 56 252 1 
48 270 60 282 1 
33 300 53 316 1 
36 293 47 303 1 
7 252 14 260 1 
1 259 11 269 1 
14 239 23 247 1 
72 280 85 291 1 
96 344 113 362 1 
101 343 148 368 1 
132 317 142 329 1 
144 317 157 330 1 
82 167 97 183 1 
67 173 77 184 1 
76 193 86 202 1 
69 193 77 201 1 
50 181 57 190 1 
58 165 67 174 1 
69 160 78 169 1 
71 115 82 123 1 
69 91 76 100 1 
79 89 89 99 1 
60 6 67 14 1 
88 235 101 246 1 
100 222 112 236 1 
106 217 115 227 1 
105 235 118 250 1 
140 256 151 267 1 
134 295 144 305 1 
183 274 192 285 1 
188 294 197 307 1 
220 312 230 321 1 
228 323 239 334 1 
180 249 188 259 1 
189 247 199 262 1 
228 263 241 275 1 
230 280 242 291 1 
136 183 153 204 1 
162 191 174 202 1 
188 218 197 226 1 
101 105 108 115 1 
69 2 78 13 1 
82 28 89 37 1 
93 23 98 31 1 
103 24 109 33 1 
84 50 101 65 1 
103 83 115 97 1 
151 79 160 87 1 
128 108 138 118 1 
112 136 123 149 1 
127 133 141 150 1 
150 148 157 156 1 
149 129 159 140 1 
148 106 165 122 1 
158 116 173 131 1 
136 16 142 24 1 
149 34 158 43 1 
156 31 167 42 1 
167 25 177 33 1 
180 11 190 20 1 
191 58 201 70 1 
181 61 188 69 1 
199 72 206 80 1 
232 342 243 350 1 
241 355 253 364 1 
246 319 262 337 1 
187 154 199 166 1 
218 109 242 132 1 
242 107 255 122 1 
219 87 226 97 1 
255 91 272 107 1 
221 46 232 61 1 
208 10 217 20 1 
223 0 232 4 1 
253 0 268 14 1 
241 14 247 21 1 
234 195 261 227 1 
251 187 261 200 1 
272 76 288 91 1 
296 38 305 47 1 
307 42 317 54 1 
314 17 322 26 1 
342 21 355 34 1 
338 0 353 9 1 
372 4 385 17 1 
409 16 417 24 1 
406 29 415 39 1 
395 27 403 37 1 
419 22 428 30 1 
411 23 421 33 1 
422 25 434 40 1 
429 18 437 32 1 
436 4 443 13 1 
422 0 431 6 1 
454 0 466 6 1 
455 4 462 12 1 
452 20 461 29 1 
472 15 482 24 1 
499 1 506 10 1 
519 15 529 25 1 
546 29 560 43 1 
513 40 521 51 1 
427 85 458 119 1 
469 105 482 120 1 
504 76 514 91 1 
490 92 499 104 1 
499 115 529 163 1 
548 146 575 177 1 
534 172 543 185 1 
369 151 427 204 1 
410 230 420 245 1 
386 247 402 261 1 
291 272 303 284 1 
304 280 320 296 1 
291 335 307 349 1 
314 332 325 344 1 
320 354 331 363 1 
328 318 340 332 1 
360 299 377 316 1 
369 275 382 290 1 
397 270 408 282 1 
406 279 418 292 1 
393 285 403 298 1 
426 285 444 304 1 
468 289 479 304 1 
477 245 492 262 1 
500 240 512 254 1 
473 264 482 273 1 
464 267 474 276 1 
444 261 454 272 1 
508 260 520 273 1 
500 268 511 276 1 
521 290 533 307 1 
523 325 535 337 1 
503 320 514 333 1 
559 305 583 330 1 
538 270 563 296 1 
559 215 569 227 1 
572 237 586 259 1 
561 234 572 249 1 
554 241 562 250 1 
569 265 576 274 1 
547 207 557 218 1 
558 179 568 189 1 
512 226 521 236 1 
484 200 495 211 1 
489 187 499 196 1 
566 81 574 91 1 
572 78 583 88 1 
464 52 472 61 1 
369 55 376 62 1 
399 61 407 69 1 
352 65 360 73 1 
325 75 334 85 1 
318 73 326 81 1 
306 88 314 98 1 
309 84 318 90 1 
277 112 285 120 1 
286 141 296 153 1 
353 123 361 132 1 
342 120 351 127 1 
270 123 280 131 1 
266 132 274 140 1 
264 147 272 154 1 
289 154 296 163 1 
279 148 287 155 1 
325 147 335 156 1 
202 188 208 196 1 
368 74 375 81 1 
0 0 0 0 1 
374 68 385 79 1 
365 83 373 93 1 
411 108 418 116 1 
403 114 412 124 1 
400 122 406 129 1 
429 123 448 139 1 
458 158 467 167 1 
468 150 476 158 1 
458 81 466 91 1 
564 60 571 68 1 
572 59 579 69 1 
560 65 571 74 1 
576 189 585 202 1 
550 189 558 198 1 
421 222 432 234 1 
357 343 367 354 1 
374 346 384 354 1 
333 272 340 281 1 
459 345 468 354 1 
475 350 484 359 1 
424 354 434 362 1 
242 160 252 168 1 
227 175 235 183 1 
201 32 212 43 1 
160 387 171 399 1 
204 372 214 383 1 
413 380 426 393 1 
434 361 444 372 1 
425 355 433 364 1 
500 368 513 379 1 
463 372 471 381 1 
