433 114 473 153 1 
72 195 161 284 1 
216 150 247 182 1 
363 375 392 400 1 
0 310 28 340 1 
433 110 479 153 1 
408 80 427 98 1 
176 27 199 45 1 
127 48 139 60 1 
145 132 163 151 1 
107 154 121 168 1 
127 231 147 251 1 
305 164 322 179 1 
255 269 276 284 1 
51 298 65 313 1 
62 5 79 17 1 
555 6 572 22 1 
578 35 592 52 1 
579 65 593 81 1 
376 159 397 178 1 
359 195 376 212 1 
195 132 207 146 1 
118 95 136 111 1 
40 148 56 165 1 
301 288 313 301 1 
429 172 445 188 1 
543 75 558 86 1 
561 197 576 212 1 
504 133 519 147 1 
513 122 527 137 1 
502 150 516 163 1 
544 252 562 270 1 
493 285 514 303 1 
527 299 543 315 1 
29 277 44 291 1 
45 201 56 213 1 
60 207 72 219 1 
70 237 84 252 1 
93 279 109 295 1 
178 2 198 20 1 
495 257 510 269 1 
573 367 582 378 1 
544 382 558 394 1 
19 38 30 51 1 
29 105 42 119 1 
78 14 93 30 1 
258 10 277 30 1 
291 30 302 41 1 
304 38 315 50 1 
351 130 366 147 1 
294 327 310 340 1 
308 304 320 315 1 
254 390 269 400 1 
497 318 522 342 1 
564 225 586 244 1 
586 200 596 213 1 
378 234 393 248 1 
374 290 388 303 1 
178 364 189 376 1 
230 375 247 389 1 
129 331 142 345 1 
70 350 81 362 1 
5 188 18 200 1 
188 188 200 199 1 
