489 192 522 225 1 
526 315 558 347 1 
0 75 46 145 1 
54 48 84 78 1 
280 100 308 128 1 
532 0 559 28 1 
61 239 91 269 1 
304 10 338 44 1 
407 62 470 125 1 
232 121 271 160 1 
29 161 56 188 1 
15 0 23 8 1 
5 9 11 15 1 
1 14 8 23 1 
18 22 25 29 1 
44 1 50 8 1 
0 48 8 58 1 
44 17 58 30 1 
62 23 75 36 1 
77 0 96 12 1 
90 35 106 51 1 
81 51 94 64 1 
56 51 86 86 1 
0 91 21 135 1 
26 145 34 153 1 
28 157 47 183 1 
2 166 16 182 1 
60 124 72 135 1 
87 96 96 106 1 
28 227 40 237 1 
62 243 83 264 1 
32 252 42 259 1 
8 249 19 258 1 
0 283 10 293 1 
0 294 10 306 1 
41 291 52 300 1 
24 286 33 297 1 
19 302 31 313 1 
25 316 38 330 1 
45 332 54 345 1 
2 352 14 364 1 
92 341 106 356 1 
94 199 109 214 1 
101 183 113 197 1 
126 137 136 148 1 
130 160 140 171 1 
153 167 162 176 1 
145 158 154 166 1 
137 188 149 201 1 
139 228 157 247 1 
146 271 163 286 1 
0 0 0 0 1 
179 234 192 249 1 
102 64 122 85 1 
134 2 143 12 1 
107 22 117 33 1 
129 17 138 26 1 
129 28 135 37 1 
132 33 141 41 1 
133 39 140 46 1 
128 45 137 54 1 
115 43 125 53 1 
88 298 99 307 1 
250 245 259 256 1 
235 261 247 272 1 
234 307 245 319 1 
209 350 223 362 1 
201 346 210 357 1 
257 344 266 353 1 
274 337 287 350 1 
296 338 306 348 1 
264 271 278 286 1 
270 247 283 259 1 
282 243 299 259 1 
292 237 306 249 1 
308 283 324 297 1 
339 287 348 296 1 
300 314 310 325 1 
309 351 322 362 1 
278 354 296 363 1 
145 102 157 116 1 
189 139 201 150 1 
194 153 201 161 1 
206 152 215 162 1 
200 186 209 196 1 
223 189 234 199 1 
151 52 168 67 1 
145 29 154 41 1 
153 35 165 43 1 
176 22 198 43 1 
197 19 212 36 1 
170 0 191 11 1 
206 0 235 22 1 
238 52 253 65 1 
252 77 273 98 1 
278 102 299 127 1 
304 13 334 42 1 
310 39 322 53 1 
289 2 302 13 1 
291 35 300 45 1 
316 148 331 162 1 
313 206 324 217 1 
311 77 321 85 1 
344 77 351 87 1 
349 74 358 83 1 
340 110 348 118 1 
365 133 375 142 1 
361 139 370 146 1 
375 149 389 164 1 
396 154 417 177 1 
411 175 426 191 1 
332 217 345 230 1 
357 210 372 223 1 
379 194 393 211 1 
379 172 386 179 1 
385 183 394 193 1 
396 213 406 223 1 
378 244 400 268 1 
437 342 446 354 1 
418 334 428 344 1 
413 317 425 328 1 
427 320 438 329 1 
411 232 422 251 1 
516 323 526 337 1 
526 316 556 342 1 
488 262 501 275 1 
561 239 576 254 1 
356 164 365 172 1 
380 81 390 90 1 
375 81 381 89 1 
384 63 394 72 1 
384 47 400 62 1 
394 30 411 46 1 
354 42 365 52 1 
398 17 405 27 1 
401 4 411 14 1 
388 0 397 10 1 
411 0 428 10 1 
436 3 447 14 1 
438 206 448 216 1 
437 195 446 205 1 
447 162 459 174 1 
404 90 421 108 1 
420 98 431 110 1 
412 77 438 104 1 
415 61 429 77 1 
432 49 441 61 1 
458 23 477 45 1 
465 4 485 24 1 
474 22 485 35 1 
452 0 484 21 1 
479 0 495 10 1 
501 19 512 30 1 
536 0 561 26 1 
517 19 529 31 1 
524 47 533 60 1 
536 67 547 80 1 
554 58 565 68 1 
564 59 573 72 1 
561 36 573 51 1 
398 139 415 154 1 
409 128 419 139 1 
443 77 453 90 1 
450 75 457 83 1 
461 73 468 82 1 
467 47 481 65 1 
500 52 518 73 1 
506 90 515 100 1 
464 75 478 114 1 
461 108 472 122 1 
468 141 479 152 1 
459 149 468 159 1 
434 127 444 138 1 
441 145 449 152 1 
495 156 504 164 1 
485 175 500 188 1 
487 194 524 225 1 
489 228 506 244 1 
466 213 476 224 1 
476 202 484 210 1 
568 260 578 270 1 
534 128 549 143 1 
571 197 581 209 1 
243 123 252 133 1 
