461 322 497 358 1 
380 312 434 366 1 
305 310 336 342 1 
66 303 94 331 1 
203 130 284 211 1 
117 84 145 112 1 
104 56 135 88 1 
28 8 78 59 1 
0 52 66 144 1 
179 70 208 99 1 
312 235 398 321 1 
406 125 464 183 1 
103 53 134 86 1 
125 21 149 45 1 
119 82 144 108 1 
101 52 139 86 1 
129 118 145 135 1 
280 147 295 164 1 
295 194 314 220 1 
64 288 82 303 1 
66 271 76 284 1 
86 221 99 233 1 
126 213 142 224 1 
448 0 475 16 1 
491 8 512 32 1 
510 92 526 111 1 
511 31 527 45 1 
537 18 551 33 1 
445 112 465 132 1 
384 171 401 190 1 
323 54 339 71 1 
319 34 335 48 1 
334 30 342 41 1 
202 146 260 198 1 
222 7 236 21 1 
201 231 215 243 1 
208 220 223 235 1 
304 307 338 341 1 
384 312 439 360 1 
462 325 502 358 1 
535 324 562 348 1 
222 77 238 89 1 
188 96 197 104 1 
236 112 249 125 1 
451 82 464 92 1 
551 81 565 99 1 
560 46 568 55 1 
572 178 584 191 1 
569 203 582 218 1 
576 223 584 235 1 
314 242 327 257 1 
346 221 356 231 1 
352 230 363 241 1 
386 228 397 239 1 
459 223 470 231 1 
469 237 483 257 1 
460 212 466 222 1 
230 334 241 345 1 
346 342 357 354 1 
378 278 391 292 1 
68 294 105 332 1 
112 335 122 346 1 
6 153 17 166 1 
266 64 284 81 1 
286 103 305 123 1 
217 95 229 107 1 
352 287 365 299 1 
468 264 479 273 1 
396 271 406 282 1 
390 285 400 298 1 
363 319 377 331 1 
496 163 506 175 1 
132 156 142 167 1 
173 193 184 203 1 
