543 138 571 165 1 
498 205 541 247 1 
291 300 357 365 1 
145 178 191 224 1 
187 49 273 135 1 
86 328 124 366 1 
354 63 424 133 1 
542 185 575 218 1 
541 137 576 172 1 
487 196 556 266 1 
482 205 494 218 1 
490 230 504 244 1 
500 236 514 250 1 
531 229 548 248 1 
552 238 571 257 1 
528 246 540 258 1 
583 288 598 304 1 
550 283 576 307 1 
517 352 556 391 1 
469 381 509 403 1 
475 369 492 386 1 
455 362 469 377 1 
423 351 435 364 1 
376 377 393 394 1 
403 321 418 338 1 
401 305 419 324 1 
377 279 399 302 1 
370 281 380 293 1 
355 281 370 297 1 
336 289 360 314 1 
350 316 361 326 1 
344 330 359 347 1 
288 297 363 368 1 
295 352 315 374 1 
246 319 261 336 1 
244 358 256 371 1 
224 351 236 365 1 
218 365 230 378 1 
198 367 221 391 1 
177 342 205 369 1 
144 356 181 392 1 
77 358 106 388 1 
83 324 142 382 1 
53 357 72 376 1 
11 347 24 360 1 
0 257 30 311 1 
15 192 33 211 1 
11 163 26 179 1 
29 162 45 179 1 
29 144 45 161 1 
1 112 12 128 1 
57 87 78 107 1 
71 77 90 98 1 
62 59 78 74 1 
44 5 59 22 1 
20 0 35 11 1 
40 0 57 6 1 
101 30 115 44 1 
121 44 131 54 1 
143 29 199 84 1 
122 51 175 102 1 
167 70 181 85 1 
181 112 195 127 1 
183 56 274 143 1 
212 99 229 116 1 
223 70 236 84 1 
226 57 238 71 1 
213 30 234 52 1 
196 26 211 42 1 
222 7 236 22 1 
279 18 294 33 1 
286 53 308 75 1 
347 14 372 40 1 
372 64 387 78 1 
311 95 334 118 1 
309 164 342 198 1 
331 217 352 239 1 
414 1 441 24 1 
482 37 498 53 1 
508 38 521 52 1 
530 37 544 51 1 
528 51 543 65 1 
482 88 500 106 1 
494 94 519 118 1 
407 150 424 167 1 
368 138 405 173 1 
303 160 346 202 1 
326 216 349 238 1 
296 240 322 265 1 
25 267 38 283 1 
1 317 10 332 1 
37 42 48 54 1 
73 40 84 52 1 
134 12 147 26 1 
157 172 173 188 1 
154 176 198 222 1 
98 147 145 193 1 
137 168 151 183 1 
100 297 119 317 1 
93 314 109 329 1 
141 306 152 317 1 
136 301 146 312 1 
161 265 178 283 1 
173 275 184 286 1 
174 291 183 302 1 
188 231 211 254 1 
204 249 226 269 1 
182 253 194 265 1 
231 219 245 235 1 
164 139 186 161 1 
296 240 323 266 1 
285 221 311 246 1 
281 253 293 267 1 
274 265 293 286 1 
258 179 274 196 1 
291 160 309 176 1 
375 250 408 284 1 
363 240 379 258 1 
353 238 366 251 1 
350 250 361 261 1 
376 356 390 369 1 
409 253 424 268 1 
418 270 435 286 1 
427 277 444 296 1 
419 285 430 297 1 
440 224 456 242 1 
448 214 462 228 1 
438 100 453 116 1 
446 111 461 127 1 
438 129 453 145 1 
447 136 460 151 1 
470 181 483 196 1 
521 131 538 148 1 
512 152 527 167 1 
515 177 530 194 1 
511 168 521 178 1 
534 71 546 85 1 
573 15 586 29 1 
585 207 600 223 1 
584 226 596 241 1 
564 226 581 242 1 
586 245 597 257 1 
564 273 575 286 1 
562 328 573 340 1 
485 331 494 342 1 
508 343 519 354 1 
515 331 526 342 1 
502 332 516 345 1 
413 187 485 263 1 
361 0 386 18 1 
244 157 264 178 1 
258 95 272 110 1 
461 318 472 330 1 
260 191 293 223 1 
94 222 112 242 1 
98 207 117 226 1 
89 206 102 220 1 
70 225 85 241 1 
259 94 273 109 1 
325 8 347 30 1 
391 43 408 62 1 
405 45 419 59 1 
459 30 475 45 1 
228 233 271 278 1 
232 187 257 213 1 
443 85 453 96 1 
452 85 465 99 1 
520 63 530 73 1 
545 58 555 68 1 
79 143 95 161 1 
40 127 50 138 1 
53 141 64 152 1 
65 177 75 188 1 
73 274 98 299 1 
159 220 171 233 1 
183 215 201 233 1 
200 183 224 206 1 
313 29 354 68 1 
528 90 543 107 1 
535 172 554 192 1 
503 271 526 297 1 
529 355 539 366 1 
374 109 390 126 1 
387 126 403 144 1 
442 295 453 309 1 
209 164 218 174 1 
0 215 9 242 1 
158 108 184 136 1 
