202 20 230 47 1 
278 0 304 16 1 
199 18 232 48 1 
557 23 585 49 1 
398 74 423 98 1 
397 57 415 76 1 
426 66 446 85 1 
115 309 145 340 1 
14 377 43 400 1 
213 331 232 354 1 
175 253 191 268 1 
180 273 194 290 1 
321 272 336 290 1 
311 187 326 207 1 
374 163 389 179 1 
310 32 329 53 1 
349 8 361 19 1 
332 19 345 31 1 
394 0 412 9 1 
531 208 548 223 1 
536 237 548 252 1 
582 286 599 304 1 
573 315 591 332 1 
403 300 437 327 1 
456 252 472 268 1 
507 179 522 196 1 
544 175 558 188 1 
507 108 522 123 1 
259 273 291 306 1 
190 128 204 144 1 
139 81 152 97 1 
167 70 180 87 1 
244 348 263 366 1 
96 246 117 267 1 
473 141 483 153 1 
560 99 572 112 1 
420 32 435 46 1 
448 52 463 64 1 
429 18 440 29 1 
336 308 353 320 1 
336 300 349 307 1 
481 259 495 273 1 
212 373 231 388 1 
22 65 34 77 1 
63 107 77 121 1 
186 347 202 362 1 
166 357 185 370 1 
458 312 468 324 1 
262 81 273 93 1 
433 89 445 99 1 
480 325 492 337 1 
562 209 573 220 1 
561 233 572 249 1 
219 94 230 106 1 
26 320 41 336 1 
361 235 373 246 1 
532 83 542 96 1 
