259 265 305 311 1 
145 303 240 398 1 
106 243 135 272 1 
38 277 73 312 1 
173 90 202 119 1 
226 197 262 233 1 
147 303 243 399 1 
260 265 305 314 1 
520 67 550 97 1 
548 76 566 95 1 
572 80 588 96 1 
548 49 570 71 1 
505 12 521 28 1 
484 45 497 58 1 
400 68 425 93 1 
440 129 457 146 1 
237 63 255 83 1 
393 170 415 193 1 
406 211 427 232 1 
380 227 399 246 1 
417 301 433 317 1 
100 60 120 80 1 
105 240 138 273 1 
137 245 158 266 1 
311 112 329 131 1 
171 87 203 120 1 
5 159 23 177 1 
23 221 40 238 1 
23 235 39 251 1 
16 92 34 110 1 
68 150 93 175 1 
62 224 77 240 1 
81 197 97 215 1 
48 356 77 385 1 
17 273 45 301 1 
118 325 137 344 1 
125 304 141 320 1 
193 186 210 203 1 
357 357 374 374 1 
250 99 275 124 1 
192 157 206 171 1 
162 177 182 197 1 
447 229 469 251 1 
471 300 484 313 1 
507 281 523 296 1 
16 327 30 341 1 
285 160 304 178 1 
311 227 331 247 1 
389 247 409 265 1 
505 242 528 265 1 
467 57 487 77 1 
368 30 389 52 1 
479 191 497 209 1 
555 370 573 388 1 
91 347 112 368 1 
177 237 197 257 1 
469 149 484 164 1 
561 231 578 248 1 
539 339 553 353 1 
334 89 355 110 1 
421 7 441 27 1 
483 282 498 297 1 
436 272 449 285 1 
488 348 505 365 1 
559 28 575 44 1 
238 177 257 196 1 
288 198 305 215 1 
296 16 311 31 1 
303 54 321 72 1 
360 204 387 231 1 
294 308 345 359 1 
222 230 234 242 1 
522 369 548 395 1 
200 18 218 36 1 
378 310 391 323 1 
369 148 386 165 1 
475 151 514 190 1 
550 148 567 165 1 
567 306 581 320 1 
480 246 494 261 1 
527 50 540 63 1 
489 64 502 78 1 
