410 161 511 262 1 
532 368 558 394 1 
223 144 253 174 1 
247 52 280 86 1 
32 124 112 203 1 
171 343 204 375 1 
223 344 254 374 1 
99 223 137 261 1 
447 111 476 140 1 
468 0 495 16 1 
21 118 91 197 1 
217 141 255 173 1 
302 170 316 185 1 
364 154 381 173 1 
359 170 379 184 1 
377 177 396 197 1 
410 172 429 194 1 
414 153 477 267 1 
436 290 449 302 1 
441 279 460 293 1 
454 287 473 309 1 
500 309 521 331 1 
520 340 533 350 1 
560 288 572 301 1 
517 270 530 282 1 
485 263 499 274 1 
484 273 498 283 1 
404 312 427 336 1 
420 337 432 351 1 
267 337 283 353 1 
216 340 257 362 1 
163 334 211 361 1 
267 321 283 333 1 
284 340 298 357 1 
281 293 299 310 1 
253 278 270 289 1 
222 268 249 297 1 
181 298 195 312 1 
154 303 164 314 1 
105 288 117 300 1 
59 266 87 296 1 
46 272 62 288 1 
52 344 69 360 1 
29 330 50 358 1 
6 250 18 268 1 
15 287 27 299 1 
29 218 46 234 1 
99 202 119 223 1 
104 192 131 270 1 
133 164 148 177 1 
115 132 141 154 1 
153 177 170 195 1 
163 149 175 165 1 
149 136 161 151 1 
187 114 206 142 1 
224 108 233 118 1 
234 83 245 96 1 
232 114 247 126 1 
262 108 275 123 1 
239 51 269 81 1 
256 33 270 50 1 
176 48 189 66 1 
155 26 169 41 1 
95 63 108 75 1 
161 92 176 109 1 
156 105 166 117 1 
103 176 118 186 1 
55 98 70 115 1 
105 86 117 100 1 
54 42 73 58 1 
21 35 40 50 1 
16 10 27 24 1 
77 2 94 20 1 
369 34 379 45 1 
339 4 358 25 1 
386 30 407 52 1 
369 216 393 241 1 
550 200 579 227 1 
497 117 521 144 1 
447 105 474 143 1 
229 202 240 215 1 
340 95 359 112 1 
365 61 380 80 1 
419 6 433 23 1 
464 1 488 15 1 
500 15 518 33 1 
501 36 515 56 1 
500 61 510 79 1 
529 90 545 113 1 
556 89 575 109 1 
534 73 553 89 1 
566 63 580 80 1 
561 108 583 129 1 
500 92 519 104 1 
362 137 382 153 1 
133 62 157 83 1 
129 46 144 62 1 
118 4 149 30 1 
1 129 6 149 1 
10 147 33 173 1 
127 254 145 270 1 
455 331 480 358 1 
395 285 406 307 1 
395 211 411 223 1 
398 234 414 249 1 
318 228 329 239 1 
312 273 326 284 1 
158 244 175 276 1 
162 231 175 245 1 
366 283 377 294 1 
356 234 368 247 1 
339 155 353 166 1 
451 36 459 45 1 
74 101 88 111 1 
502 151 516 164 1 
529 217 553 240 1 
7 226 17 235 1 
142 87 151 97 1 
326 91 336 101 1 
482 102 497 111 1 
449 1 459 9 1 
