216 170 253 206 1 
507 113 546 152 1 
5 253 41 289 1 
260 315 300 355 1 
349 88 374 114 1 
170 0 320 136 1 
423 253 455 284 1 
262 205 283 226 1 
216 167 257 209 1 
20 37 33 51 1 
20 135 39 154 1 
2 193 19 210 1 
45 262 60 277 1 
37 338 49 351 1 
65 251 79 265 1 
49 246 68 265 1 
2 251 43 292 1 
132 155 144 167 1 
51 80 64 92 1 
60 87 73 100 1 
95 128 108 141 1 
271 80 287 97 1 
175 96 189 110 1 
148 72 163 86 1 
166 182 183 198 1 
159 187 184 213 1 
116 179 132 195 1 
95 189 108 204 1 
347 81 383 117 1 
465 5 492 32 1 
346 187 370 211 1 
313 136 332 155 1 
421 320 447 346 1 
330 310 351 332 1 
133 20 147 34 1 
115 62 129 77 1 
134 116 148 130 1 
46 303 56 313 1 
31 310 42 321 1 
14 320 27 332 1 
341 18 368 45 1 
431 149 448 166 1 
448 241 473 266 1 
467 165 483 181 1 
497 207 517 227 1 
508 287 529 309 1 
303 249 317 263 1 
227 260 244 277 1 
318 25 333 41 1 
339 40 361 62 1 
395 83 413 101 1 
427 205 443 221 1 
548 204 571 227 1 
535 65 559 90 1 
536 92 557 113 1 
551 43 568 61 1 
293 344 309 359 1 
263 308 308 353 1 
365 329 388 352 1 
115 32 132 49 1 
76 339 89 352 1 
336 153 351 168 1 
406 132 427 153 1 
260 33 276 49 1 
397 54 411 68 1 
338 250 352 264 1 
425 253 455 283 1 
72 173 83 184 1 
171 333 183 345 1 
439 25 460 46 1 
430 128 448 146 1 
522 191 540 209 1 
247 302 262 317 1 
273 220 286 233 1 
287 149 304 166 1 
394 201 408 215 1 
290 45 302 57 1 
311 58 322 69 1 
417 92 432 107 1 
63 54 75 66 1 
115 220 132 237 1 
321 257 337 273 1 
415 301 428 314 1 
