364 274 469 378 1 
262 11 370 118 1 
102 261 156 315 1 
0 11 45 75 1 
98 192 135 229 1 
119 88 146 116 1 
28 312 62 346 1 
223 312 249 337 1 
212 340 237 365 1 
279 265 359 345 1 
242 167 272 196 1 
423 65 450 91 1 
550 161 577 188 1 
402 188 439 224 1 
226 103 261 138 1 
374 272 472 375 1 
265 9 393 126 1 
26 310 68 349 1 
97 247 166 314 1 
44 0 73 22 1 
109 11 127 27 1 
94 35 112 51 1 
104 62 131 82 1 
117 89 147 122 1 
146 75 164 90 1 
93 189 142 236 1 
131 192 148 205 1 
423 61 452 93 1 
548 161 579 188 1 
425 153 452 178 1 
457 160 476 177 1 
475 138 493 156 1 
455 199 475 219 1 
458 222 480 240 1 
220 311 252 336 1 
209 341 235 363 1 
213 362 233 383 1 
163 326 187 349 1 
239 168 276 195 1 
206 43 229 68 1 
234 72 249 92 1 
123 45 137 56 1 
24 96 39 110 1 
31 109 46 121 1 
67 105 78 117 1 
28 186 41 199 1 
2 200 17 216 1 
187 224 199 236 1 
175 287 195 309 1 
352 217 369 237 1 
284 250 299 265 1 
188 62 202 75 1 
416 26 431 41 1 
418 39 431 53 1 
447 12 459 26 1 
507 226 524 241 1 
507 215 517 226 1 
512 297 529 315 1 
568 355 587 374 1 
569 344 585 354 1 
504 380 520 394 1 
532 365 548 378 1 
251 335 265 350 1 
279 296 299 315 1 
17 4 26 14 1 
13 13 26 25 1 
157 182 174 197 1 
102 164 116 177 1 
36 161 56 177 1 
78 148 90 161 1 
372 116 390 132 1 
376 166 389 181 1 
385 187 399 200 1 
349 180 361 194 1 
81 287 95 305 1 
68 276 79 290 1 
156 152 171 168 1 
194 169 206 182 1 
399 28 410 42 1 
537 94 552 111 1 
581 260 594 273 1 
541 337 555 348 1 
210 383 225 397 1 
79 14 90 26 1 
311 377 320 387 1 
425 377 438 390 1 
505 124 517 137 1 
403 121 412 132 1 
436 139 448 152 1 
166 114 191 134 1 
248 252 259 266 1 
308 236 318 248 1 
268 82 294 103 1 
263 67 279 79 1 
298 4 315 22 1 
331 2 344 15 1 
209 30 222 45 1 
562 52 576 63 1 
36 389 58 400 1 
27 366 37 377 1 
2 339 13 354 1 
71 167 81 180 1 
531 21 545 34 1 
66 45 80 54 1 
