113 221 171 280 1 
244 79 295 130 1 
307 0 374 39 1 
250 359 276 384 1 
0 176 47 262 1 
218 288 252 322 1 
284 6 314 36 1 
409 324 437 353 1 
1 20 28 48 1 
17 84 36 103 1 
3 102 39 139 1 
18 131 34 148 1 
3 146 21 164 1 
0 190 21 252 1 
39 229 61 251 1 
66 232 76 244 1 
78 239 93 255 1 
61 272 72 283 1 
55 288 66 299 1 
16 270 29 284 1 
13 284 22 294 1 
0 318 10 331 1 
24 386 39 399 1 
66 335 82 351 1 
60 328 70 339 1 
55 340 68 354 1 
112 387 123 398 1 
125 395 137 402 1 
148 365 164 381 1 
141 339 162 361 1 
161 317 172 329 1 
127 297 138 310 1 
113 215 178 280 1 
169 224 183 239 1 
175 246 187 260 1 
185 236 206 259 1 
170 258 186 275 1 
158 267 173 282 1 
166 277 183 295 1 
239 259 253 274 1 
252 248 266 262 1 
258 233 272 249 1 
256 213 268 227 1 
234 168 251 187 1 
196 161 216 180 1 
194 174 207 188 1 
174 158 185 171 1 
183 164 194 175 1 
181 170 193 183 1 
209 121 231 143 1 
236 118 255 139 1 
249 130 263 145 1 
244 82 300 136 1 
275 78 288 93 1 
287 75 301 90 1 
224 62 246 85 1 
217 7 241 29 1 
242 18 253 30 1 
173 22 193 41 1 
284 3 318 38 1 
300 0 375 36 1 
360 26 373 41 1 
409 15 436 42 1 
425 37 437 50 1 
395 62 409 77 1 
404 57 417 70 1 
351 56 370 76 1 
341 49 361 70 1 
393 144 418 169 1 
416 149 436 170 1 
426 138 439 152 1 
442 150 454 163 1 
457 117 469 129 1 
507 78 530 100 1 
511 99 523 111 1 
541 81 554 94 1 
545 14 560 28 1 
548 6 559 17 1 
577 18 587 28 1 
587 67 598 79 1 
588 87 600 102 1 
554 117 577 140 1 
544 166 558 178 1 
560 173 572 185 1 
540 204 559 224 1 
566 221 580 237 1 
588 260 600 274 1 
450 235 474 261 1 
478 241 494 257 1 
472 232 486 246 1 
492 247 507 263 1 
470 310 499 339 1 
468 360 483 375 1 
490 381 517 402 1 
499 374 511 387 1 
437 384 450 397 1 
410 374 435 399 1 
404 318 444 360 1 
401 346 418 363 1 
393 369 407 384 1 
386 320 403 337 1 
407 294 422 310 1 
395 299 410 314 1 
373 338 387 353 1 
342 340 358 357 1 
328 364 353 389 1 
248 358 277 388 1 
275 369 293 388 1 
280 357 291 368 1 
286 308 309 333 1 
333 299 351 319 1 
343 216 394 270 1 
324 240 343 260 1 
317 190 334 208 1 
301 220 315 234 1 
259 235 273 249 1 
256 214 267 227 1 
230 236 241 249 1 
239 260 251 274 1 
217 285 254 325 1 
190 277 208 297 1 
513 5 535 27 1 
522 35 534 47 1 
511 49 523 61 1 
523 50 532 60 1 
529 65 539 76 1 
539 117 556 135 1 
536 163 546 174 1 
566 206 577 217 1 
540 256 551 267 1 
581 319 595 333 1 
501 294 513 306 1 
497 280 507 290 1 
501 234 510 243 1 
516 235 525 245 1 
520 237 532 250 1 
488 225 499 235 1 
465 165 484 185 1 
455 213 474 232 1 
435 263 447 275 1 
440 177 459 196 1 
426 281 443 300 1 
421 273 433 285 1 
413 257 423 268 1 
423 260 432 270 1 
438 325 450 337 1 
437 311 448 323 1 
430 314 438 323 1 
455 368 468 383 1 
395 233 410 248 1 
415 196 436 218 1 
401 197 418 215 1 
385 206 408 229 1 
372 192 392 212 1 
372 208 382 220 1 
380 105 400 125 1 
382 83 397 100 1 
286 41 308 65 1 
306 45 323 62 1 
302 34 314 48 1 
289 198 305 214 1 
277 213 287 224 1 
277 264 287 276 1 
314 265 325 277 1 
315 302 326 315 1 
354 326 364 338 1 
257 258 271 274 1 
271 276 288 294 1 
176 83 196 103 1 
153 119 170 136 1 
138 122 152 137 1 
117 110 138 133 1 
69 83 90 104 1 
89 81 101 94 1 
135 144 148 158 1 
117 136 138 157 1 
86 152 104 171 1 
65 170 85 191 1 
83 210 95 223 1 
135 144 148 159 1 
85 322 99 338 1 
125 350 138 365 1 
55 40 67 55 1 
18 60 31 72 1 
126 36 142 53 1 
141 29 152 41 1 
144 45 155 56 1 
177 0 189 9 1 
465 48 484 66 1 
472 67 488 83 1 
456 62 472 80 1 
477 101 488 112 1 
529 143 541 156 1 
574 266 584 278 1 
572 280 582 291 1 
441 59 456 76 1 
367 108 380 123 1 
313 61 338 87 1 
255 159 267 172 1 
214 98 228 113 1 
162 90 178 107 1 
145 89 161 105 1 
188 148 202 164 1 
222 329 236 344 1 
231 335 247 352 1 
195 348 224 377 1 
120 6 139 25 1 
93 0 111 11 1 
50 135 62 148 1 
192 197 204 209 1 
170 197 180 208 1 
255 160 267 173 1 
298 125 308 136 1 
295 101 307 114 1 
314 95 326 107 1 
317 63 337 85 1 
323 26 332 37 1 
327 33 339 47 1 
227 35 236 44 1 
214 35 223 45 1 
149 15 161 27 1 
120 101 130 111 1 
168 195 180 208 1 
440 0 469 18 1 
581 239 602 263 1 
588 285 597 295 1 
299 337 310 350 1 
306 344 315 354 1 
90 384 102 397 1 
106 360 117 372 1 
24 300 36 312 1 
128 279 137 290 1 
61 146 72 157 1 
59 71 69 81 1 
28 77 38 88 1 
80 49 90 59 1 
237 0 254 12 1 
257 4 267 14 1 
332 263 388 313 1 
375 257 388 270 1 
376 267 390 282 1 
283 159 296 174 1 
306 150 320 165 1 
250 41 260 53 1 
248 62 262 76 1 
224 56 232 65 1 
250 41 260 52 1 
278 23 291 37 1 
286 34 296 45 1 
66 126 76 137 1 
25 15 49 40 1 
56 18 68 31 1 
542 49 552 61 1 
574 96 592 115 1 
524 175 539 190 1 
565 360 586 382 1 
570 388 588 402 1 
455 342 464 352 1 
375 382 386 393 1 
427 55 437 67 1 
421 79 433 92 1 
