478 143 520 186 1 
371 225 430 284 1 
424 21 457 55 1 
471 143 518 190 1 
361 225 429 287 1 
437 208 454 226 1 
444 290 471 316 1 
554 249 578 275 1 
572 339 592 357 1 
555 366 571 381 1 
271 331 290 345 1 
279 359 293 376 1 
297 358 315 377 1 
222 318 239 335 1 
50 282 69 300 1 
78 337 96 358 1 
223 106 236 120 1 
228 21 244 38 1 
435 97 458 116 1 
416 99 432 116 1 
459 64 472 80 1 
461 9 473 22 1 
578 3 590 15 1 
551 8 560 19 1 
581 164 599 184 1 
564 127 580 140 1 
565 115 579 127 1 
552 141 566 155 1 
515 119 530 133 1 
509 98 520 111 1 
483 91 496 105 1 
454 130 465 144 1 
434 132 447 143 1 
520 72 538 85 1 
519 89 530 101 1 
500 66 515 80 1 
479 68 494 83 1 
301 145 313 159 1 
345 51 360 70 1 
358 113 369 126 1 
396 206 406 217 1 
340 232 351 241 1 
395 345 411 357 1 
37 95 54 112 1 
56 23 66 34 1 
83 8 92 19 1 
50 9 60 21 1 
4 15 20 30 1 
93 132 111 146 1 
564 393 578 400 1 
180 227 204 252 1 
534 260 548 273 1 
538 225 549 236 1 
534 187 544 199 1 
96 85 107 96 1 
107 92 118 104 1 
88 182 103 195 1 
83 196 99 209 1 
