391 281 432 323 1 
250 53 322 125 1 
409 107 453 151 1 
300 245 325 271 1 
49 136 77 163 1 
301 147 347 193 1 
502 226 535 259 1 
312 0 376 65 1 
227 0 289 45 1 
386 276 436 326 1 
537 339 563 365 1 
525 292 544 315 1 
446 274 466 295 1 
361 222 387 251 1 
337 258 359 277 1 
297 244 323 269 1 
285 238 298 254 1 
259 250 276 269 1 
288 293 300 307 1 
301 310 323 330 1 
379 344 395 359 1 
336 332 359 352 1 
402 371 416 381 1 
419 177 442 200 1 
407 150 427 171 1 
471 54 494 78 1 
489 121 511 139 1 
398 32 420 56 1 
411 8 429 29 1 
3 169 23 195 1 
0 290 23 325 1 
100 269 126 293 1 
10 62 29 81 1 
297 146 350 195 1 
283 385 304 400 1 
270 379 283 396 1 
199 179 218 198 1 
194 196 209 213 1 
164 177 179 194 1 
117 164 131 177 1 
134 163 148 180 1 
135 143 148 158 1 
88 109 103 125 1 
120 25 135 42 1 
145 0 165 14 1 
130 251 145 265 1 
347 298 361 309 1 
365 295 375 308 1 
491 252 506 270 1 
504 284 513 300 1 
190 233 199 247 1 
177 223 189 238 1 
33 203 47 221 1 
322 0 352 22 1 
304 30 319 53 1 
363 48 377 65 1 
318 95 331 106 1 
370 128 391 149 1 
406 107 453 149 1 
176 360 192 377 1 
84 370 102 386 1 
197 289 208 304 1 
181 113 195 129 1 
90 68 110 90 1 
525 193 538 206 1 
29 381 46 396 1 
156 82 184 105 1 
379 181 393 197 1 
309 228 322 239 1 
145 304 158 318 1 
68 191 81 204 1 
118 147 134 163 1 
24 16 38 29 1 
491 11 515 35 1 
586 205 596 219 1 
572 89 588 108 1 
422 212 437 226 1 
433 238 446 252 1 
240 358 253 375 1 
233 335 248 351 1 
31 318 42 331 1 
31 283 45 298 1 
66 298 78 312 1 
153 72 164 83 1 
326 53 339 65 1 
402 60 418 74 1 
327 363 342 376 1 
332 352 344 363 1 
203 220 217 234 1 
