359 193 403 238 1 
30 5 64 39 1 
417 249 457 289 1 
88 33 116 60 1 
24 2 72 45 1 
68 16 90 38 1 
81 30 122 66 1 
78 36 90 49 1 
51 53 70 70 1 
61 65 75 78 1 
124 55 140 71 1 
163 26 178 41 1 
199 37 212 50 1 
234 7 246 18 1 
249 0 269 17 1 
331 2 454 108 1 
333 44 350 63 1 
365 84 377 96 1 
350 0 365 10 1 
427 80 446 98 1 
439 70 455 86 1 
444 15 457 28 1 
562 5 604 53 1 
584 18 597 31 1 
562 0 576 12 1 
487 74 513 100 1 
540 89 552 102 1 
501 117 544 157 1 
457 128 476 147 1 
454 100 468 114 1 
464 96 475 108 1 
585 137 597 151 1 
507 169 520 182 1 
524 209 539 224 1 
585 229 598 244 1 
516 243 546 273 1 
517 274 537 294 1 
530 325 550 346 1 
555 316 566 328 1 
562 324 573 335 1 
574 367 590 383 1 
582 355 592 366 1 
550 375 559 384 1 
468 359 481 372 1 
460 375 476 392 1 
426 386 464 403 1 
423 356 448 382 1 
353 315 366 329 1 
364 324 376 337 1 
294 306 314 327 1 
243 237 262 258 1 
206 220 227 241 1 
91 319 108 336 1 
22 277 40 297 1 
39 347 51 359 1 
55 388 68 401 1 
3 382 21 400 1 
2 368 13 380 1 
11 372 21 383 1 
22 278 40 296 1 
54 184 68 199 1 
353 188 413 247 1 
412 245 465 297 1 
455 260 469 275 1 
344 154 363 173 1 
369 154 391 176 1 
380 126 394 141 1 
476 317 490 331 1 
464 305 477 319 1 
414 287 427 302 1 
283 95 299 111 1 
296 100 312 118 1 
271 94 282 106 1 
137 113 160 138 1 
171 168 184 182 1 
155 167 170 183 1 
123 244 135 256 1 
96 187 115 208 1 
134 72 150 88 1 
578 257 595 275 1 
574 161 591 179 1 
582 68 596 82 1 
539 169 551 181 1 
237 153 252 168 1 
280 114 294 128 1 
310 147 321 158 1 
335 193 348 208 1 
303 5 316 18 1 
313 291 324 304 1 
316 278 328 292 1 
451 326 464 341 1 
562 148 577 164 1 
156 81 168 93 1 
159 194 171 207 1 
229 389 243 405 1 
31 173 42 186 1 
41 170 52 183 1 
21 139 33 152 1 
467 0 492 11 1 
476 189 491 204 1 
483 221 499 237 1 
454 342 466 354 1 
513 314 528 329 1 
326 376 340 390 1 
26 106 40 122 1 
60 95 71 109 1 
13 62 25 75 1 
0 0 31 9 1 
241 89 251 100 1 
174 130 188 144 1 
147 306 159 319 1 
302 243 318 259 1 
285 256 296 268 1 
292 282 305 296 1 
326 377 338 389 1 
486 222 499 236 1 
477 189 492 203 1 
577 113 590 127 1 
464 0 494 11 1 
181 344 195 358 1 
272 134 284 147 1 
471 80 487 97 1 
295 26 306 38 1 
145 0 159 11 1 
230 102 246 119 1 
210 73 225 89 1 
202 45 216 59 1 
206 58 216 68 1 
50 124 61 134 1 
4 132 15 143 1 
82 376 93 387 1 
79 353 90 364 1 
572 301 587 317 1 
556 50 572 67 1 
523 35 554 66 1 
326 308 337 319 1 
49 377 59 388 1 
59 334 69 345 1 
89 336 99 347 1 
217 126 228 139 1 
214 120 225 131 1 
290 152 303 166 1 
261 108 270 118 1 
204 17 218 32 1 
59 150 71 162 1 
54 206 65 218 1 
31 197 40 206 1 
84 377 92 385 1 
136 360 145 370 1 
327 309 336 318 1 
365 261 374 270 1 
374 238 384 248 1 
432 192 442 204 1 
