260 285 315 341 1 
94 182 151 239 1 
92 102 133 143 1 
94 105 130 139 1 
96 190 133 230 1 
168 190 193 210 1 
25 312 53 336 1 
35 254 56 275 1 
246 53 264 69 1 
309 24 339 59 1 
328 0 353 21 1 
232 2 250 12 1 
73 90 91 105 1 
72 129 87 146 1 
327 262 349 284 1 
258 285 321 345 1 
269 278 283 293 1 
412 290 432 311 1 
549 315 579 343 1 
441 342 456 356 1 
326 350 340 360 1 
441 264 458 281 1 
334 244 355 261 1 
283 221 299 235 1 
283 197 295 212 1 
60 314 68 327 1 
71 309 88 327 1 
140 259 154 273 1 
157 304 172 319 1 
212 282 234 303 1 
179 218 192 232 1 
206 208 222 226 1 
220 94 233 106 1 
254 149 268 160 1 
535 113 552 130 1 
566 145 578 158 1 
557 47 568 58 1 
553 38 564 49 1 
498 78 508 91 1 
484 62 496 74 1 
412 70 424 84 1 
442 238 453 250 1 
472 194 485 205 1 
60 186 75 199 1 
65 160 74 170 1 
146 42 155 51 1 
485 328 495 340 1 
352 90 362 101 1 
461 21 470 33 1 
