55 137 79 160 1 
9 64 22 79 1 
16 29 33 42 1 
85 27 102 40 1 
95 36 109 48 1 
75 54 84 65 1 
40 100 53 111 1 
35 117 48 131 1 
144 58 160 75 1 
147 100 161 113 1 
218 96 240 117 1 
103 209 134 239 1 
131 194 146 210 1 
104 147 122 159 1 
135 160 149 169 1 
62 170 74 183 1 
58 34 68 46 1 
69 121 84 136 1 
11 273 37 302 1 
421 171 447 195 1 
278 159 296 175 1 
193 157 203 165 1 
208 141 219 150 1 
201 83 215 96 1 
197 113 208 125 1 
216 22 229 36 1 
333 293 360 317 1 
438 261 456 278 1 
470 17 490 35 1 
436 72 452 87 1 
357 145 372 164 1 
324 137 337 149 1 
350 219 365 234 1 
389 282 399 292 1 
165 362 172 371 1 
123 357 141 374 1 
243 69 259 87 1 
332 45 350 60 1 
397 38 413 51 1 
411 11 425 23 1 
29 206 49 225 1 
173 382 213 400 1 
588 36 600 59 1 
576 91 598 113 1 
542 124 560 142 1 
410 119 427 133 1 
465 201 479 217 1 
556 251 571 268 1 
238 296 253 310 1 
220 334 234 351 1 
181 271 194 286 1 
535 11 553 24 1 
510 44 523 56 1 
501 14 513 26 1 
449 331 464 343 1 
522 310 540 324 1 
145 241 160 257 1 
160 315 178 335 1 
29 376 42 388 1 
183 64 195 75 1 
364 386 378 395 1 
542 92 556 104 1 
344 22 358 34 1 
365 343 376 357 1 
308 1 320 10 1 
304 85 315 97 1 
295 92 306 104 1 
302 107 316 117 1 
336 255 352 272 1 
416 209 430 224 1 
390 183 405 194 1 
331 359 343 374 1 
309 378 319 390 1 
433 379 447 390 1 
572 298 585 309 1 
181 179 192 193 1 
195 175 205 185 1 
195 186 205 194 1 
245 148 258 163 1 
248 137 262 151 1 
0 378 12 392 1 
46 66 56 78 1 
40 27 54 43 1 
40 41 53 51 1 
501 37 511 45 1 
384 158 395 168 1 
386 261 396 272 1 
400 262 409 273 1 
413 262 424 271 1 
18 80 28 91 1 
8 92 18 103 1 
276 270 286 281 1 
257 322 269 334 1 
576 27 585 40 1 
312 24 325 33 1 
344 4 356 15 1 
332 3 346 13 1 
447 248 460 258 1 
116 82 127 97 1 
145 85 156 96 1 
167 74 178 86 1 
192 341 204 353 1 
170 348 184 359 1 
205 340 219 351 1 
579 7 590 18 1 
551 274 560 284 1 
513 144 531 161 1 
146 18 157 30 1 
306 167 320 181 1 
