459 250 504 295 1 
296 210 343 257 1 
167 72 202 107 1 
215 85 244 113 1 
146 24 180 58 1 
0 127 33 169 1 
68 197 93 223 1 
554 361 583 390 1 
0 63 44 114 1 
65 188 97 234 1 
56 108 72 125 1 
0 65 27 103 1 
295 198 346 260 1 
350 222 373 240 1 
454 245 499 291 1 
499 272 519 292 1 
492 237 514 256 1 
520 249 533 261 1 
537 222 554 238 1 
562 197 575 218 1 
489 115 501 138 1 
472 132 488 148 1 
455 139 473 153 1 
445 172 466 188 1 
370 89 386 108 1 
395 85 408 103 1 
469 72 496 100 1 
496 93 522 109 1 
503 123 517 129 1 
573 94 585 112 1 
518 48 533 68 1 
567 41 586 54 1 
560 15 577 27 1 
430 7 448 19 1 
306 38 323 63 1 
253 77 270 95 1 
296 114 320 137 1 
209 85 241 114 1 
157 68 206 110 1 
134 20 183 62 1 
120 12 136 33 1 
8 6 30 30 1 
3 31 22 63 1 
60 47 79 71 1 
108 90 121 108 1 
102 116 118 126 1 
97 103 113 120 1 
173 180 190 201 1 
98 188 119 207 1 
0 124 30 168 1 
89 245 108 265 1 
118 272 136 291 1 
160 245 177 264 1 
187 260 206 281 1 
176 285 200 305 1 
221 318 235 336 1 
204 238 221 253 1 
371 166 392 184 1 
517 322 532 342 1 
429 334 445 348 1 
435 297 451 319 1 
359 316 378 334 1 
295 290 316 308 1 
373 277 388 302 1 
322 180 337 190 1 
211 137 224 149 1 
237 119 257 131 1 
281 76 297 88 1 
211 28 239 45 1 
431 187 440 204 1 
381 209 401 226 1 
378 318 397 335 1 
515 14 526 27 1 
463 166 477 183 1 
53 79 71 97 1 
336 92 349 104 1 
442 33 455 48 1 
425 54 446 81 1 
417 85 436 100 1 
53 292 75 316 1 
45 180 60 198 1 
268 196 289 214 1 
244 143 259 154 1 
124 56 135 67 1 
393 30 410 44 1 
549 187 562 194 1 
561 221 569 228 1 
423 280 436 291 1 
335 269 348 282 1 
438 88 449 96 1 
153 169 161 179 1 
89 154 102 165 1 
36 157 47 168 1 
18 267 29 278 1 
71 276 84 286 1 
142 341 151 350 1 
128 349 138 358 1 
160 234 170 247 1 
