86 180 118 212 1 
197 231 232 266 1 
373 314 400 341 1 
345 49 374 77 1 
481 74 511 104 1 
537 375 575 407 1 
586 384 602 400 1 
536 305 560 329 1 
495 337 511 355 1 
487 361 508 382 1 
490 382 507 398 1 
455 390 472 403 1 
412 345 425 357 1 
381 345 396 361 1 
368 310 407 348 1 
329 367 345 384 1 
320 378 338 397 1 
308 379 320 393 1 
314 332 327 346 1 
255 309 270 325 1 
246 369 262 386 1 
223 385 240 399 1 
193 371 214 392 1 
201 317 216 333 1 
184 325 197 337 1 
172 344 185 357 1 
165 308 190 333 1 
137 318 157 339 1 
188 283 208 303 1 
227 284 242 299 1 
191 228 237 273 1 
139 251 163 275 1 
128 265 143 281 1 
96 273 113 291 1 
108 276 126 294 1 
51 277 78 306 1 
83 352 105 374 1 
52 350 76 374 1 
22 331 44 354 1 
18 379 40 401 1 
1 304 25 329 1 
0 284 12 310 1 
13 258 25 272 1 
24 204 39 220 1 
44 200 57 214 1 
59 204 71 218 1 
66 209 78 221 1 
45 127 63 145 1 
33 128 49 147 1 
17 111 36 131 1 
30 108 47 126 1 
19 72 53 106 1 
56 86 74 106 1 
28 19 55 47 1 
87 19 110 43 1 
112 22 127 38 1 
137 14 155 32 1 
174 34 193 53 1 
147 70 163 86 1 
149 89 170 112 1 
139 100 151 113 1 
193 74 214 97 1 
263 46 278 62 1 
342 46 379 84 1 
364 25 376 38 1 
386 77 403 94 1 
372 81 383 95 1 
400 107 436 143 1 
436 53 449 69 1 
422 18 461 54 1 
451 52 473 74 1 
478 68 521 111 1 
472 102 494 124 1 
539 16 569 43 1 
529 42 544 57 1 
519 42 531 56 1 
552 87 570 104 1 
507 126 520 138 1 
509 135 529 156 1 
470 213 488 231 1 
478 203 493 220 1 
464 230 479 247 1 
477 227 493 245 1 
492 217 504 230 1 
440 217 461 240 1 
436 244 451 258 1 
368 166 388 188 1 
371 155 383 169 1 
319 130 350 163 1 
330 186 344 201 1 
556 162 571 178 1 
524 102 556 133 1 
536 127 549 139 1 
522 78 532 90 1 
520 27 534 42 1 
440 2 454 18 1 
448 168 465 187 1 
404 256 422 275 1 
438 286 454 303 1 
401 287 415 302 1 
378 267 390 281 1 
442 333 456 350 1 
312 252 338 276 1 
205 186 227 209 1 
177 187 200 212 1 
166 182 181 197 1 
265 175 281 192 1 
247 207 257 218 1 
264 249 277 264 1 
246 253 256 265 1 
169 270 182 283 1 
138 284 149 295 1 
295 165 312 183 1 
265 176 281 194 1 
297 130 311 146 1 
199 9 216 27 1 
194 16 203 27 1 
94 104 108 119 1 
104 111 119 129 1 
81 137 91 148 1 
68 145 78 156 1 
144 123 158 140 1 
84 178 123 216 1 
0 176 17 194 1 
457 0 479 13 1 
469 23 480 35 1 
492 35 504 48 1 
510 211 521 222 1 
492 169 502 180 1 
482 320 492 332 1 
357 109 370 124 1 
335 100 348 115 1 
206 98 218 111 1 
197 110 210 124 1 
122 149 138 166 1 
131 166 143 178 1 
137 213 151 226 1 
112 232 124 245 1 
120 236 135 253 1 
29 260 40 272 1 
89 288 99 299 1 
176 385 188 397 1 
4 360 18 376 1 
8 31 20 44 1 
2 26 11 38 1 
232 9 247 25 1 
244 220 261 238 1 
344 17 356 28 1 
334 45 347 58 1 
349 38 359 48 1 
417 32 427 43 1 
490 0 504 10 1 
74 45 90 60 1 
67 171 78 182 1 
83 170 95 183 1 
75 232 86 244 1 
33 269 43 280 1 
86 301 97 312 1 
192 302 202 312 1 
241 336 252 348 1 
456 320 466 331 1 
374 240 384 252 1 
