219 156 253 190 1 
153 318 186 351 1 
240 43 268 70 1 
367 142 399 174 1 
354 86 381 114 1 
336 366 369 399 1 
78 17 85 24 1 
2 0 11 6 1 
57 55 64 64 1 
7 105 17 115 1 
22 89 28 95 1 
5 87 11 93 1 
5 95 11 99 1 
0 199 11 209 1 
13 220 21 229 1 
8 288 15 296 1 
62 263 68 270 1 
77 250 87 257 1 
55 302 64 309 1 
61 293 71 302 1 
85 288 95 297 1 
74 328 82 336 1 
90 330 99 338 1 
80 343 88 351 1 
79 355 88 362 1 
30 355 40 364 1 
111 281 124 297 1 
115 262 127 275 1 
135 254 146 264 1 
131 241 138 249 1 
52 222 61 232 1 
60 231 80 251 1 
30 181 45 196 1 
55 151 67 161 1 
57 166 67 176 1 
86 168 96 178 1 
67 90 77 102 1 
115 87 124 97 1 
99 103 105 111 1 
149 102 160 113 1 
143 68 152 77 1 
170 42 184 56 1 
164 32 173 43 1 
186 9 194 17 1 
206 10 222 25 1 
239 18 249 29 1 
239 41 271 71 1 
184 69 194 78 1 
185 107 195 119 1 
140 139 150 150 1 
151 129 158 137 1 
160 136 169 144 1 
167 132 174 139 1 
169 137 178 146 1 
171 158 183 168 1 
170 179 183 192 1 
143 178 169 202 1 
159 203 173 216 1 
126 208 137 220 1 
140 216 153 231 1 
180 220 192 231 1 
164 242 173 252 1 
159 252 169 262 1 
171 265 180 274 1 
177 270 184 277 1 
191 277 207 290 1 
172 294 186 306 1 
156 323 179 345 1 
135 297 144 308 1 
116 321 127 331 1 
107 347 116 356 1 
109 302 118 310 1 
161 354 172 366 1 
189 340 197 347 1 
145 267 153 273 1 
192 193 198 200 1 
216 196 224 206 1 
234 240 251 258 1 
274 261 286 277 1 
195 310 212 327 1 
235 314 253 334 1 
196 165 203 174 1 
200 162 207 166 1 
220 156 258 191 1 
274 196 287 211 1 
235 193 243 203 1 
252 221 257 230 1 
214 295 222 305 1 
213 75 220 84 1 
264 106 271 114 1 
271 116 287 133 1 
285 155 294 165 1 
267 130 275 138 1 
287 135 294 144 1 
278 142 285 149 1 
238 134 246 140 1 
290 116 295 123 1 
307 54 316 64 1 
260 343 273 355 1 
245 348 260 363 1 
277 345 286 354 1 
295 347 307 360 1 
289 281 295 289 1 
284 50 291 58 1 
288 56 295 67 1 
196 39 204 47 1 
211 28 218 35 1 
232 59 238 67 1 
225 78 231 85 1 
196 104 201 110 1 
161 102 171 113 1 
142 110 151 118 1 
105 71 110 77 1 
104 82 111 89 1 
169 17 174 23 1 
117 347 125 355 1 
111 327 118 335 1 
98 125 105 132 1 
201 265 209 273 1 
240 263 245 270 1 
248 260 254 267 1 
285 320 296 329 1 
290 270 300 277 1 
304 263 310 271 1 
307 233 314 243 1 
316 221 324 232 1 
332 71 341 78 1 
317 112 323 120 1 
332 126 343 137 1 
300 114 309 123 1 
310 122 322 133 1 
317 133 329 143 1 
301 135 314 146 1 
337 170 347 180 1 
0 0 0 0 1 
300 145 310 157 1 
298 213 305 219 1 
306 184 314 193 1 
303 202 310 210 1 
313 196 319 204 1 
318 202 335 227 1 
331 220 341 230 1 
339 200 348 211 1 
317 167 325 176 1 
343 218 353 230 1 
343 235 351 245 1 
337 265 351 279 1 
352 267 367 281 1 
304 274 315 285 1 
311 289 322 300 1 
357 286 366 296 1 
341 318 360 340 1 
401 299 419 323 1 
411 294 419 304 1 
373 272 380 280 1 
358 254 367 263 1 
368 263 377 272 1 
366 336 373 345 1 
305 293 316 301 1 
272 293 279 300 1 
273 313 281 320 1 
252 297 260 303 1 
325 14 331 22 1 
355 7 361 17 1 
363 10 371 18 1 
368 17 377 26 1 
381 15 389 24 1 
390 14 403 32 1 
407 23 416 34 1 
425 17 436 28 1 
431 24 438 32 1 
376 35 384 43 1 
374 48 380 54 1 
381 48 390 56 1 
396 45 404 52 1 
368 102 379 111 1 
351 85 375 109 1 
393 103 402 110 1 
399 95 410 108 1 
398 67 406 75 1 
410 56 425 67 1 
422 71 432 78 1 
428 45 435 53 1 
401 0 415 10 1 
416 0 428 8 1 
440 1 448 8 1 
477 2 492 12 1 
501 0 511 8 1 
518 7 525 14 1 
526 9 536 27 1 
572 47 583 59 1 
574 64 587 90 1 
500 85 510 97 1 
504 76 517 88 1 
465 83 477 96 1 
462 100 469 106 1 
450 103 460 111 1 
444 126 457 138 1 
390 120 401 130 1 
366 143 394 171 1 
424 152 433 163 1 
393 188 402 197 1 
404 183 415 193 1 
378 212 386 221 1 
360 214 378 231 1 
377 239 397 257 1 
420 231 429 241 1 
424 265 434 274 1 
421 277 429 286 1 
436 292 445 301 1 
450 284 459 293 1 
469 311 481 324 1 
452 306 466 322 1 
440 329 463 348 1 
444 347 453 357 1 
423 343 436 359 1 
396 351 406 359 1 
411 330 418 340 1 
411 352 419 360 1 
398 286 405 293 1 
462 275 477 288 1 
479 263 492 280 1 
539 345 553 360 1 
530 343 538 352 1 
533 329 541 340 1 
554 332 572 350 1 
569 299 584 316 1 
543 295 555 308 1 
565 273 577 284 1 
520 275 527 282 1 
515 282 526 295 1 
495 273 504 283 1 
472 341 480 349 1 
492 345 507 358 1 
547 259 555 268 1 
533 262 540 269 1 
524 251 536 261 1 
536 221 552 237 1 
572 217 586 230 1 
558 200 570 211 1 
574 185 585 199 1 
563 178 573 188 1 
566 146 578 158 1 
557 153 568 161 1 
543 161 552 169 1 
551 166 558 174 1 
536 167 544 179 1 
540 187 545 195 1 
517 189 527 196 1 
494 218 505 227 1 
453 200 468 216 1 
451 176 474 198 1 
483 167 502 186 1 
486 148 499 159 1 
497 146 510 162 1 
482 127 495 139 1 
459 136 466 144 1 
464 112 471 118 1 
563 105 574 113 1 
565 115 572 125 1 
542 140 554 152 1 
518 144 524 153 1 
183 214 193 221 1 
161 237 170 243 1 
479 33 487 42 1 
469 39 481 47 1 
464 59 471 67 1 
336 369 365 396 1 
151 389 163 400 1 
34 375 40 383 1 
14 376 26 388 1 
490 343 509 364 1 
562 360 586 382 1 
562 347 575 361 1 
513 347 528 364 1 
580 206 592 219 1 
570 215 585 231 1 
237 367 249 379 1 
249 369 257 378 1 
259 378 268 386 1 
91 391 101 400 1 
74 387 83 397 1 
