239 272 297 331 1 
172 133 216 177 1 
519 92 545 118 1 
59 208 87 235 1 
518 85 551 123 1 
553 257 579 281 1 
489 222 516 251 1 
168 126 221 179 1 
55 208 89 242 1 
23 148 51 175 1 
72 255 97 278 1 
142 276 160 293 1 
179 182 206 209 1 
162 203 177 218 1 
205 212 232 247 1 
242 227 259 243 1 
264 226 275 241 1 
253 259 269 272 1 
264 273 275 282 1 
239 278 287 337 1 
385 260 402 279 1 
322 322 337 337 1 
363 266 380 286 1 
362 165 376 185 1 
391 112 422 140 1 
392 167 416 186 1 
494 150 517 171 1 
546 128 560 145 1 
569 130 584 146 1 
570 73 588 92 1 
297 13 322 31 1 
316 44 330 58 1 
341 34 353 48 1 
320 71 330 82 1 
333 70 348 84 1 
335 62 345 72 1 
281 107 326 154 1 
342 273 361 298 1 
372 283 408 312 1 
426 378 445 398 1 
214 385 248 400 1 
161 286 176 300 1 
175 245 190 263 1 
116 230 152 269 1 
115 305 149 343 1 
172 90 189 106 1 
138 72 153 84 1 
113 91 128 107 1 
113 114 131 127 1 
111 127 127 145 1 
104 145 129 166 1 
119 194 136 209 1 
52 151 65 167 1 
98 18 111 33 1 
5 43 17 56 1 
0 308 16 326 1 
2 362 13 376 1 
21 360 31 371 1 
52 387 73 400 1 
140 356 156 376 1 
158 387 174 400 1 
279 347 292 363 1 
255 382 268 397 1 
383 319 410 341 1 
390 348 408 363 1 
467 188 482 204 1 
428 153 440 165 1 
427 122 442 140 1 
444 125 457 142 1 
431 96 452 111 1 
428 112 440 122 1 
506 26 527 46 1 
492 108 507 123 1 
492 259 513 278 1 
562 283 572 299 1 
573 283 589 300 1 
345 127 361 141 1 
258 158 267 171 1 
327 109 340 122 1 
242 6 256 20 1 
195 27 216 46 1 
134 183 154 206 1 
234 363 247 376 1 
350 371 368 385 1 
514 353 524 367 1 
426 288 437 300 1 
445 192 455 203 1 
337 223 353 235 1 
341 237 351 249 1 
167 262 179 274 1 
183 262 193 273 1 
155 263 166 275 1 
22 286 40 305 1 
207 190 221 208 1 
340 142 353 157 1 
479 170 493 184 1 
143 17 164 37 1 
366 110 378 124 1 
378 91 387 102 1 
78 137 95 151 1 
75 163 91 178 1 
273 65 285 80 1 
322 91 339 108 1 
349 76 362 87 1 
367 88 376 101 1 
499 47 511 62 1 
141 324 161 342 1 
