299 109 357 167 1 
513 104 541 131 1 
213 321 265 373 1 
565 341 592 368 1 
534 327 561 355 1 
566 297 596 327 1 
541 297 559 315 1 
517 317 532 332 1 
567 243 582 259 1 
545 172 569 198 1 
541 224 551 235 1 
469 344 481 357 1 
466 300 479 313 1 
461 317 475 330 1 
428 313 450 336 1 
414 304 427 318 1 
413 314 428 329 1 
440 365 451 377 1 
411 344 422 356 1 
393 352 407 367 1 
358 360 372 374 1 
349 366 360 378 1 
315 362 330 377 1 
297 378 322 401 1 
280 388 294 401 1 
289 357 306 375 1 
300 347 315 363 1 
243 375 254 387 1 
249 336 270 359 1 
229 347 243 361 1 
234 340 242 350 1 
210 309 225 325 1 
215 322 230 338 1 
200 326 216 343 1 
173 296 187 310 1 
178 317 193 334 1 
167 325 191 349 1 
140 383 165 402 1 
150 367 165 384 1 
134 381 147 393 1 
116 369 135 388 1 
96 385 112 400 1 
83 306 103 328 1 
24 350 45 371 1 
11 349 109 410 1 
0 338 16 364 1 
82 306 101 325 1 
108 242 139 272 1 
100 197 117 215 1 
64 182 79 198 1 
89 167 101 180 1 
76 162 89 175 1 
10 185 36 212 1 
50 145 60 157 1 
124 150 139 165 1 
105 103 118 117 1 
103 74 113 85 1 
45 63 68 89 1 
20 88 40 111 1 
11 80 27 97 1 
73 7 97 28 1 
97 37 116 58 1 
118 13 136 31 1 
172 46 186 61 1 
174 1 188 15 1 
182 115 199 132 1 
195 120 213 139 1 
199 104 211 116 1 
213 108 224 120 1 
213 98 224 109 1 
246 89 259 103 1 
236 49 247 62 1 
231 27 240 36 1 
243 29 253 40 1 
260 8 272 21 1 
291 102 369 179 1 
353 88 380 113 1 
373 88 383 99 1 
333 92 346 107 1 
366 111 378 125 1 
388 105 403 120 1 
375 111 388 123 1 
421 62 437 77 1 
425 53 437 65 1 
466 0 478 12 1 
485 43 495 54 1 
482 64 498 80 1 
507 30 523 47 1 
520 43 536 59 1 
529 57 548 76 1 
547 56 561 70 1 
561 35 579 55 1 
550 23 570 46 1 
574 0 597 10 1 
579 64 590 76 1 
511 101 544 133 1 
499 133 516 153 1 
542 171 568 201 1 
581 157 594 172 1 
501 217 515 231 1 
504 163 516 175 1 
485 178 502 195 1 
405 62 458 113 1 
512 0 551 20 1 
369 28 390 49 1 
329 13 344 28 1 
333 25 343 35 1 
296 75 310 89 1 
370 211 384 227 1 
383 200 394 214 1 
367 226 388 249 1 
315 257 335 276 1 
353 267 367 282 1 
324 278 336 291 1 
410 267 433 292 1 
442 248 461 267 1 
466 221 479 238 1 
436 228 448 241 1 
417 229 432 245 1 
323 278 336 291 1 
288 233 313 260 1 
313 234 332 255 1 
311 290 355 334 1 
261 258 300 297 1 
266 263 278 275 1 
262 272 274 283 1 
251 251 261 263 1 
245 244 255 256 1 
241 276 259 292 1 
252 309 265 324 1 
101 328 118 347 1 
557 370 567 381 1 
475 356 487 369 1 
451 70 461 81 1 
451 81 463 93 1 
174 141 189 155 1 
180 152 193 164 1 
185 183 198 197 1 
162 224 172 234 1 
117 204 129 218 1 
154 273 173 292 1 
178 261 191 274 1 
173 247 188 262 1 
174 239 188 253 1 
129 287 152 312 1 
100 286 118 306 1 
549 124 572 149 1 
502 349 521 368 1 
470 151 481 163 1 
475 141 486 153 1 
487 161 500 175 1 
445 280 458 294 1 
448 289 459 301 1 
398 220 409 233 1 
398 203 406 213 1 
371 306 380 318 1 
369 317 380 330 1 
354 197 365 210 1 
352 217 365 232 1 
338 171 354 188 1 
415 138 428 152 1 
412 115 422 127 1 
371 61 381 72 1 
361 16 375 30 1 
256 66 267 77 1 
197 84 206 94 1 
186 184 198 197 1 
114 231 124 242 1 
162 224 172 235 1 
260 174 309 220 1 
517 201 532 217 1 
593 47 602 61 1 
103 174 120 193 1 
110 129 125 146 1 
146 84 155 93 1 
119 47 136 64 1 
110 131 123 145 1 
35 205 46 216 1 
4 219 13 230 1 
17 110 28 121 1 
15 125 32 143 1 
125 326 143 345 1 
225 368 246 389 1 
197 379 208 390 1 
401 250 412 261 1 
548 140 556 149 1 
530 85 545 102 1 
270 216 286 232 1 
313 311 323 322 1 
316 300 326 310 1 
314 156 326 168 1 
314 168 324 179 1 
323 21 365 59 1 
426 370 441 385 1 
420 382 437 399 1 
213 156 227 170 1 
224 161 237 174 1 
233 176 246 190 1 
66 222 78 235 1 
80 368 97 383 1 
104 389 123 404 1 
219 179 229 190 1 
