187 280 226 319 1 
165 351 195 382 1 
439 42 465 68 1 
372 108 408 144 1 
55 58 81 84 1 
181 276 235 330 1 
162 345 202 386 1 
269 369 302 398 1 
370 307 389 326 1 
382 320 393 332 1 
100 360 124 384 1 
33 372 49 387 1 
101 303 117 318 1 
1 255 20 276 1 
17 262 38 283 1 
75 240 90 257 1 
40 185 54 200 1 
113 194 141 223 1 
124 141 151 167 1 
49 49 93 90 1 
100 0 124 24 1 
107 16 126 34 1 
33 3 51 20 1 
100 3 123 22 1 
109 18 123 34 1 
196 20 213 37 1 
177 69 193 85 1 
173 83 188 97 1 
170 99 189 116 1 
228 118 246 136 1 
263 107 279 123 1 
317 2 340 24 1 
339 9 352 21 1 
425 26 440 40 1 
435 37 470 69 1 
455 66 477 90 1 
372 103 419 150 1 
364 81 392 109 1 
343 85 359 100 1 
340 105 364 128 1 
577 108 600 134 1 
514 76 532 95 1 
514 122 526 134 1 
521 142 539 161 1 
515 157 535 177 1 
567 209 605 260 1 
545 198 571 223 1 
401 307 432 337 1 
370 306 390 325 1 
318 264 334 278 1 
308 245 325 263 1 
235 262 259 286 1 
244 249 256 261 1 
270 370 302 397 1 
588 22 603 42 1 
585 49 600 68 1 
487 224 508 245 1 
498 211 513 226 1 
478 111 497 132 1 
452 107 466 123 1 
448 134 469 156 1 
418 117 429 128 1 
340 236 350 246 1 
365 226 379 243 1 
363 238 376 250 1 
217 163 234 183 1 
142 169 167 193 1 
170 239 191 261 1 
150 279 164 293 1 
144 292 156 305 1 
129 276 145 294 1 
75 262 85 273 1 
59 255 75 273 1 
67 126 80 140 1 
80 136 96 153 1 
105 139 119 154 1 
101 71 120 91 1 
124 55 136 68 1 
0 157 17 177 1 
0 193 16 211 1 
237 84 260 106 1 
242 106 254 119 1 
265 54 278 68 1 
344 32 367 56 1 
354 67 367 81 1 
421 71 435 85 1 
487 24 503 40 1 
499 38 512 51 1 
517 43 529 56 1 
478 111 498 131 1 
498 213 510 227 1 
524 185 538 200 1 
394 185 409 201 1 
345 164 357 175 1 
27 29 44 45 1 
28 221 43 237 1 
285 25 296 37 1 
290 33 302 46 1 
299 30 312 44 1 
304 20 320 37 1 
373 4 385 15 1 
393 31 406 45 1 
300 102 324 126 1 
201 242 211 253 1 
189 190 200 202 1 
128 120 139 131 1 
418 350 433 365 1 
206 4 226 23 1 
236 0 253 15 1 
467 3 482 18 1 
512 0 530 13 1 
339 333 362 355 1 
361 341 372 353 1 
372 341 383 353 1 
329 363 347 381 1 
322 376 338 393 1 
74 340 87 355 1 
51 337 65 352 1 
53 319 65 332 1 
50 313 60 324 1 
62 295 78 310 1 
75 292 86 303 1 
538 62 558 81 1 
215 37 228 50 1 
265 6 276 18 1 
268 97 281 111 1 
283 93 298 109 1 
268 73 281 87 1 
82 310 93 322 1 
136 364 151 379 1 
128 357 142 372 1 
523 67 536 81 1 
322 66 338 83 1 
322 32 336 48 1 
329 45 342 58 1 
400 10 411 22 1 
72 172 86 187 1 
104 214 120 229 1 
41 310 52 323 1 
74 172 86 185 1 
457 240 472 256 1 
445 214 456 225 1 
389 196 408 215 1 
555 336 568 349 1 
190 129 202 142 1 
113 80 169 135 1 
126 230 142 245 1 
111 228 124 241 1 
126 259 139 272 1 
