260 189 291 220 1 
133 67 169 103 1 
260 188 294 222 1 
246 101 264 119 1 
207 64 227 85 1 
75 259 98 282 1 
8 326 31 349 1 
59 336 83 360 1 
81 129 102 150 1 
95 160 114 179 1 
215 233 230 248 1 
285 62 303 80 1 
308 67 322 81 1 
276 20 293 37 1 
311 41 324 54 1 
52 282 74 304 1 
500 140 524 164 1 
468 65 491 87 1 
439 115 463 139 1 
319 122 335 138 1 
318 158 332 172 1 
349 193 369 213 1 
451 35 470 53 1 
306 333 322 350 1 
321 314 342 335 1 
372 339 394 358 1 
195 282 216 302 1 
75 217 90 232 1 
101 86 118 103 1 
101 104 123 124 1 
416 113 433 131 1 
427 28 444 45 1 
266 242 280 256 1 
284 323 298 336 1 
389 317 404 333 1 
521 285 538 302 1 
60 135 73 148 1 
441 278 458 295 1 
99 286 112 302 1 
403 214 417 230 1 
334 285 347 300 1 
