326 210 377 261 1 
271 307 315 351 1 
489 87 591 189 1 
285 4 320 38 1 
108 216 208 316 1 
35 71 61 96 1 
348 277 378 307 1 
324 210 382 263 1 
266 305 319 354 1 
348 332 373 358 1 
34 68 68 103 1 
54 116 82 139 1 
31 186 58 215 1 
9 240 28 256 1 
111 327 127 347 1 
166 322 189 344 1 
141 279 159 294 1 
101 299 132 324 1 
118 94 133 109 1 
79 46 100 64 1 
104 47 119 64 1 
79 14 98 34 1 
112 24 130 42 1 
141 16 157 31 1 
137 45 156 64 1 
163 57 179 75 1 
200 127 216 142 1 
213 142 232 164 1 
285 4 324 38 1 
502 97 582 183 1 
546 22 576 55 1 
525 77 544 101 1 
546 57 558 71 1 
490 231 513 250 1 
382 250 404 267 1 
344 278 382 317 1 
414 250 429 263 1 
248 198 266 216 1 
230 186 243 200 1 
243 73 257 88 1 
250 58 269 71 1 
253 42 266 55 1 
242 30 253 44 1 
321 82 342 106 1 
321 155 332 167 1 
330 178 344 194 1 
94 148 107 163 1 
95 192 104 203 1 
92 231 105 247 1 
536 226 546 238 1 
388 2 403 17 1 
453 10 463 21 1 
182 204 195 218 1 
92 272 102 286 1 
228 338 249 360 1 
0 1 21 23 1 
45 3 63 18 1 
101 126 111 137 1 
