19 184 62 228 1 
295 3 322 30 1 
17 178 64 227 1 
89 212 110 229 1 
238 309 270 337 1 
210 242 233 268 1 
479 115 500 138 1 
530 112 553 133 1 
541 145 565 169 1 
480 167 498 184 1 
460 156 480 173 1 
400 154 424 173 1 
360 217 377 236 1 
472 356 488 375 1 
502 362 519 376 1 
532 250 546 265 1 
307 299 327 318 1 
208 91 226 113 1 
136 108 152 123 1 
111 134 126 150 1 
165 128 177 141 1 
127 73 140 90 1 
111 69 124 81 1 
116 103 127 114 1 
68 58 92 77 1 
193 7 212 24 1 
288 5 319 33 1 
347 18 362 31 1 
354 27 368 41 1 
492 55 515 78 1 
409 353 424 366 1 
412 242 424 259 1 
534 337 561 367 1 
570 92 590 118 1 
24 23 48 48 1 
432 72 457 98 1 
2 323 32 348 1 
151 251 177 281 1 
282 284 300 302 1 
244 275 260 294 1 
261 266 277 287 1 
328 120 342 136 1 
295 41 310 57 1 
314 38 327 54 1 
164 309 180 326 1 
148 307 162 323 1 
457 198 475 214 1 
381 24 402 45 1 
428 5 438 17 1 
439 15 451 28 1 
454 8 465 24 1 
500 169 525 196 1 
478 139 492 155 1 
542 276 563 301 1 
571 187 582 201 1 
585 194 598 208 1 
268 190 298 218 1 
110 2 124 10 1 
190 256 202 268 1 
175 51 193 68 1 
168 97 185 113 1 
507 257 524 273 1 
492 308 507 324 1 
546 322 561 333 1 
430 376 443 388 1 
457 280 474 297 1 
30 111 42 122 1 
273 352 288 364 1 
37 362 52 379 1 
76 346 92 360 1 
112 359 126 371 1 
95 23 111 39 1 
158 19 176 39 1 
411 325 426 340 1 
