280 71 309 100 1 
73 187 103 217 1 
147 44 179 76 1 
425 231 585 361 1 
67 185 103 220 1 
161 227 182 249 1 
139 248 159 266 1 
208 262 234 284 1 
46 271 68 291 1 
32 305 56 331 1 
274 68 310 106 1 
170 135 197 160 1 
146 47 188 81 1 
131 8 155 26 1 
205 10 226 28 1 
12 8 31 30 1 
36 24 55 44 1 
110 119 129 134 1 
125 159 136 175 1 
511 113 541 143 1 
463 187 477 201 1 
422 180 436 194 1 
382 159 399 176 1 
341 180 356 195 1 
341 227 354 239 1 
375 236 390 249 1 
418 265 433 281 1 
458 255 474 270 1 
404 251 420 264 1 
383 251 401 267 1 
345 243 359 255 1 
305 233 318 245 1 
317 234 330 248 1 
268 225 287 239 1 
296 203 316 221 1 
305 160 320 178 1 
398 337 421 359 1 
410 290 419 304 1 
380 306 397 322 1 
355 85 366 97 1 
411 149 426 163 1 
493 89 505 103 1 
553 171 565 183 1 
559 159 567 168 1 
517 81 529 93 1 
518 2 537 18 1 
533 30 545 43 1 
230 91 249 105 1 
