30 326 104 399 1 
373 129 410 165 1 
279 205 313 239 1 
376 128 413 165 1 
54 15 69 30 1 
1 66 25 90 1 
292 49 315 72 1 
74 75 97 98 1 
135 58 152 75 1 
55 54 75 74 1 
58 135 74 151 1 
45 107 62 124 1 
30 84 51 105 1 
29 174 40 185 1 
66 200 97 232 1 
88 231 106 249 1 
93 266 110 283 1 
183 132 208 157 1 
125 189 150 214 1 
142 229 172 259 1 
532 159 550 177 1 
173 65 189 80 1 
228 3 246 21 1 
120 152 133 165 1 
164 123 175 134 1 
126 107 138 119 1 
276 132 302 158 1 
313 103 327 117 1 
457 172 483 199 1 
160 102 179 119 1 
171 216 193 238 1 
246 164 264 182 1 
206 187 222 203 1 
196 167 212 183 1 
369 69 393 94 1 
500 40 518 58 1 
417 15 437 35 1 
467 261 483 277 1 
527 54 547 75 1 
540 15 554 29 1 
546 50 557 61 1 
534 99 550 115 1 
444 134 456 146 1 
101 83 113 95 1 
134 328 150 345 1 
152 287 173 308 1 
169 280 183 294 1 
279 204 316 241 1 
267 253 289 275 1 
313 323 329 338 1 
362 333 376 347 1 
405 248 424 267 1 
265 106 279 120 1 
377 238 391 252 1 
530 217 545 232 1 
401 219 415 233 1 
463 230 478 246 1 
300 189 316 205 1 
275 178 291 194 1 
288 169 303 184 1 
472 61 485 75 1 
550 40 563 52 1 
371 200 386 216 1 
384 204 400 222 1 
334 300 356 322 1 
381 316 396 331 1 
259 292 273 306 1 
509 108 529 128 1 
0 217 15 235 1 
110 337 133 360 1 
449 295 468 314 1 
240 239 255 254 1 
263 217 277 231 1 
281 265 298 282 1 
335 47 350 61 1 
256 26 273 43 1 
493 227 507 241 1 
526 181 538 193 1 
491 103 503 116 1 
230 288 246 304 1 
210 218 223 231 1 
195 55 209 69 1 
