299 95 401 197 1 
472 127 506 161 1 
231 295 264 327 1 
288 285 317 314 1 
136 335 165 365 1 
283 88 409 204 1 
467 118 505 163 1 
512 123 547 163 1 
492 97 518 122 1 
495 220 495 220 1 
190 181 212 200 1 
234 201 261 222 1 
218 86 242 104 1 
210 112 235 134 1 
229 184 249 200 1 
124 284 153 307 1 
81 164 109 188 1 
136 122 162 146 1 
282 279 317 314 1 
303 236 323 256 1 
226 288 264 328 1 
225 323 257 356 1 
455 258 479 280 1 
394 200 419 222 1 
411 0 439 26 1 
543 340 563 362 1 
469 218 489 236 1 
404 42 428 64 1 
398 25 421 43 1 
149 308 171 329 1 
379 251 397 270 1 
151 37 168 52 1 
1 164 18 181 1 
42 317 65 334 1 
127 217 151 235 1 
0 0 0 0 1 
116 86 130 101 1 
396 66 410 79 1 
535 19 555 38 1 
482 23 502 39 1 
436 177 453 192 1 
446 194 463 210 1 
367 319 379 329 1 
281 220 294 236 1 
132 308 146 321 1 
142 55 158 70 1 
177 50 194 68 1 
206 214 219 227 1 
298 253 310 267 1 
293 192 320 218 1 
367 76 381 89 1 
292 45 311 64 1 
511 266 529 284 1 
474 280 487 295 1 
453 295 468 308 1 
115 322 127 334 1 
148 174 165 190 1 
