455 193 499 238 1 
461 107 494 140 1 
381 339 413 371 1 
480 9 505 35 1 
459 193 498 238 1 
461 106 500 141 1 
481 11 504 32 1 
540 71 553 85 1 
564 142 575 154 1 
458 170 472 187 1 
386 341 412 370 1 
443 361 456 374 1 
285 358 305 378 1 
94 284 106 300 1 
104 295 120 307 1 
146 343 163 363 1 
197 322 212 338 1 
168 118 181 130 1 
208 145 221 158 1 
214 21 240 45 1 
417 170 430 183 1 
507 248 520 263 1 
492 167 507 180 1 
515 368 528 380 1 
254 233 263 245 1 
116 191 130 205 1 
98 205 114 221 1 
20 8 42 29 1 
188 19 203 33 1 
164 177 186 198 1 
340 341 354 356 1 
303 386 319 400 1 
513 63 525 76 1 
287 180 298 191 1 
436 252 449 263 1 
138 375 152 388 1 
55 73 65 85 1 
69 70 79 82 1 
93 194 106 205 1 
182 42 193 54 1 
186 105 198 117 1 
513 221 521 233 1 
575 250 583 260 1 
293 278 307 291 1 
504 130 514 141 1 
566 192 579 204 1 
495 339 507 350 1 
1 132 13 143 1 
272 366 284 379 1 
281 388 293 400 1 
456 346 467 357 1 
127 241 139 256 1 
562 74 575 88 1 
589 291 600 304 1 
469 273 482 283 1 
293 329 315 351 1 
