45 160 94 209 1 
46 155 97 210 1 
243 143 280 185 1 
238 0 271 34 1 
41 205 65 228 1 
98 209 117 226 1 
83 252 100 272 1 
42 262 58 278 1 
50 317 76 345 1 
96 298 127 322 1 
260 230 354 305 1 
332 200 362 230 1 
382 155 406 182 1 
401 170 419 186 1 
172 239 192 261 1 
435 190 450 206 1 
444 161 462 182 1 
431 179 443 193 1 
429 167 441 182 1 
523 143 544 163 1 
551 163 573 187 1 
570 251 585 272 1 
507 272 521 289 1 
530 295 548 315 1 
546 316 555 327 1 
545 339 557 348 1 
472 49 489 64 1 
404 49 422 60 1 
381 100 400 124 1 
415 89 436 105 1 
23 102 35 117 1 
200 205 212 222 1 
174 201 187 213 1 
154 147 168 160 1 
163 123 173 135 1 
188 145 201 157 1 
234 216 244 230 1 
227 238 235 252 1 
310 122 327 142 1 
312 123 321 135 1 
356 153 372 170 1 
369 181 379 196 1 
431 273 446 289 1 
436 312 450 328 1 
482 92 493 107 1 
504 59 515 73 1 
509 81 518 91 1 
511 94 521 106 1 
572 116 584 130 1 
306 2 326 15 1 
37 58 47 74 1 
225 275 235 282 1 
393 200 401 209 1 
291 347 301 358 1 
346 330 356 341 1 
254 185 263 194 1 
274 190 283 202 1 
309 192 317 201 1 
319 204 329 218 1 
