376 328 408 360 1 
371 325 411 367 1 
540 355 600 400 1 
91 323 112 342 1 
270 295 286 310 1 
209 52 225 70 1 
268 53 291 73 1 
520 105 536 120 1 
405 63 425 83 1 
371 20 392 37 1 
386 0 405 10 1 
374 242 392 259 1 
451 365 465 381 1 
36 200 54 217 1 
84 54 107 75 1 
114 38 127 50 1 
111 16 122 28 1 
261 158 276 176 1 
553 52 573 71 1 
555 331 579 355 1 
24 95 39 113 1 
15 31 26 42 1 
4 29 15 40 1 
0 20 12 34 1 
0 0 13 15 1 
478 294 490 305 1 
283 26 298 38 1 
285 17 296 27 1 
445 239 457 252 1 
443 106 457 117 1 
537 275 550 291 1 
540 300 549 310 1 
133 6 146 16 1 
216 5 228 19 1 
40 66 51 75 1 
223 317 262 353 1 
485 211 498 224 1 
