159 119 221 181 1 
218 215 277 274 1 
351 235 388 273 1 
186 299 216 329 1 
130 357 158 386 1 
87 5 114 32 1 
288 21 324 57 1 
489 28 534 73 1 
527 14 556 43 1 
417 311 443 337 1 
411 84 442 115 1 
425 1 465 41 1 
0 63 26 102 1 
335 226 391 281 1 
47 100 76 128 1 
105 220 137 252 1 
163 183 194 210 1 
175 293 215 330 1 
237 124 264 153 1 
217 73 248 98 1 
411 306 440 339 1 
399 272 427 301 1 
535 139 566 171 1 
488 156 508 176 1 
556 256 583 288 1 
344 46 369 73 1 
289 92 318 118 1 
25 15 49 34 1 
60 277 89 305 1 
45 310 69 331 1 
142 193 160 208 1 
551 85 570 105 1 
557 192 579 220 1 
525 249 545 272 1 
83 4 115 34 1 
327 334 351 355 1 
495 231 514 254 1 
352 1 375 18 1 
