454 148 492 186 1 
56 229 158 330 1 
107 33 135 61 1 
341 357 369 384 1 
541 347 567 373 1 
275 235 309 269 1 
132 346 161 375 1 
95 146 135 186 1 
252 273 299 320 1 
388 222 491 324 1 
516 200 579 263 1 
95 36 95 36 1 
8 0 51 40 1 
36 0 54 8 1 
63 8 72 18 1 
69 16 81 25 1 
0 0 0 0 1 
72 28 82 37 1 
64 43 78 56 1 
26 63 41 77 1 
2 42 18 57 1 
28 43 43 62 1 
39 49 48 59 1 
63 71 77 86 1 
24 120 33 127 1 
23 129 34 143 1 
15 139 26 148 1 
48 136 60 148 1 
64 133 73 143 1 
34 152 47 162 1 
0 209 15 228 1 
21 210 32 223 1 
13 221 21 229 1 
21 231 31 240 1 
28 248 39 259 1 
24 261 35 270 1 
22 272 39 284 1 
43 246 58 262 1 
39 224 51 236 1 
64 255 82 274 1 
46 230 108 322 1 
54 319 65 333 1 
17 345 37 363 1 
49 334 62 345 1 
68 332 79 345 1 
60 341 71 353 1 
67 342 84 360 1 
113 318 125 332 1 
128 342 154 362 1 
151 333 164 348 1 
140 313 151 326 1 
170 343 181 355 1 
85 115 104 134 1 
77 109 88 120 1 
79 128 90 139 1 
96 148 125 178 1 
70 182 79 191 1 
53 184 61 196 1 
81 178 91 187 1 
82 79 87 87 1 
98 75 105 82 1 
108 35 135 62 1 
133 51 141 62 1 
128 205 137 219 1 
148 209 157 219 1 
143 194 149 202 1 
152 185 164 196 1 
157 134 167 145 1 
153 79 163 89 1 
121 107 130 116 1 
135 250 144 258 1 
170 41 182 53 1 
190 42 196 50 1 
192 52 202 60 1 
208 67 222 80 1 
205 6 215 16 1 
219 22 231 34 1 
234 7 247 17 1 
234 36 244 47 1 
184 100 192 108 1 
168 70 178 79 1 
182 70 190 78 1 
170 90 180 97 1 
171 108 180 116 1 
169 131 180 145 1 
180 136 193 147 1 
184 158 197 170 1 
181 174 189 184 1 
190 193 199 204 1 
166 206 173 214 1 
184 218 194 230 1 
172 232 182 244 1 
193 236 205 246 1 
183 291 195 304 1 
206 274 223 292 1 
184 315 193 325 1 
208 335 216 342 1 
232 333 241 342 1 
266 34 274 44 1 
285 27 293 35 1 
222 102 235 114 1 
214 130 225 141 1 
191 128 204 139 1 
208 114 214 122 1 
234 111 245 124 1 
249 110 255 119 1 
241 127 248 137 1 
266 122 279 135 1 
275 100 283 108 1 
311 136 330 154 1 
283 171 295 186 1 
294 162 302 171 1 
253 153 264 164 1 
265 269 281 286 1 
289 216 298 227 1 
301 192 312 202 1 
308 341 320 355 1 
341 310 357 324 1 
344 330 355 340 1 
319 326 329 338 1 
361 304 371 318 1 
327 265 335 274 1 
348 261 370 284 1 
377 250 399 275 1 
369 280 384 294 1 
378 223 390 237 1 
393 233 411 251 1 
361 180 368 190 1 
369 151 376 162 1 
329 202 338 211 1 
299 215 308 224 1 
361 245 369 251 1 
410 206 422 217 1 
414 214 421 226 1 
416 194 428 207 1 
421 241 427 249 1 
431 255 441 264 1 
428 264 439 275 1 
393 279 404 288 1 
401 284 415 303 1 
395 321 415 337 1 
385 303 399 317 1 
413 311 421 319 1 
329 80 338 91 1 
341 34 357 51 1 
352 26 364 38 1 
356 54 364 65 1 
362 46 369 55 1 
378 50 386 58 1 
382 76 389 83 1 
371 81 378 90 1 
394 43 404 55 1 
398 36 406 45 1 
391 29 399 36 1 
406 46 413 57 1 
409 40 416 50 1 
398 59 408 70 1 
301 17 310 25 1 
311 19 319 28 1 
342 20 350 28 1 
373 1 388 15 1 
393 0 406 12 1 
408 7 416 18 1 
437 24 445 32 1 
463 9 472 19 1 
367 126 378 135 1 
377 136 391 152 1 
415 144 434 162 1 
410 96 420 108 1 
425 65 433 72 1 
439 95 447 102 1 
417 70 424 79 1 
417 82 424 97 1 
437 101 459 124 1 
471 121 479 130 1 
451 135 465 147 1 
479 104 490 117 1 
503 117 515 129 1 
486 138 494 147 1 
457 149 487 182 1 
471 186 481 196 1 
454 189 463 197 1 
416 171 429 182 1 
405 175 415 187 1 
452 202 459 209 1 
333 107 340 115 1 
340 119 348 125 1 
328 138 336 146 1 
440 292 446 302 1 
0 0 0 0 1 
437 327 443 333 1 
457 307 464 317 1 
479 311 489 319 1 
493 322 503 333 1 
492 348 505 363 1 
431 338 447 354 1 
343 355 357 363 1 
512 277 520 288 1 
526 265 534 276 1 
538 347 562 363 1 
559 334 568 344 1 
576 339 585 351 1 
503 199 513 209 1 
508 167 518 180 1 
535 173 546 185 1 
533 210 539 219 1 
506 235 513 245 1 
487 83 494 91 1 
492 87 498 94 1 
496 97 501 104 1 
174 25 181 33 1 
302 134 310 143 1 
439 49 446 58 1 
510 35 525 51 1 
520 25 530 38 1 
548 35 557 45 1 
526 0 541 12 1 
557 0 566 9 1 
504 3 514 9 1 
545 73 553 82 1 
542 79 550 88 1 
514 70 528 85 1 
541 97 549 107 1 
579 90 590 99 1 
561 91 568 100 1 
513 99 521 108 1 
525 89 533 98 1 
529 123 540 133 1 
534 141 545 153 1 
533 158 545 169 1 
575 154 583 165 1 
29 287 37 296 1 
0 0 0 0 1 
2 197 13 207 1 
0 0 0 0 1 
11 182 21 192 1 
2 174 9 185 1 
4 64 12 71 1 
8 73 14 80 1 
588 289 600 308 1 
30 363 62 392 1 
3 384 14 396 1 
194 388 223 400 1 
223 359 234 371 1 
199 361 211 372 1 
282 361 308 387 1 
