95 336 136 376 1 
132 228 165 261 1 
79 0 87 10 1 
68 3 75 15 1 
68 22 76 29 1 
44 24 50 30 1 
52 28 58 36 1 
46 38 52 48 1 
53 41 62 52 1 
47 68 59 80 1 
66 70 72 77 1 
31 81 40 90 1 
19 83 29 95 1 
21 93 31 104 1 
54 102 64 117 1 
38 114 50 127 1 
49 127 56 134 1 
28 118 34 125 1 
61 130 79 148 1 
96 115 107 127 1 
5 219 15 228 1 
0 205 5 214 1 
14 276 22 285 1 
0 279 11 288 1 
22 309 29 316 1 
8 304 15 313 1 
74 299 83 306 1 
92 303 105 317 1 
96 335 136 368 1 
129 332 135 342 1 
165 350 172 358 1 
174 325 182 334 1 
166 332 173 340 1 
133 230 159 257 1 
172 266 187 281 1 
42 173 48 180 1 
37 142 44 151 1 
18 159 25 167 1 
56 151 61 156 1 
60 163 66 169 1 
90 89 99 99 1 
62 87 66 94 1 
77 100 84 107 1 
110 105 117 112 1 
119 103 127 112 1 
134 40 148 60 1 
147 63 152 69 1 
133 6 140 16 1 
147 3 154 11 1 
139 179 148 190 1 
152 180 164 193 1 
140 194 149 207 1 
149 163 155 170 1 
161 128 168 136 1 
165 133 174 140 1 
125 297 133 306 1 
191 254 200 264 1 
190 284 198 293 1 
165 236 174 247 1 
172 212 181 223 1 
193 179 202 189 1 
206 187 220 201 1 
194 205 202 213 1 
212 220 219 226 1 
189 215 196 223 1 
198 243 207 252 1 
173 253 180 262 1 
219 301 228 310 1 
226 307 236 316 1 
234 302 243 311 1 
238 293 247 301 1 
235 269 249 281 1 
224 279 232 285 1 
243 258 252 268 1 
258 261 271 274 1 
267 272 275 280 1 
275 257 284 265 1 
204 128 215 141 1 
196 88 204 97 1 
176 108 183 116 1 
154 78 163 86 1 
166 24 176 34 1 
174 13 183 24 1 
180 9 188 16 1 
180 0 191 7 1 
202 19 209 26 1 
178 36 190 47 1 
201 31 212 39 1 
212 34 218 44 1 
235 41 244 50 1 
251 32 260 40 1 
232 74 240 82 1 
243 134 250 142 1 
227 162 235 172 1 
258 224 266 234 1 
292 148 303 158 1 
339 120 352 133 1 
339 148 348 160 1 
219 86 225 92 1 
287 56 294 64 1 
301 65 308 74 1 
311 76 318 83 1 
319 81 329 90 1 
338 94 345 102 1 
330 111 338 119 1 
351 156 361 165 1 
363 199 369 207 1 
339 224 353 238 1 
317 286 328 298 1 
250 297 269 316 1 
286 315 304 334 1 
302 309 310 318 1 
272 349 286 360 1 
267 351 274 358 1 
337 318 346 325 1 
348 329 356 341 1 
340 331 347 337 1 
329 330 337 339 1 
308 187 314 196 1 
347 273 358 287 1 
359 245 368 256 1 
374 243 387 254 1 
409 208 419 219 1 
334 53 343 63 1 
339 37 348 49 1 
413 59 423 69 1 
407 74 415 82 1 
404 137 415 149 1 
407 152 417 161 1 
401 173 409 184 1 
421 148 430 158 1 
433 140 443 150 1 
431 157 441 167 1 
445 186 453 196 1 
433 214 441 224 1 
432 228 442 238 1 
415 283 426 294 1 
418 298 433 313 1 
382 327 393 336 1 
407 321 416 329 1 
420 316 430 327 1 
422 343 432 353 1 
459 335 468 343 1 
501 327 510 337 1 
507 312 516 325 1 
525 319 534 329 1 
511 344 520 353 1 
526 353 541 364 1 
565 328 573 335 1 
556 334 564 344 1 
566 353 572 359 1 
519 268 529 281 1 
483 278 499 295 1 
466 272 479 287 1 
447 269 459 278 1 
451 251 461 260 1 
466 250 475 261 1 
482 223 493 236 1 
466 158 474 168 1 
495 155 503 164 1 
499 171 510 181 1 
509 183 519 192 1 
498 135 512 149 1 
493 117 503 126 1 
469 96 478 105 1 
431 28 441 38 1 
428 46 437 55 1 
533 57 546 68 1 
552 13 568 27 1 
510 98 519 107 1 
576 25 587 38 1 
575 117 585 127 1 
552 151 562 162 1 
570 154 580 163 1 
567 167 577 178 1 
568 245 577 255 1 
511 11 519 19 1 
500 12 508 22 1 
471 17 480 27 1 
371 75 379 82 1 
440 133 448 142 1 
425 131 433 139 1 
472 87 482 96 1 
508 58 515 65 1 
543 88 549 97 1 
376 233 385 240 1 
491 254 500 263 1 
490 307 498 317 1 
466 355 475 364 1 
450 343 458 351 1 
302 274 310 284 1 
377 383 392 397 1 
393 363 406 375 1 
363 383 374 393 1 
347 384 359 394 1 
328 379 339 391 1 
80 375 90 386 1 
