54 0 87 27 1 
479 14 507 43 1 
172 134 200 162 1 
12 354 37 380 1 
216 90 330 204 1 
53 2 74 20 1 
85 62 96 73 1 
0 85 12 97 1 
8 65 20 76 1 
76 119 86 128 1 
7 153 18 164 1 
2 171 12 182 1 
0 186 15 208 1 
6 242 17 252 1 
23 342 37 353 1 
17 356 30 364 1 
67 285 82 298 1 
58 334 68 340 1 
47 326 57 335 1 
123 64 133 74 1 
87 265 95 272 1 
70 269 80 278 1 
122 14 133 23 1 
139 22 145 29 1 
164 123 175 131 1 
173 139 197 160 1 
184 327 204 345 1 
242 162 254 173 1 
249 180 259 189 1 
231 169 238 177 1 
200 104 209 113 1 
229 83 239 92 1 
217 51 232 62 1 
196 24 205 34 1 
296 13 303 22 1 
248 85 256 92 1 
253 79 261 88 1 
272 88 281 96 1 
273 106 282 113 1 
266 112 275 121 1 
191 45 198 55 1 
265 145 276 155 1 
223 133 230 142 1 
221 156 229 165 1 
222 192 227 201 1 
249 223 259 232 1 
296 259 307 273 1 
280 285 286 296 1 
286 284 297 295 1 
325 297 335 309 1 
252 344 261 351 1 
213 332 221 341 1 
365 232 371 239 1 
394 277 404 287 1 
340 264 349 275 1 
356 264 363 272 1 
446 253 455 262 1 
456 280 463 288 1 
559 338 577 357 1 
452 298 458 305 1 
353 97 361 106 1 
348 77 357 85 1 
431 76 444 87 1 
476 15 495 36 1 
504 9 516 22 1 
568 6 577 15 1 
528 86 546 106 1 
499 62 508 71 1 
493 211 501 221 1 
519 260 526 267 1 
509 254 517 264 1 
507 275 516 284 1 
479 247 489 256 1 
425 222 434 233 1 
382 139 391 149 1 
362 351 372 361 1 
343 249 352 259 1 
272 162 280 169 1 
508 383 518 394 1 
11 390 23 400 1 
81 391 88 400 1 
73 363 82 372 1 
69 349 78 358 1 
114 383 122 391 1 
179 376 187 387 1 
300 325 309 337 1 
254 344 261 354 1 
390 375 401 385 1 
