350 240 404 294 1 
37 330 70 364 1 
17 311 38 335 1 
8 346 26 364 1 
52 389 65 401 1 
87 384 100 399 1 
132 347 157 372 1 
110 279 138 308 1 
86 306 99 321 1 
94 300 112 319 1 
133 279 146 294 1 
171 370 202 400 1 
210 345 223 359 1 
203 348 215 361 1 
201 340 212 352 1 
208 292 223 307 1 
231 284 248 304 1 
221 280 231 291 1 
189 249 204 266 1 
179 274 193 288 1 
182 266 195 280 1 
151 198 188 237 1 
178 198 194 215 1 
122 179 165 220 1 
123 218 140 235 1 
100 218 120 239 1 
85 199 102 217 1 
114 160 128 177 1 
96 158 108 173 1 
104 161 116 175 1 
109 140 128 161 1 
85 90 96 101 1 
91 78 104 94 1 
121 86 138 104 1 
129 99 149 119 1 
142 117 158 133 1 
143 129 160 147 1 
159 122 174 140 1 
131 31 160 60 1 
143 0 176 20 1 
153 15 164 27 1 
162 14 175 27 1 
204 47 225 68 1 
234 80 264 110 1 
248 20 265 40 1 
294 1 313 19 1 
300 31 315 45 1 
296 44 320 66 1 
324 24 342 41 1 
354 4 366 17 1 
386 0 398 11 1 
397 0 432 16 1 
406 33 428 54 1 
300 75 331 107 1 
342 75 353 87 1 
351 71 361 81 1 
392 94 405 107 1 
387 133 407 152 1 
397 156 413 172 1 
390 170 405 186 1 
361 172 379 190 1 
354 195 377 218 1 
343 233 414 295 1 
397 243 410 257 1 
213 332 271 384 1 
217 359 235 377 1 
240 380 256 395 1 
244 392 255 401 1 
272 387 298 405 1 
256 377 267 389 1 
280 356 292 369 1 
277 363 288 375 1 
447 376 487 405 1 
483 375 525 403 1 
469 313 500 342 1 
531 310 543 323 1 
580 366 596 383 1 
590 307 601 326 1 
590 273 600 284 1 
562 265 572 276 1 
485 255 502 273 1 
498 226 519 247 1 
507 208 525 226 1 
550 204 571 225 1 
570 216 589 237 1 
588 187 605 212 1 
505 172 520 188 1 
497 184 510 198 1 
467 165 489 188 1 
478 147 501 167 1 
470 116 505 148 1 
507 118 526 137 1 
525 133 541 151 1 
513 138 530 155 1 
583 59 602 81 1 
502 21 522 40 1 
487 18 503 33 1 
463 31 480 48 1 
407 32 427 52 1 
532 0 549 11 1 
413 297 439 323 1 
464 221 480 237 1 
448 122 459 133 1 
479 86 499 106 1 
492 81 503 93 1 
499 88 514 103 1 
515 6 527 19 1 
493 11 503 21 1 
395 31 405 42 1 
399 221 410 234 1 
387 197 401 211 1 
373 97 397 123 1 
365 144 378 157 1 
374 336 385 348 1 
357 110 369 123 1 
355 95 369 111 1 
262 169 293 201 1 
309 239 323 255 1 
297 217 315 235 1 
239 166 256 181 1 
208 139 227 158 1 
182 128 208 152 1 
186 148 210 170 1 
237 217 258 238 1 
229 219 241 233 1 
226 232 247 255 1 
284 323 309 348 1 
268 324 279 336 1 
2 168 57 223 1 
10 243 26 260 1 
42 271 60 291 1 
99 35 114 51 1 
93 26 106 40 1 
97 56 108 67 1 
48 72 58 83 1 
84 321 116 354 1 
101 335 112 346 1 
106 371 118 383 1 
124 314 140 330 1 
253 119 301 166 1 
448 21 460 34 1 
451 0 464 9 1 
456 13 466 24 1 
334 4 345 15 1 
558 101 573 116 1 
310 135 321 146 1 
316 139 326 150 1 
277 226 290 241 1 
268 208 279 220 1 
212 233 226 249 1 
480 286 500 307 1 
562 322 571 332 1 
560 377 572 389 1 
591 123 600 136 1 
574 45 585 56 1 
428 111 440 122 1 
225 166 234 176 1 
185 103 208 125 1 
191 89 205 104 1 
206 80 218 91 1 
369 54 379 65 1 
362 38 371 48 1 
163 91 173 103 1 
155 83 168 97 1 
150 90 160 101 1 
67 0 84 13 1 
13 387 35 403 1 
69 388 80 400 1 
109 349 121 363 1 
473 348 500 374 1 
496 351 504 359 1 
546 324 567 345 1 
512 234 531 253 1 
515 184 542 212 1 
