291 320 317 346 1 
212 253 240 281 1 
183 74 263 155 1 
466 17 497 48 1 
297 26 328 57 1 
212 253 242 283 1 
114 27 139 52 1 
2 29 19 46 1 
5 99 27 120 1 
9 168 31 190 1 
37 208 58 229 1 
68 99 88 119 1 
34 67 50 83 1 
10 2 25 16 1 
86 142 111 167 1 
91 115 110 134 1 
158 112 176 130 1 
174 81 193 100 1 
241 38 258 55 1 
261 55 276 71 1 
302 73 328 99 1 
300 24 332 56 1 
413 24 432 43 1 
201 165 225 189 1 
135 180 157 202 1 
69 270 87 288 1 
155 324 179 348 1 
242 306 258 323 1 
150 263 165 278 1 
370 283 370 283 1 
293 319 322 348 1 
308 254 330 275 1 
322 190 345 213 1 
199 97 211 109 1 
252 225 268 241 1 
298 153 315 170 1 
459 302 481 325 1 
419 235 436 252 1 
420 268 434 282 1 
545 95 566 116 1 
512 51 534 73 1 
456 196 476 217 1 
481 253 493 265 1 
497 288 513 304 1 
368 326 382 340 1 
216 224 232 240 1 
262 186 279 205 1 
285 94 303 113 1 
535 136 551 152 1 
504 210 520 226 1 
429 143 444 158 1 
