152 94 220 162 1 
224 159 255 190 1 
208 329 260 381 1 
531 54 557 80 1 
253 4 281 33 1 
153 91 223 159 1 
219 155 258 191 1 
204 327 266 382 1 
132 285 158 307 1 
151 306 181 330 1 
527 49 562 81 1 
0 14 22 33 1 
125 127 141 142 1 
84 242 108 268 1 
381 286 407 311 1 
328 255 357 280 1 
311 357 337 384 1 
352 355 366 369 1 
448 375 468 396 1 
478 335 489 349 1 
535 335 545 348 1 
517 290 531 307 1 
315 160 339 183 1 
323 100 349 119 1 
393 182 413 207 1 
488 144 512 170 1 
566 141 584 159 1 
258 276 279 299 1 
232 273 253 292 1 
222 252 240 270 1 
52 288 71 310 1 
93 304 105 318 1 
259 6 284 28 1 
395 143 412 161 1 
424 139 442 156 1 
257 53 275 69 1 
338 70 352 85 1 
279 78 295 94 1 
142 177 154 193 1 
515 268 529 284 1 
271 330 289 349 1 
256 306 272 323 1 
137 344 153 357 1 
70 385 85 400 1 
203 11 219 25 1 
371 37 388 50 1 
400 47 412 60 1 
500 28 511 40 1 
570 301 584 317 1 
497 368 511 381 1 
531 378 546 394 1 
234 198 250 211 1 
127 246 140 259 1 
121 97 138 111 1 
89 0 104 13 1 
203 69 218 87 1 
239 27 251 38 1 
458 283 469 294 1 
417 178 433 190 1 
455 206 470 221 1 
35 172 48 186 1 
348 229 360 243 1 
87 126 100 140 1 
81 116 97 127 1 
383 70 395 80 1 
297 116 312 130 1 
141 21 155 36 1 
305 386 322 400 1 
