418 145 458 184 1 
507 248 551 292 1 
433 323 483 373 1 
9 159 39 188 1 
362 166 418 222 1 
86 368 113 395 1 
6 3 14 11 1 
0 25 16 41 1 
0 59 19 77 1 
8 91 20 104 1 
13 104 31 121 1 
55 93 63 102 1 
42 82 49 92 1 
57 30 68 41 1 
47 0 56 11 1 
62 0 72 7 1 
70 9 77 16 1 
56 126 65 135 1 
48 138 58 145 1 
42 146 50 152 1 
47 155 56 165 1 
28 150 36 160 1 
10 141 24 154 1 
6 165 27 183 1 
25 190 34 198 1 
45 214 57 228 1 
63 228 83 248 1 
63 250 85 270 1 
53 260 67 273 1 
36 259 46 269 1 
27 242 36 248 1 
18 252 24 259 1 
40 280 48 289 1 
58 287 68 297 1 
32 287 42 298 1 
16 292 24 301 1 
13 312 19 319 1 
102 268 116 283 1 
130 260 142 274 1 
140 298 150 310 1 
172 286 183 298 1 
158 11 167 21 1 
152 34 160 42 1 
164 36 170 46 1 
149 51 157 61 1 
196 21 203 31 1 
185 1 196 7 1 
207 7 216 16 1 
236 23 243 30 1 
246 18 259 36 1 
220 44 230 53 1 
214 51 223 61 1 
199 53 210 64 1 
227 55 238 68 1 
188 72 194 79 1 
145 94 155 102 1 
119 91 133 102 1 
110 100 120 109 1 
103 134 119 148 1 
106 153 119 166 1 
90 140 97 149 1 
127 134 134 140 1 
153 153 163 163 1 
93 203 103 213 1 
96 245 104 253 1 
117 228 127 238 1 
142 218 151 229 1 
166 210 175 219 1 
162 239 174 251 1 
147 252 157 262 1 
161 271 169 278 1 
191 204 201 215 1 
206 218 216 231 1 
196 175 203 186 1 
207 177 216 187 1 
250 192 262 204 1 
240 242 249 253 1 
227 254 233 263 1 
207 258 217 269 1 
219 287 234 300 1 
187 304 195 312 1 
152 282 160 292 1 
142 275 152 283 1 
266 322 277 332 1 
264 338 272 345 1 
250 352 258 361 1 
147 188 154 195 1 
149 198 159 206 1 
140 192 149 200 1 
295 190 301 197 1 
273 190 280 199 1 
271 30 285 41 1 
263 56 274 66 1 
315 114 322 120 1 
440 170 463 204 1 
416 140 454 182 1 
392 115 402 128 1 
387 137 396 146 1 
380 91 397 112 1 
354 157 364 166 1 
363 135 371 145 1 
338 1 346 10 1 
370 14 381 26 1 
390 22 397 31 1 
410 17 419 27 1 
423 22 431 29 1 
414 46 424 59 1 
448 34 457 44 1 
491 40 506 56 1 
486 14 496 25 1 
530 30 545 47 1 
545 12 560 27 1 
551 56 567 78 1 
558 89 566 97 1 
571 75 580 85 1 
511 87 519 95 1 
517 76 526 84 1 
502 58 509 68 1 
500 73 507 83 1 
463 53 473 63 1 
452 57 461 68 1 
488 89 504 105 1 
439 85 461 104 1 
478 109 482 116 1 
511 105 516 112 1 
544 116 552 125 1 
575 113 581 120 1 
550 152 560 161 1 
358 256 369 266 1 
396 252 407 265 1 
439 242 450 253 1 
487 141 501 156 1 
571 197 581 210 1 
573 219 582 230 1 
538 215 549 227 1 
558 199 564 210 1 
560 240 570 249 1 
536 235 549 246 1 
523 231 532 239 1 
519 219 527 227 1 
510 251 544 288 1 
553 284 563 293 1 
521 292 528 302 1 
500 265 513 277 1 
491 277 497 285 1 
436 264 447 273 1 
386 285 399 296 1 
371 304 382 314 1 
374 327 394 345 1 
358 351 375 363 1 
387 353 398 364 1 
438 321 487 363 1 
544 319 567 343 1 
518 320 524 329 1 
529 336 533 343 1 
520 336 529 346 1 
501 307 512 317 1 
492 301 501 310 1 
487 295 495 304 1 
468 296 478 304 1 
479 299 488 309 1 
459 313 469 321 1 
424 286 435 296 1 
399 280 409 289 1 
413 303 423 312 1 
36 390 44 399 1 
7 363 17 372 1 
165 381 183 398 1 
114 369 125 380 1 
565 364 578 375 1 
244 384 262 399 1 
329 390 343 400 1 
584 203 600 223 1 
388 354 399 367 1 
357 335 368 345 1 
