541 82 579 120 1 
101 62 146 106 1 
556 1 577 22 1 
535 76 588 129 1 
540 125 559 143 1 
586 56 600 74 1 
489 84 513 105 1 
501 49 518 66 1 
492 60 507 74 1 
537 198 551 212 1 
521 212 537 230 1 
563 217 582 236 1 
528 241 548 262 1 
558 322 572 336 1 
576 341 595 361 1 
465 363 483 382 1 
399 354 421 377 1 
275 355 301 380 1 
68 371 83 386 1 
84 297 101 315 1 
95 272 109 288 1 
125 229 141 245 1 
0 196 11 218 1 
0 171 13 199 1 
61 145 89 170 1 
34 115 69 147 1 
34 116 45 129 1 
10 112 21 123 1 
24 77 38 91 1 
0 72 12 87 1 
44 85 77 118 1 
79 100 92 113 1 
48 17 64 33 1 
94 53 155 116 1 
135 44 156 65 1 
171 35 183 48 1 
187 0 203 14 1 
241 9 253 24 1 
282 14 298 30 1 
254 94 267 107 1 
269 122 280 133 1 
230 213 250 233 1 
273 200 289 217 1 
344 239 369 264 1 
401 117 424 139 1 
438 107 447 117 1 
490 84 515 109 1 
492 60 507 75 1 
501 47 518 64 1 
556 0 579 24 1 
588 56 600 73 1 
533 77 587 127 1 
489 83 516 111 1 
537 124 558 148 1 
537 197 551 211 1 
520 211 537 228 1 
561 214 585 239 1 
526 239 549 263 1 
411 49 423 61 1 
252 183 268 200 1 
232 170 246 185 1 
244 148 257 161 1 
228 146 239 159 1 
238 124 249 135 1 
248 117 259 130 1 
254 111 268 125 1 
326 160 337 171 1 
186 244 198 256 1 
185 295 198 309 1 
102 335 126 360 1 
129 17 139 27 1 
125 0 138 13 1 
64 324 75 336 1 
136 382 150 394 1 
575 253 594 275 1 
529 18 543 32 1 
534 29 546 42 1 
332 200 355 222 1 
166 85 182 101 1 
18 40 32 55 1 
439 340 459 361 1 
494 336 507 349 1 
503 288 515 301 1 
523 299 535 312 1 
526 310 540 325 1 
