264 213 328 277 1 
330 42 360 72 1 
185 21 212 48 1 
465 268 490 293 1 
452 4 487 39 1 
191 336 218 362 1 
35 144 62 171 1 
329 39 364 76 1 
550 307 599 364 1 
254 215 324 277 1 
462 264 492 292 1 
391 296 415 321 1 
390 332 409 352 1 
330 312 353 332 1 
190 335 217 359 1 
183 205 204 227 1 
229 172 255 194 1 
183 17 214 47 1 
206 1 221 17 1 
271 14 283 25 1 
291 45 307 60 1 
373 116 396 136 1 
300 186 315 203 1 
375 183 405 211 1 
390 261 401 277 1 
421 270 433 283 1 
519 256 538 271 1 
516 303 531 320 1 
452 337 467 352 1 
473 312 489 327 1 
449 8 492 40 1 
393 8 412 23 1 
402 63 421 81 1 
385 42 400 60 1 
424 2 446 21 1 
32 142 60 174 1 
101 131 114 144 1 
98 161 113 178 1 
106 148 118 162 1 
112 312 127 328 1 
123 288 139 305 1 
159 323 185 350 1 
179 252 202 274 1 
165 273 183 289 1 
150 233 166 247 1 
159 195 175 210 1 
234 151 250 168 1 
293 154 307 167 1 
273 190 286 202 1 
316 174 332 192 1 
151 24 167 38 1 
82 28 104 43 1 
13 23 31 43 1 
80 50 92 63 1 
191 68 202 82 1 
174 80 188 94 1 
119 76 132 91 1 
231 261 246 276 1 
238 344 255 362 1 
304 379 318 395 1 
509 171 524 188 1 
511 197 523 211 1 
556 46 580 71 1 
507 4 518 18 1 
423 110 437 126 1 
442 124 456 135 1 
7 216 18 232 1 
71 200 84 215 1 
39 227 54 241 1 
1 130 16 147 1 
337 383 350 398 1 
306 135 320 152 1 
347 91 362 106 1 
237 22 256 40 1 
573 156 587 170 1 
70 337 86 349 1 
48 296 61 312 1 
205 319 217 332 1 
