372 249 403 280 1 
127 349 163 385 1 
160 138 189 167 1 
187 22 224 58 1 
266 348 293 375 1 
94 92 119 118 1 
102 184 138 219 1 
127 345 165 385 1 
265 347 295 377 1 
370 244 407 284 1 
441 226 471 253 1 
188 22 227 58 1 
173 40 193 60 1 
148 44 169 66 1 
159 137 193 172 1 
234 148 256 170 1 
50 0 83 23 1 
92 91 117 118 1 
125 61 144 77 1 
286 48 308 67 1 
482 130 503 149 1 
499 224 515 239 1 
289 225 309 247 1 
95 277 117 299 1 
118 301 139 325 1 
132 280 149 296 1 
196 264 215 279 1 
239 250 259 270 1 
167 103 194 126 1 
151 87 169 104 1 
37 362 56 377 1 
40 321 56 335 1 
96 190 113 205 1 
386 119 404 140 1 
407 128 425 145 1 
402 175 421 193 1 
364 160 387 180 1 
555 133 570 150 1 
575 76 598 95 1 
341 20 354 36 1 
382 56 396 74 1 
236 120 256 142 1 
213 133 229 147 1 
220 152 235 168 1 
204 164 222 180 1 
63 81 77 93 1 
71 94 85 107 1 
145 242 161 257 1 
267 182 281 195 1 
252 9 273 26 1 
521 33 540 49 1 
543 34 560 46 1 
371 193 384 205 1 
322 339 346 360 1 
337 352 363 377 1 
482 334 496 349 1 
444 297 462 314 1 
453 349 465 364 1 
111 124 124 139 1 
104 114 117 132 1 
40 253 64 272 1 
7 243 19 256 1 
320 309 334 324 1 
549 331 565 341 1 
524 262 538 276 1 
466 168 479 183 1 
285 157 301 170 1 
253 105 270 120 1 
454 7 470 22 1 
407 81 432 105 1 
215 232 229 247 1 
465 251 485 266 1 
396 33 411 47 1 
504 102 521 120 1 
378 0 395 12 1 
200 127 210 139 1 
249 54 265 67 1 
416 354 428 368 1 
225 301 240 316 1 
64 144 81 155 1 
