301 147 335 181 1 
287 186 315 214 1 
437 246 466 274 1 
380 349 410 380 1 
551 93 578 120 1 
352 330 383 361 1 
402 287 433 318 1 
485 185 574 273 1 
127 44 307 223 1 
373 98 458 183 1 
126 197 150 222 1 
82 43 111 73 1 
62 91 86 115 1 
13 130 38 155 1 
42 202 64 225 1 
6 157 20 171 1 
136 55 168 87 1 
103 117 119 133 1 
186 201 206 223 1 
234 222 253 241 1 
214 242 229 257 1 
283 182 315 214 1 
299 144 340 184 1 
325 27 350 53 1 
75 243 90 259 1 
90 278 105 294 1 
53 294 66 309 1 
86 325 98 337 1 
414 78 428 93 1 
352 113 369 130 1 
409 179 426 196 1 
348 195 366 213 1 
108 202 120 214 1 
436 245 467 276 1 
544 170 568 194 1 
439 106 463 130 1 
214 5 228 22 1 
279 295 302 317 1 
320 303 333 315 1 
497 180 518 201 1 
553 93 580 120 1 
460 107 482 130 1 
414 257 429 273 1 
192 339 211 358 1 
211 284 227 300 1 
176 235 188 247 1 
128 4 148 24 1 
334 93 349 109 1 
458 75 473 91 1 
457 21 476 42 1 
562 7 581 26 1 
267 253 287 274 1 
134 314 152 332 1 
121 329 138 346 1 
520 340 537 357 1 
480 198 496 214 1 
511 149 524 162 1 
247 297 261 309 1 
98 147 115 164 1 
