205 190 341 326 1 
163 301 212 349 1 
361 170 418 227 1 
327 124 355 152 1 
120 269 152 301 1 
246 354 274 381 1 
351 309 429 387 1 
538 313 565 340 1 
318 0 428 68 1 
325 117 361 154 1 
77 208 112 238 1 
235 50 261 75 1 
211 101 239 128 1 
146 269 169 287 1 
406 210 426 232 1 
441 66 465 89 1 
392 62 419 86 1 
540 44 565 72 1 
501 116 527 143 1 
474 117 503 148 1 
474 146 496 170 1 
475 172 497 198 1 
415 307 443 332 1 
279 320 310 345 1 
343 179 365 201 1 
549 195 577 227 1 
349 309 374 331 1 
163 168 188 192 1 
139 296 159 314 1 
527 301 568 340 1 
515 230 536 258 1 
189 57 219 81 1 
442 194 465 216 1 
116 0 138 16 1 
1 154 21 175 1 
1 125 21 144 1 
59 304 77 320 1 
67 293 86 309 1 
75 284 97 298 1 
403 14 418 32 1 
152 82 170 100 1 
133 232 145 245 1 
506 81 519 98 1 
558 82 569 94 1 
479 261 495 283 1 
381 294 396 308 1 
208 302 222 316 1 
110 292 123 308 1 
423 104 440 121 1 
524 287 537 299 1 
363 247 382 266 1 
285 201 302 215 1 
337 91 353 109 1 
259 70 282 94 1 
380 78 393 90 1 
373 326 393 344 1 
472 298 487 311 1 
402 107 419 122 1 
340 69 352 84 1 
500 160 514 174 1 
238 131 250 146 1 
227 337 241 351 1 
560 25 574 38 1 
