554 37 584 67 1 
87 47 132 91 1 
282 354 308 380 1 
514 195 540 222 1 
472 59 509 96 1 
83 45 134 94 1 
37 130 55 150 1 
66 108 85 127 1 
78 209 92 221 1 
88 218 102 233 1 
100 188 118 208 1 
88 331 117 356 1 
44 274 61 291 1 
41 237 52 250 1 
140 273 150 284 1 
150 247 159 259 1 
154 78 168 92 1 
154 145 163 156 1 
179 146 193 157 1 
180 168 188 176 1 
184 180 190 186 1 
180 213 185 220 1 
96 321 104 329 1 
122 330 129 336 1 
169 328 176 336 1 
176 337 185 348 1 
265 199 274 208 1 
272 208 282 217 1 
330 176 346 194 1 
329 243 346 256 1 
350 276 364 290 1 
406 335 432 359 1 
450 313 466 330 1 
446 345 458 359 1 
461 340 470 350 1 
483 336 506 359 1 
516 192 543 219 1 
427 33 452 56 1 
555 35 583 68 1 
423 99 442 117 1 
416 97 427 108 1 
396 117 414 134 1 
430 122 444 138 1 
433 150 446 162 1 
430 181 441 194 1 
394 135 407 147 1 
310 151 325 163 1 
362 28 374 38 1 
306 13 318 25 1 
339 18 351 30 1 
303 36 314 46 1 
391 91 400 104 1 
465 90 477 106 1 
521 135 531 149 1 
279 145 291 158 1 
285 130 296 140 1 
305 134 315 143 1 
296 182 308 196 1 
305 195 315 206 1 
521 53 532 64 1 
530 46 539 56 1 
374 273 386 286 1 
377 307 389 318 1 
42 59 51 68 1 
22 89 30 101 1 
