257 26 294 63 1 
194 50 222 78 1 
74 66 107 99 1 
318 275 343 301 1 
475 83 504 112 1 
359 73 427 141 1 
530 153 583 205 1 
522 140 595 218 1 
526 54 564 95 1 
364 67 437 142 1 
458 9 533 78 1 
528 28 547 47 1 
384 10 418 43 1 
342 17 365 39 1 
255 22 299 69 1 
194 47 229 83 1 
238 31 252 47 1 
158 36 179 58 1 
123 24 139 40 1 
111 32 126 48 1 
90 5 106 22 1 
71 30 86 45 1 
89 49 101 62 1 
77 65 111 99 1 
53 70 66 84 1 
4 45 19 59 1 
8 61 20 73 1 
18 59 28 69 1 
18 83 28 94 1 
30 85 45 102 1 
95 106 113 126 1 
88 120 98 132 1 
119 132 148 161 1 
99 159 130 188 1 
94 170 104 182 1 
20 144 44 167 1 
41 156 53 170 1 
27 189 38 202 1 
15 214 25 224 1 
3 231 18 247 1 
20 233 30 245 1 
35 235 48 249 1 
55 297 65 309 1 
0 357 12 380 1 
26 381 40 396 1 
63 369 76 384 1 
70 352 100 381 1 
106 371 118 384 1 
114 344 124 356 1 
117 324 130 339 1 
153 326 169 343 1 
145 270 159 285 1 
107 275 119 289 1 
139 231 154 245 1 
141 207 158 225 1 
141 169 159 187 1 
218 200 249 231 1 
261 165 290 196 1 
294 227 308 242 1 
308 269 356 317 1 
257 321 277 341 1 
240 308 258 325 1 
237 320 250 334 1 
305 344 318 357 1 
333 339 355 363 1 
353 197 381 226 1 
381 181 396 199 1 
346 223 364 242 1 
419 273 452 309 1 
392 371 415 393 1 
411 360 426 375 1 
433 368 444 381 1 
450 360 466 377 1 
451 377 467 393 1 
464 351 487 379 1 
477 310 491 325 1 
500 284 523 310 1 
498 276 511 291 1 
514 261 531 280 1 
542 326 555 339 1 
577 356 591 371 1 
564 354 577 368 1 
585 323 601 346 1 
547 230 570 254 1 
520 327 533 341 1 
542 352 553 365 1 
539 344 551 356 1 
499 338 512 352 1 
487 348 497 359 1 
402 226 425 251 1 
379 238 395 255 1 
474 83 505 116 1 
460 73 479 92 1 
321 7 333 19 1 
336 64 348 77 1 
343 76 358 91 1 
290 115 304 131 1 
188 131 205 149 1 
170 93 186 110 1 
127 83 143 99 1 
151 73 163 86 1 
163 82 176 95 1 
183 76 197 90 1 
95 28 105 38 1 
212 165 228 181 1 
173 301 184 313 1 
82 309 95 322 1 
27 334 39 347 1 
49 349 60 363 1 
178 308 187 319 1 
316 218 330 232 1 
320 167 332 179 1 
316 175 333 195 1 
332 254 352 276 1 
327 247 339 262 1 
300 276 315 293 1 
278 337 295 355 1 
285 314 298 328 1 
301 310 317 327 1 
315 301 326 315 1 
399 314 412 327 1 
400 323 412 335 1 
409 305 420 316 1 
547 230 568 254 1 
533 229 547 244 1 
409 132 422 146 1 
360 125 371 136 1 
542 37 554 51 1 
426 165 447 185 1 
428 151 446 169 1 
404 164 415 177 1 
238 174 254 190 1 
459 243 474 259 1 
430 207 450 229 1 
388 346 402 361 1 
261 385 274 397 1 
240 110 254 125 1 
249 124 265 141 1 
41 40 57 57 1 
48 182 59 194 1 
46 168 60 183 1 
39 223 49 234 1 
60 230 70 241 1 
81 207 93 220 1 
2 326 12 337 1 
238 253 258 274 1 
402 287 414 300 1 
403 299 414 310 1 
589 202 602 221 1 
192 386 221 402 1 
270 127 282 140 1 
561 314 573 327 1 
567 320 580 334 1 
322 28 337 43 1 
198 2 232 34 1 
98 189 108 200 1 
