489 12 515 39 1 
568 160 594 187 1 
74 230 101 258 1 
452 9 487 44 1 
492 42 534 83 1 
550 310 578 339 1 
178 56 206 85 1 
0 73 24 103 1 
141 76 185 119 1 
0 115 22 142 1 
517 90 576 149 1 
484 8 515 37 1 
484 32 497 46 1 
525 28 537 41 1 
537 31 564 59 1 
514 42 530 54 1 
569 36 579 49 1 
561 158 592 185 1 
544 307 586 341 1 
489 302 509 323 1 
519 282 535 300 1 
534 266 553 285 1 
552 227 575 251 1 
567 270 582 284 1 
560 258 575 269 1 
576 204 591 220 1 
404 188 425 210 1 
419 154 436 171 1 
70 193 91 211 1 
78 339 94 355 1 
98 355 113 367 1 
140 364 152 380 1 
202 230 221 250 1 
165 282 185 304 1 
170 244 187 263 1 
69 229 99 258 1 
84 267 97 279 1 
112 255 126 271 1 
73 279 89 293 1 
58 323 74 340 1 
35 312 54 334 1 
30 293 45 308 1 
42 148 60 167 1 
105 124 122 141 1 
138 79 183 121 1 
173 52 205 86 1 
269 18 287 39 1 
295 20 326 49 1 
273 69 284 84 1 
343 52 354 70 1 
314 247 332 261 1 
253 180 274 203 1 
369 108 383 121 1 
398 116 408 126 1 
411 75 427 90 1 
423 119 434 136 1 
462 86 473 103 1 
487 75 498 88 1 
499 78 512 96 1 
490 51 531 86 1 
522 98 575 147 1 
209 210 223 226 1 
238 164 252 176 1 
240 180 251 194 1 
199 164 211 177 1 
132 228 154 249 1 
116 91 130 108 1 
61 55 76 71 1 
51 23 64 37 1 
5 32 19 48 1 
37 44 49 56 1 
88 113 98 126 1 
85 150 96 163 1 
64 215 76 226 1 
88 210 104 227 1 
186 119 198 132 1 
189 102 199 112 1 
210 62 223 76 1 
246 76 259 89 1 
512 324 527 341 1 
16 388 38 400 1 
120 327 133 340 1 
174 308 186 320 1 
196 369 209 382 1 
190 346 201 359 1 
201 354 210 365 1 
33 84 58 111 1 
0 116 19 145 1 
0 68 23 106 1 
107 169 127 194 1 
371 203 389 223 1 
1 324 15 336 1 
320 259 337 274 1 
355 210 367 224 1 
556 66 567 79 1 
565 80 577 94 1 
561 8 574 21 1 
582 2 597 14 1 
88 16 100 30 1 
68 18 80 34 1 
29 23 44 38 1 
15 22 29 39 1 
241 14 254 30 1 
303 88 317 102 1 
141 205 162 227 1 
272 221 283 233 1 
291 201 307 214 1 
261 219 270 229 1 
313 118 326 131 1 
