475 125 502 153 1 
268 54 294 81 1 
88 10 115 37 1 
565 338 591 364 1 
532 332 543 340 1 
473 127 499 149 1 
559 147 584 170 1 
538 153 557 166 1 
515 151 529 164 1 
397 25 415 44 1 
419 63 432 81 1 
69 288 82 306 1 
135 72 143 80 1 
295 42 303 50 1 
251 209 261 217 1 
305 289 314 300 1 
307 279 316 289 1 
330 335 339 346 1 
254 325 268 335 1 
211 273 221 285 1 
223 263 230 274 1 
264 276 275 286 1 
323 294 330 304 1 
343 294 356 308 1 
391 252 399 262 1 
395 284 408 292 1 
455 111 469 121 1 
463 125 468 134 1 
461 105 465 109 1 
375 83 383 89 1 
248 115 259 125 1 
233 166 244 178 1 
54 144 69 163 1 
98 276 110 292 1 
75 257 88 269 1 
115 287 123 299 1 
575 28 588 43 1 
553 19 562 29 1 
461 288 471 301 1 
465 329 481 343 1 
505 274 516 283 1 
227 17 235 26 1 
176 90 187 99 1 
