23 1 32 10 1 
18 17 28 27 1 
40 19 48 27 1 
46 30 53 38 1 
42 35 53 44 1 
51 18 58 24 1 
56 21 73 35 1 
71 17 82 28 1 
71 39 79 46 1 
34 51 43 60 1 
1 105 21 127 1 
33 93 41 101 1 
41 84 46 90 1 
66 80 75 91 1 
70 74 79 81 1 
71 48 80 56 1 
89 14 96 21 1 
111 0 124 9 1 
98 22 106 31 1 
106 27 113 35 1 
25 131 33 138 1 
39 139 45 147 1 
27 142 33 148 1 
41 188 52 198 1 
65 159 87 181 1 
90 125 98 135 1 
95 128 115 151 1 
59 115 66 123 1 
70 108 77 115 1 
62 91 69 99 1 
64 98 71 105 1 
68 138 78 149 1 
49 148 55 155 1 
21 203 29 221 1 
39 215 45 222 1 
30 236 38 245 1 
73 247 86 262 1 
76 267 84 276 1 
87 283 93 290 1 
82 320 92 331 1 
62 322 72 332 1 
95 354 104 364 1 
118 345 126 352 1 
127 339 135 346 1 
113 300 124 310 1 
145 295 154 307 1 
104 212 113 223 1 
102 259 110 272 1 
108 253 116 263 1 
117 252 123 260 1 
130 259 137 268 1 
139 253 147 263 1 
151 248 159 256 1 
167 262 178 275 1 
160 272 167 282 1 
169 276 176 285 1 
147 270 157 282 1 
173 307 196 329 1 
165 300 177 314 1 
154 323 180 361 1 
186 331 205 347 1 
213 328 225 341 1 
207 346 228 363 1 
200 343 209 355 1 
196 291 207 308 1 
209 308 219 318 1 
181 276 193 292 1 
185 264 194 274 1 
181 246 193 259 1 
173 245 180 255 1 
142 213 156 229 1 
127 188 136 198 1 
111 99 122 108 1 
124 104 134 114 1 
127 122 137 131 1 
124 131 132 140 1 
70 3 78 11 1 
161 44 170 55 1 
177 48 197 65 1 
198 37 210 52 1 
207 43 218 56 1 
223 42 234 52 1 
170 0 177 8 1 
175 103 184 111 1 
148 81 154 90 1 
135 94 142 101 1 
152 131 158 139 1 
146 169 153 178 1 
185 165 193 173 1 
205 253 215 262 1 
216 259 232 275 1 
223 253 231 262 1 
198 267 207 274 1 
238 311 251 323 1 
225 240 235 248 1 
197 163 204 173 1 
210 138 219 149 1 
214 132 226 146 1 
226 126 235 136 1 
237 137 247 149 1 
244 126 260 142 1 
195 74 205 82 1 
204 81 212 87 1 
221 57 231 67 1 
239 75 249 87 1 
266 81 276 93 1 
259 86 269 101 1 
274 69 286 82 1 
289 78 300 91 1 
249 12 259 22 1 
234 13 242 22 1 
241 3 250 10 1 
265 11 272 17 1 
249 0 270 14 1 
281 6 292 16 1 
266 26 281 39 1 
252 159 263 170 1 
259 155 273 170 1 
273 152 281 159 1 
283 127 292 137 1 
232 182 241 191 1 
284 220 299 232 1 
302 289 318 310 1 
335 323 345 334 1 
370 352 382 363 1 
375 338 388 353 1 
412 348 426 363 1 
344 264 364 285 1 
342 284 358 298 1 
358 236 376 256 1 
362 265 381 287 1 
391 237 400 249 1 
409 219 417 229 1 
420 228 431 238 1 
417 245 443 282 1 
408 275 419 287 1 
410 299 418 309 1 
444 324 454 334 1 
464 323 475 335 1 
471 310 482 321 1 
326 64 337 76 1 
342 66 360 81 1 
302 16 316 28 1 
324 2 339 10 1 
328 32 335 41 1 
365 55 381 72 1 
364 77 375 90 1 
379 70 392 82 1 
374 2 392 17 1 
433 24 444 35 1 
443 35 468 63 1 
427 36 435 46 1 
411 34 428 60 1 
400 35 408 44 1 
414 8 426 18 1 
431 0 440 7 1 
522 32 533 41 1 
553 44 560 53 1 
563 76 574 89 1 
548 125 566 143 1 
453 141 463 153 1 
472 139 482 149 1 
456 176 465 186 1 
506 166 517 174 1 
510 187 520 196 1 
507 202 520 214 1 
548 189 560 204 1 
567 197 577 210 1 
465 228 486 251 1 
280 46 448 256 1 
565 141 573 151 1 
538 161 545 169 1 
526 222 537 234 1 
531 239 538 248 1 
0 0 0 0 1 
500 236 521 257 1 
557 233 577 272 1 
571 263 579 275 1 
460 254 470 262 1 
412 309 420 317 1 
513 275 520 283 1 
501 303 516 314 1 
503 314 511 321 1 
500 326 510 339 1 
512 319 527 338 1 
532 330 556 357 1 
552 294 565 306 1 
476 295 483 304 1 
504 282 510 290 1 
559 314 581 337 1 
530 329 558 358 1 
497 376 513 389 1 
587 365 598 377 1 
576 355 584 365 1 
560 358 567 365 1 
437 380 445 390 1 
417 391 429 400 1 
468 344 480 356 1 
465 354 475 365 1 
228 383 241 398 1 
288 375 298 387 1 
303 382 316 395 1 
350 381 360 391 1 
152 341 179 366 1 
153 324 172 344 1 
