128 0 161 18 1 
176 345 210 379 1 
286 280 311 305 1 
88 152 108 173 1 
25 24 37 36 1 
4 43 19 58 1 
10 55 23 68 1 
10 84 25 99 1 
0 91 13 104 1 
5 124 21 140 1 
26 115 43 132 1 
34 101 49 116 1 
29 71 40 82 1 
108 77 120 89 1 
85 54 101 69 1 
102 66 115 79 1 
82 101 98 117 1 
61 156 77 173 1 
59 171 78 190 1 
81 190 91 200 1 
15 305 32 323 1 
57 269 69 281 1 
28 268 41 281 1 
52 334 67 350 1 
60 321 74 336 1 
144 313 161 331 1 
210 77 228 95 1 
177 93 193 109 1 
189 87 206 103 1 
38 167 52 181 1 
97 176 109 188 1 
172 228 190 246 1 
165 254 183 272 1 
189 313 207 331 1 
209 229 226 246 1 
228 139 245 156 1 
230 95 250 114 1 
305 220 331 246 1 
283 279 313 309 1 
271 277 288 294 1 
173 341 214 382 1 
264 348 280 364 1 
222 356 236 370 1 
152 373 169 390 1 
234 367 255 388 1 
438 213 458 233 1 
503 238 527 262 1 
462 188 490 217 1 
510 204 538 232 1 
525 288 559 323 1 
564 198 591 225 1 
554 301 573 320 1 
473 375 493 395 1 
451 332 468 349 1 
437 339 452 354 1 
327 208 347 229 1 
262 174 281 193 1 
253 173 266 186 1 
438 59 452 75 1 
452 52 469 69 1 
538 59 578 98 1 
325 289 338 302 1 
573 346 590 363 1 
423 378 439 395 1 
414 371 428 385 1 
524 368 542 387 1 
125 326 144 345 1 
95 355 109 368 1 
111 291 127 307 1 
347 107 363 124 1 
327 46 340 59 1 
354 301 366 314 1 
342 361 358 377 1 
