366 0 410 39 1 
248 309 275 336 1 
189 176 217 204 1 
423 52 503 132 1 
29 287 56 314 1 
86 248 113 275 1 
265 35 292 62 1 
126 192 183 248 1 
0 41 18 76 1 
91 355 121 385 1 
358 0 415 51 1 
239 169 266 196 1 
245 305 281 341 1 
270 301 295 324 1 
183 173 225 209 1 
18 44 49 70 1 
82 248 112 274 1 
26 287 59 316 1 
128 342 151 360 1 
74 274 89 289 1 
330 157 358 181 1 
488 236 514 258 1 
547 289 559 301 1 
410 331 426 348 1 
422 309 441 325 1 
364 292 380 306 1 
373 306 390 322 1 
397 180 422 205 1 
420 152 443 175 1 
336 207 356 227 1 
328 237 340 250 1 
325 306 337 318 1 
263 35 294 66 1 
167 4 195 29 1 
217 53 236 71 1 
232 64 248 80 1 
482 101 501 116 1 
495 363 543 400 1 
455 315 467 330 1 
426 371 443 390 1 
290 386 314 400 1 
306 367 354 400 1 
79 366 100 391 1 
173 140 197 163 1 
426 115 442 132 1 
408 45 437 72 1 
518 20 545 44 1 
541 2 557 18 1 
572 73 590 86 1 
496 183 509 200 1 
266 151 283 168 1 
291 148 309 167 1 
74 297 90 312 1 
423 353 435 367 1 
485 362 496 373 1 
288 4 301 19 1 
304 14 323 30 1 
525 120 542 137 1 
449 204 466 219 1 
464 183 476 197 1 
250 294 265 308 1 
217 352 233 372 1 
180 102 201 120 1 
171 95 183 109 1 
390 162 410 180 1 
372 327 389 346 1 
500 359 512 372 1 
488 12 504 29 1 
466 27 480 44 1 
472 9 487 29 1 
205 255 216 268 1 
286 121 299 134 1 
163 128 172 140 1 
5 342 20 358 1 
30 390 43 400 1 
69 387 85 400 1 
317 89 333 104 1 
455 135 473 154 1 
435 127 451 147 1 
149 127 162 141 1 
