126 143 218 235 1 
262 16 313 67 1 
415 8 444 38 1 
534 188 563 217 1 
43 313 79 349 1 
476 90 503 117 1 
495 165 539 210 1 
27 231 81 285 1 
454 290 500 336 1 
258 12 316 70 1 
413 6 449 42 1 
445 51 470 79 1 
476 88 505 116 1 
532 183 562 218 1 
533 93 546 110 1 
548 94 566 116 1 
457 6 476 25 1 
278 93 299 108 1 
79 74 95 92 1 
84 69 98 81 1 
81 54 93 71 1 
42 313 84 349 1 
60 304 83 323 1 
227 186 249 210 1 
439 311 454 325 1 
179 85 196 99 1 
190 102 202 118 1 
203 109 216 124 1 
232 111 247 123 1 
125 70 144 87 1 
247 310 266 329 1 
280 248 296 264 1 
297 285 313 300 1 
511 333 522 345 1 
409 335 431 350 1 
249 218 285 246 1 
22 47 32 58 1 
33 54 46 66 1 
33 275 52 293 1 
124 312 140 327 1 
216 223 237 245 1 
218 243 238 263 1 
473 358 495 381 1 
468 380 499 400 1 
456 360 477 380 1 
578 319 593 337 1 
443 280 456 294 1 
327 208 344 229 1 
328 61 342 76 1 
211 348 229 367 1 
223 342 242 360 1 
0 292 12 306 1 
33 128 50 146 1 
504 352 519 370 1 
490 126 521 154 1 
555 297 576 319 1 
459 174 481 194 1 
306 104 326 119 1 
577 32 588 44 1 
0 123 16 140 1 
