222 183 295 256 1 
44 223 124 303 1 
368 28 396 57 1 
548 324 584 361 1 
0 0 75 89 1 
311 302 355 347 1 
388 3 436 50 1 
39 226 105 291 1 
31 280 56 299 1 
34 321 51 345 1 
4 317 21 333 1 
167 175 187 203 1 
223 182 296 252 1 
335 254 350 272 1 
326 203 345 225 1 
378 160 408 189 1 
418 233 446 251 1 
540 316 581 353 1 
488 156 511 177 1 
389 105 408 121 1 
370 30 390 58 1 
396 47 419 75 1 
383 6 430 44 1 
442 32 475 62 1 
527 60 539 76 1 
543 7 566 26 1 
484 2 504 22 1 
567 10 582 25 1 
537 102 553 120 1 
456 86 476 105 1 
551 271 580 290 1 
565 300 579 316 1 
333 330 353 348 1 
296 346 311 361 1 
206 333 226 348 1 
190 343 207 359 1 
160 325 177 341 1 
1 300 9 313 1 
18 109 32 121 1 
96 5 115 22 1 
73 23 99 44 1 
244 161 269 179 1 
235 33 254 56 1 
323 90 338 105 1 
339 137 359 155 1 
265 125 287 153 1 
320 232 341 249 1 
207 281 219 294 1 
102 294 127 311 1 
82 208 101 227 1 
246 265 272 293 1 
500 328 521 346 1 
363 317 378 327 1 
59 309 77 326 1 
115 72 129 88 1 
197 111 220 129 1 
304 58 321 71 1 
316 5 335 13 1 
437 142 452 157 1 
500 122 519 143 1 
556 178 573 201 1 
499 220 518 236 1 
544 235 564 256 1 
383 334 399 353 1 
424 277 443 297 1 
490 261 505 273 1 
459 197 477 214 1 
442 199 458 216 1 
310 134 327 151 1 
73 90 87 105 1 
48 111 66 128 1 
335 289 350 301 1 
307 283 320 294 1 
301 249 315 260 1 
350 230 369 241 1 
342 180 349 200 1 
334 81 353 95 1 
371 85 390 97 1 
361 62 377 76 1 
348 16 361 38 1 
128 210 144 227 1 
53 347 77 362 1 
399 296 417 308 1 
537 150 553 158 1 
262 254 275 267 1 
272 260 285 272 1 
377 264 387 276 1 
488 354 499 362 1 
566 245 578 259 1 
463 117 478 132 1 
499 53 511 64 1 
247 105 257 116 1 
130 13 142 26 1 
93 337 105 348 1 
209 154 222 167 1 
348 97 358 110 1 
370 2 381 11 1 
543 71 552 80 1 
