235 267 285 316 1 
504 325 542 363 1 
240 130 272 162 1 
38 300 95 357 1 
538 148 564 173 1 
228 258 299 327 1 
48 310 97 356 1 
53 258 87 293 1 
236 126 277 165 1 
113 378 130 396 1 
127 372 141 389 1 
497 322 553 373 1 
493 226 520 256 1 
518 203 533 219 1 
477 196 491 210 1 
453 253 470 270 1 
532 142 569 178 1 
564 159 578 174 1 
496 25 511 41 1 
517 44 539 67 1 
548 11 560 26 1 
410 8 422 19 1 
442 13 461 30 1 
308 52 320 66 1 
208 38 238 66 1 
186 24 212 48 1 
121 31 136 45 1 
161 11 177 27 1 
357 187 388 219 1 
540 169 555 184 1 
463 295 484 318 1 
422 130 437 147 1 
283 102 294 114 1 
553 299 568 315 1 
560 267 577 286 1 
582 230 593 242 1 
587 239 598 252 1 
