187 150 223 186 1 
53 26 82 56 1 
151 8 177 35 1 
52 1 66 14 1 
79 1 89 9 1 
105 1 112 8 1 
53 28 75 52 1 
46 71 58 84 1 
17 97 27 105 1 
18 126 25 135 1 
17 152 30 162 1 
2 154 13 167 1 
0 202 13 212 1 
36 208 46 218 1 
31 225 43 235 1 
27 261 37 269 1 
33 273 43 283 1 
13 294 25 304 1 
0 300 9 309 1 
18 314 24 321 1 
0 354 13 363 1 
50 344 63 359 1 
80 265 95 275 1 
74 238 85 249 1 
55 150 63 159 1 
97 180 116 201 1 
119 280 127 290 1 
84 278 94 287 1 
126 226 135 235 1 
103 82 115 95 1 
89 85 98 94 1 
121 47 129 55 1 
139 63 151 74 1 
129 67 136 75 1 
123 60 132 70 1 
117 65 123 72 1 
148 96 157 105 1 
168 112 179 122 1 
171 88 180 97 1 
152 40 158 47 1 
135 5 149 22 1 
145 6 173 36 1 
191 13 200 21 1 
192 35 203 45 1 
207 103 220 117 1 
178 65 185 72 1 
204 14 211 22 1 
223 4 230 13 1 
211 20 220 32 1 
226 14 233 22 1 
212 52 219 59 1 
209 63 221 71 1 
222 118 241 138 1 
189 156 210 180 1 
226 166 240 178 1 
212 271 220 280 1 
215 278 227 287 1 
221 288 231 295 1 
270 298 279 307 1 
204 330 213 339 1 
190 323 201 333 1 
168 354 180 361 1 
215 344 223 351 1 
230 348 237 354 1 
233 350 242 358 1 
270 341 278 353 1 
247 51 253 60 1 
261 169 269 178 1 
276 153 286 162 1 
297 144 305 154 1 
245 226 251 233 1 
281 241 291 251 1 
299 235 313 250 1 
293 284 306 298 1 
313 283 323 294 1 
324 273 334 283 1 
259 72 267 79 1 
279 71 286 80 1 
293 61 300 69 1 
313 201 324 211 1 
337 227 346 237 1 
384 255 400 273 1 
314 9 332 26 1 
336 94 343 103 1 
358 96 367 106 1 
398 82 411 95 1 
322 62 330 70 1 
352 26 358 32 1 
361 0 371 10 1 
0 0 0 0 1 
387 15 398 26 1 
379 1 386 10 1 
389 0 398 7 1 
414 24 423 34 1 
337 118 348 127 1 
375 130 382 137 1 
355 141 362 149 1 
380 144 397 161 1 
336 177 345 183 1 
349 177 359 187 1 
376 182 383 191 1 
385 199 392 207 1 
420 199 431 212 1 
475 62 500 88 1 
451 103 467 120 1 
490 7 499 18 1 
509 2 529 19 1 
508 28 516 36 1 
501 37 510 46 1 
516 68 524 78 1 
508 102 517 112 1 
518 100 527 108 1 
436 320 443 329 1 
500 314 509 323 1 
477 204 487 215 1 
558 137 569 147 1 
547 121 557 130 1 
536 141 544 152 1 
527 113 533 122 1 
523 128 532 138 1 
543 232 553 242 1 
542 241 550 248 1 
520 238 531 250 1 
164 359 182 378 1 
305 373 316 384 1 
30 358 54 381 1 
83 381 96 393 1 
