315 215 388 288 1 
366 187 478 300 1 
252 133 279 160 1 
224 188 249 213 1 
312 217 389 292 1 
363 190 452 277 1 
372 209 390 226 1 
252 133 282 156 1 
383 160 404 181 1 
221 186 242 207 1 
307 305 325 326 1 
391 285 404 300 1 
400 300 420 322 1 
443 308 460 327 1 
354 349 377 362 1 
477 201 499 225 1 
468 257 485 283 1 
557 296 578 317 1 
523 237 534 256 1 
568 145 582 162 1 
488 120 504 133 1 
402 128 413 141 1 
330 80 343 95 1 
294 30 307 41 1 
200 63 217 79 1 
158 16 176 31 1 
133 82 142 92 1 
187 116 197 129 1 
84 268 96 284 1 
6 337 30 360 1 
42 343 63 362 1 
137 308 152 324 1 
37 221 49 231 1 
254 68 265 79 1 
365 88 379 100 1 
377 129 387 140 1 
305 171 319 185 1 
263 164 273 175 1 
295 142 306 152 1 
323 206 337 217 1 
344 225 354 235 1 
232 286 247 300 1 
262 264 274 276 1 
306 270 320 284 1 
253 245 264 256 1 
166 281 179 293 1 
180 264 194 275 1 
501 149 513 162 1 
561 45 569 55 1 
426 119 436 128 1 
447 165 456 174 1 
453 148 463 157 1 
189 86 207 101 1 
223 89 244 104 1 
213 102 227 115 1 
343 30 356 43 1 
378 59 390 71 1 
392 74 403 84 1 
341 184 349 196 1 
366 145 372 155 1 
425 293 437 304 1 
419 289 426 297 1 
502 338 515 351 1 
508 348 520 361 1 
522 326 532 336 1 
542 324 550 334 1 
565 220 577 233 1 
553 282 566 294 1 
45 231 54 240 1 
66 303 75 314 1 
36 334 44 342 1 
103 339 113 346 1 
102 122 116 133 1 
84 38 98 47 1 
86 30 98 39 1 
145 1 157 10 1 
77 13 86 23 1 
17 9 25 16 1 
310 104 325 118 1 
274 90 285 102 1 
353 153 367 165 1 
480 94 488 102 1 
558 126 574 140 1 
551 98 564 111 1 
383 12 392 21 1 
385 40 392 51 1 
172 171 185 183 1 
73 223 84 231 1 
71 229 79 236 1 
560 199 568 209 1 
489 277 497 286 1 
332 347 341 354 1 
296 183 305 193 1 
270 231 277 241 1 
285 237 295 246 1 
457 193 466 202 1 
504 14 517 23 1 
