557 0 593 25 1 
365 171 399 205 1 
180 0 208 17 1 
381 221 410 250 1 
367 169 404 208 1 
378 220 413 254 1 
438 249 469 281 1 
144 294 167 318 1 
99 332 126 356 1 
137 379 157 398 1 
189 364 202 376 1 
166 386 193 398 1 
197 49 216 72 1 
402 18 419 38 1 
336 44 356 62 1 
328 28 348 43 1 
315 143 337 159 1 
159 153 177 168 1 
131 140 148 158 1 
111 131 125 146 1 
11 239 32 257 1 
198 158 209 172 1 
194 185 209 198 1 
184 173 195 185 1 
348 245 363 260 1 
280 355 292 368 1 
290 293 304 308 1 
273 169 286 185 1 
258 42 272 58 1 
255 32 264 43 1 
274 79 290 94 1 
242 81 255 95 1 
15 92 29 107 1 
564 259 580 276 1 
453 56 467 69 1 
459 76 473 94 1 
504 264 518 275 1 
300 198 312 213 1 
342 98 351 109 1 
366 127 378 139 1 
354 130 364 141 1 
497 231 508 243 1 
207 211 219 224 1 
142 65 155 77 1 
295 18 312 34 1 
547 349 562 362 1 
333 314 350 329 1 
341 286 356 300 1 
328 229 339 240 1 
262 312 272 325 1 
55 323 67 335 1 
46 333 57 343 1 
26 329 36 338 1 
10 125 33 148 1 
252 265 265 277 1 
266 299 275 312 1 
272 312 284 324 1 
275 291 287 303 1 
241 207 254 218 1 
129 225 151 246 1 
106 174 126 194 1 
304 156 325 178 1 
233 158 243 169 1 
384 296 403 314 1 
447 378 466 393 1 
508 181 523 196 1 
574 138 590 153 1 
