303 216 407 320 1 
344 51 394 101 1 
212 32 238 58 1 
197 52 222 77 1 
122 141 154 173 1 
116 173 152 209 1 
152 296 193 337 1 
558 358 593 393 1 
487 130 515 159 1 
159 344 187 372 1 
183 354 212 384 1 
149 293 203 344 1 
161 343 188 374 1 
183 353 214 385 1 
48 312 62 327 1 
70 328 82 341 1 
86 347 100 364 1 
120 365 134 380 1 
17 279 33 296 1 
41 265 52 278 1 
45 237 56 249 1 
42 246 51 256 1 
50 226 66 243 1 
29 222 41 235 1 
34 214 46 227 1 
41 201 63 225 1 
62 184 78 204 1 
63 165 75 178 1 
65 150 76 162 1 
116 173 159 210 1 
114 181 125 192 1 
109 174 118 184 1 
133 211 152 231 1 
132 209 141 219 1 
123 140 160 177 1 
144 170 155 181 1 
116 113 140 138 1 
89 137 104 152 1 
112 81 134 104 1 
93 76 111 92 1 
81 69 93 81 1 
76 65 86 77 1 
98 57 113 74 1 
119 55 134 70 1 
127 51 137 60 1 
147 39 158 51 1 
139 9 154 25 1 
143 43 152 54 1 
31 0 53 11 1 
35 10 46 23 1 
178 4 198 24 1 
163 14 180 34 1 
189 37 202 53 1 
196 50 227 81 1 
211 32 243 61 1 
243 1 255 14 1 
209 38 218 48 1 
258 38 279 61 1 
277 0 298 8 1 
295 0 321 13 1 
313 7 325 20 1 
318 18 330 31 1 
317 73 331 87 1 
326 76 345 97 1 
350 100 364 114 1 
345 108 366 129 1 
336 52 401 110 1 
389 80 399 90 1 
405 74 429 100 1 
466 0 493 26 1 
455 5 467 18 1 
502 1 612 100 1 
472 34 498 60 1 
460 94 488 119 1 
485 131 518 160 1 
503 157 519 176 1 
541 126 558 144 1 
523 130 536 145 1 
517 98 532 115 1 
546 108 559 122 1 
571 69 583 81 1 
589 30 599 44 1 
541 79 553 92 1 
487 131 516 160 1 
502 121 514 135 1 
498 114 506 125 1 
462 96 486 121 1 
540 127 557 145 1 
554 138 567 152 1 
562 154 586 177 1 
504 157 521 176 1 
540 222 572 253 1 
520 248 541 268 1 
492 287 524 318 1 
532 322 555 346 1 
574 301 590 320 1 
563 297 573 308 1 
557 356 596 394 1 
536 355 547 369 1 
525 336 537 349 1 
452 351 461 361 1 
401 388 421 405 1 
353 310 373 331 1 
337 306 349 321 1 
311 278 328 296 1 
269 204 424 342 1 
409 260 422 275 1 
393 276 405 287 1 
387 216 399 229 1 
266 319 279 334 1 
283 326 295 339 1 
289 349 304 365 1 
294 387 315 406 1 
239 294 254 310 1 
249 271 263 286 1 
228 207 245 227 1 
187 175 208 201 1 
228 159 252 182 1 
233 137 252 158 1 
290 133 304 150 1 
350 153 365 171 1 
508 203 523 220 1 
523 213 535 226 1 
573 342 584 354 1 
485 235 508 258 1 
472 206 484 219 1 
453 207 466 220 1 
453 221 465 233 1 
466 246 475 256 1 
455 266 474 285 1 
425 118 441 134 1 
440 158 456 174 1 
446 169 455 179 1 
463 156 473 167 1 
417 213 439 236 1 
424 229 440 247 1 
424 253 433 263 1 
382 128 392 139 1 
365 129 379 145 1 
348 127 360 139 1 
359 172 373 186 1 
321 207 337 224 1 
316 257 333 276 1 
326 236 341 252 1 
177 113 190 129 1 
116 277 131 293 1 
102 261 114 274 1 
89 222 106 239 1 
81 234 93 248 1 
39 326 58 347 1 
69 90 81 103 1 
55 97 65 108 1 
14 22 24 34 1 
7 36 19 48 1 
2 166 12 178 1 
365 39 377 53 1 
123 228 141 247 1 
120 207 136 223 1 
111 308 126 324 1 
53 388 77 406 1 
337 260 349 273 1 
446 125 457 138 1 
411 62 422 73 1 
423 88 433 99 1 
432 87 443 100 1 
410 10 421 22 1 
430 13 443 27 1 
443 14 459 30 1 
428 32 442 47 1 
442 67 453 79 1 
489 50 501 64 1 
477 60 487 71 1 
524 11 536 24 1 
409 60 424 74 1 
436 55 446 68 1 
500 69 511 81 1 
365 198 379 211 1 
394 181 404 192 1 
335 359 353 379 1 
267 74 284 91 1 
255 87 272 105 1 
237 101 256 120 1 
206 115 231 139 1 
193 264 207 279 1 
158 271 173 287 1 
188 259 199 270 1 
233 337 245 351 1 
470 289 481 301 1 
405 130 419 143 1 
377 147 390 161 1 
483 182 496 196 1 
212 147 226 162 1 
206 154 219 169 1 
536 181 553 198 1 
518 59 529 71 1 
494 20 505 32 1 
133 89 145 101 1 
