346 12 379 45 1 
315 167 350 202 1 
308 162 358 212 1 
345 13 380 47 1 
191 50 224 80 1 
223 37 257 68 1 
208 1 232 22 1 
200 210 225 235 1 
384 253 416 276 1 
252 281 275 302 1 
269 318 285 332 1 
54 194 77 217 1 
106 60 122 79 1 
113 92 133 110 1 
220 116 244 140 1 
221 96 241 115 1 
525 27 553 50 1 
505 93 533 117 1 
382 109 403 130 1 
291 302 305 317 1 
308 329 323 345 1 
49 322 65 336 1 
81 12 100 30 1 
30 0 56 20 1 
34 127 52 140 1 
177 170 203 193 1 
182 266 198 283 1 
451 236 472 256 1 
398 3 418 24 1 
492 31 512 45 1 
552 231 568 246 1 
108 376 149 400 1 
113 355 132 372 1 
120 342 134 359 1 
369 308 383 324 1 
305 378 319 395 1 
312 389 336 400 1 
529 361 547 375 1 
246 227 266 247 1 
249 216 266 231 1 
230 265 245 280 1 
577 249 597 265 1 
478 16 491 29 1 
