259 199 291 231 1 
413 229 452 268 1 
25 58 83 116 1 
182 173 211 203 1 
253 191 293 232 1 
284 241 310 269 1 
306 240 335 279 1 
365 290 387 317 1 
380 323 398 341 1 
344 325 361 343 1 
403 336 413 354 1 
417 348 436 361 1 
499 300 512 320 1 
469 284 485 300 1 
405 230 440 260 1 
400 218 417 231 1 
451 186 472 207 1 
472 198 490 213 1 
484 278 500 289 1 
539 340 559 361 1 
560 168 578 186 1 
486 135 505 151 1 
496 125 520 143 1 
404 121 420 137 1 
434 112 452 128 1 
425 130 442 152 1 
372 158 386 176 1 
377 121 392 135 1 
304 140 321 167 1 
241 155 252 177 1 
228 132 244 145 1 
205 124 224 149 1 
192 120 207 131 1 
174 165 208 205 1 
149 226 172 248 1 
148 250 171 274 1 
92 189 107 208 1 
137 181 152 193 1 
147 190 156 201 1 
110 179 124 191 1 
104 309 117 326 1 
122 338 141 360 1 
145 298 161 312 1 
180 305 197 317 1 
160 211 180 228 1 
87 108 107 131 1 
556 314 576 330 1 
338 220 359 234 1 
300 82 320 102 1 
334 69 353 83 1 
412 23 446 51 1 
494 64 523 83 1 
316 101 336 123 1 
30 276 44 287 1 
62 255 77 269 1 
23 68 62 106 1 
79 15 106 37 1 
70 25 91 44 1 
113 29 140 48 1 
142 14 163 34 1 
89 66 129 95 1 
269 27 297 51 1 
285 1 306 16 1 
225 6 238 13 1 
177 60 197 77 1 
334 142 347 152 1 
320 149 340 161 1 
541 160 559 180 1 
517 40 537 58 1 
268 276 288 305 1 
34 157 57 174 1 
33 19 46 40 1 
42 10 57 27 1 
202 43 218 65 1 
185 12 204 32 1 
302 15 314 38 1 
383 67 399 81 1 
382 290 402 310 1 
472 234 482 246 1 
544 50 557 63 1 
68 227 81 237 1 
158 66 168 77 1 
