135 24 158 49 1 
26 156 54 184 1 
74 185 102 213 1 
71 238 95 261 1 
74 269 87 282 1 
16 286 32 300 1 
15 99 33 115 1 
164 213 181 230 1 
431 60 450 79 1 
355 13 377 35 1 
130 255 150 275 1 
145 150 165 169 1 
85 138 102 154 1 
69 90 80 103 1 
224 84 238 98 1 
262 13 282 33 1 
304 67 323 86 1 
336 181 357 201 1 
250 170 269 189 1 
208 190 222 204 1 
242 254 259 271 1 
279 267 294 282 1 
298 285 313 301 1 
307 245 326 263 1 
288 329 311 351 1 
127 293 140 306 1 
91 291 106 306 1 
102 307 116 321 1 
11 329 30 348 1 
417 16 441 40 1 
476 18 491 33 1 
481 108 496 123 1 
481 87 495 101 1 
510 113 539 142 1 
459 197 479 217 1 
428 215 446 233 1 
367 285 379 297 1 
399 324 412 337 1 
301 168 321 188 1 
340 199 356 215 1 
1 68 16 86 1 
113 273 127 287 1 
233 206 248 222 1 
250 224 266 241 1 
390 277 406 293 1 
396 196 416 216 1 
513 51 532 70 1 
518 20 532 34 1 
489 162 502 176 1 
552 234 575 256 1 
563 305 580 322 1 
478 277 491 290 1 
522 320 535 333 1 
423 311 436 325 1 
269 90 285 106 1 
324 144 338 158 1 
273 316 286 329 1 
322 315 336 329 1 
552 89 566 103 1 
567 128 579 140 1 
