93 238 209 354 1 
356 217 388 249 1 
459 146 488 174 1 
91 234 227 344 1 
407 55 429 81 1 
541 158 558 176 1 
349 153 375 176 1 
490 203 513 228 1 
311 38 333 60 1 
246 124 262 138 1 
285 81 304 101 1 
419 184 446 207 1 
334 180 360 202 1 
432 332 445 344 1 
562 171 577 187 1 
386 110 402 126 1 
343 101 361 118 1 
317 182 332 200 1 
480 262 495 277 1 
303 298 329 319 1 
534 344 552 361 1 
357 54 377 76 1 
213 168 227 182 1 
253 283 266 296 1 
448 42 463 57 1 
530 181 551 200 1 
355 307 370 321 1 
