148 147 220 220 1 
88 113 121 145 1 
442 0 475 24 1 
0 88 61 162 1 
151 156 196 205 1 
185 207 199 222 1 
211 199 221 210 1 
203 246 217 261 1 
86 114 122 146 1 
25 105 44 121 1 
37 88 49 100 1 
45 63 58 80 1 
88 58 104 73 1 
51 31 65 47 1 
71 25 81 36 1 
94 11 106 25 1 
97 0 107 9 1 
109 22 116 31 1 
117 21 128 34 1 
123 37 134 50 1 
140 50 147 60 1 
151 48 162 57 1 
224 27 236 41 1 
230 91 242 105 1 
268 111 279 121 1 
275 119 286 129 1 
268 196 287 213 1 
278 223 286 233 1 
291 224 303 236 1 
301 204 310 212 1 
5 21 16 31 1 
0 73 12 92 1 
103 218 112 228 1 
85 243 95 252 1 
214 322 226 331 1 
302 270 314 281 1 
314 283 325 295 1 
320 234 327 242 1 
284 14 293 22 1 
318 95 329 106 1 
305 104 312 113 1 
345 171 362 189 1 
393 140 405 153 1 
366 83 377 96 1 
364 37 375 50 1 
348 32 356 45 1 
385 47 397 58 1 
412 57 421 69 1 
387 179 397 192 1 
379 175 388 184 1 
380 192 390 204 1 
410 190 421 204 1 
445 165 457 178 1 
429 202 440 211 1 
403 207 416 221 1 
423 280 435 294 1 
469 250 479 262 1 
486 251 507 270 1 
494 269 506 282 1 
486 294 496 304 1 
471 306 480 316 1 
453 310 465 320 1 
430 347 441 358 1 
455 351 463 360 1 
460 342 467 349 1 
490 347 500 356 1 
535 335 547 345 1 
560 336 570 346 1 
533 356 544 365 1 
512 343 521 352 1 
465 62 474 75 1 
471 16 486 35 1 
443 2 463 22 1 
420 1 432 9 1 
399 3 408 10 1 
42 350 57 366 1 
99 320 118 335 1 
125 333 137 348 1 
455 140 465 151 1 
417 110 427 121 1 
501 106 512 119 1 
496 88 508 99 1 
484 80 495 90 1 
519 233 530 244 1 
530 117 544 129 1 
543 129 553 137 1 
564 129 578 145 1 
575 147 583 156 1 
527 64 538 75 1 
535 81 544 89 1 
535 73 545 83 1 
544 67 555 76 1 
549 22 556 32 1 
563 21 575 35 1 
577 66 586 79 1 
568 60 577 69 1 
571 83 582 95 1 
560 96 576 113 1 
520 199 533 215 1 
505 193 518 208 1 
544 195 551 202 1 
529 288 539 300 1 
561 274 570 283 1 
559 381 570 392 1 
579 359 587 370 1 
589 342 599 351 1 
421 371 436 385 1 
434 123 443 130 1 
531 145 539 155 1 
267 200 285 216 1 
525 381 534 391 1 
462 324 473 334 1 
581 175 589 185 1 
424 334 432 344 1 
219 93 228 105 1 
583 375 590 385 1 
452 235 463 246 1 
