224 245 280 301 1 
125 354 155 384 1 
9 337 45 373 1 
338 252 365 279 1 
212 244 280 304 1 
354 196 385 226 1 
387 13 404 27 1 
67 80 83 95 1 
34 49 48 66 1 
121 349 157 387 1 
8 334 51 374 1 
19 178 41 202 1 
43 143 57 157 1 
43 96 69 123 1 
142 75 166 98 1 
334 244 372 283 1 
289 246 316 274 1 
541 333 557 352 1 
410 311 424 323 1 
269 131 281 144 1 
286 163 301 175 1 
236 129 250 143 1 
196 61 211 78 1 
121 20 136 31 1 
107 32 120 44 1 
141 21 153 34 1 
296 26 310 42 1 
109 288 128 307 1 
69 166 86 186 1 
564 345 593 378 1 
67 241 85 261 1 
92 183 106 199 1 
197 142 210 154 1 
142 122 157 136 1 
284 182 300 195 1 
369 113 388 129 1 
546 217 569 237 1 
442 304 459 320 1 
456 272 474 289 1 
428 173 438 183 1 
460 135 480 151 1 
183 312 197 325 1 
161 281 171 292 1 
78 98 97 115 1 
341 43 354 57 1 
562 271 575 284 1 
580 209 595 225 1 
573 174 584 187 1 
573 154 584 166 1 
556 140 572 155 1 
486 390 500 400 1 
570 324 579 333 1 
561 309 573 322 1 
587 261 599 272 1 
518 257 531 269 1 
505 30 538 56 1 
529 57 543 72 1 
543 72 556 80 1 
564 91 581 108 1 
436 148 459 164 1 
287 133 300 143 1 
328 121 343 134 1 
411 254 420 262 1 
440 264 450 275 1 
382 256 392 266 1 
12 134 22 145 1 
551 187 560 198 1 
486 48 497 60 1 
386 175 397 187 1 
305 235 317 244 1 
355 230 365 242 1 
482 222 495 236 1 
513 163 528 178 1 
218 364 230 375 1 
139 240 148 251 1 
455 55 467 67 1 
62 355 72 366 1 
94 348 111 366 1 
77 293 88 306 1 
1 0 12 15 1 
