281 97 308 123 1 
96 354 122 379 1 
464 91 523 150 1 
7 190 34 217 1 
51 88 80 113 1 
84 52 109 76 1 
45 46 59 59 1 
41 19 55 32 1 
83 12 97 25 1 
3 120 23 143 1 
2 185 41 224 1 
16 217 29 231 1 
25 230 39 245 1 
21 272 38 289 1 
45 272 59 286 1 
81 262 93 275 1 
93 262 110 281 1 
80 229 101 250 1 
84 197 101 215 1 
108 222 128 242 1 
99 344 114 360 1 
91 354 127 389 1 
55 363 74 381 1 
45 377 58 391 1 
34 342 49 359 1 
49 344 60 356 1 
252 390 268 403 1 
273 385 284 396 1 
320 363 331 374 1 
277 270 293 287 1 
259 245 282 267 1 
259 230 273 245 1 
268 213 286 233 1 
290 221 309 241 1 
300 206 328 232 1 
297 160 315 177 1 
313 176 323 187 1 
276 90 315 129 1 
252 97 264 112 1 
286 73 298 88 1 
330 73 341 85 1 
329 97 340 108 1 
352 97 365 113 1 
382 79 407 105 1 
399 94 418 114 1 
426 61 443 81 1 
433 113 444 125 1 
460 91 470 103 1 
450 82 530 158 1 
476 104 491 119 1 
475 114 492 133 1 
507 129 522 144 1 
577 15 595 34 1 
528 41 542 57 1 
542 65 556 81 1 
551 74 571 94 1 
539 79 552 92 1 
550 104 563 116 1 
572 104 584 117 1 
576 133 590 148 1 
575 218 589 232 1 
501 220 517 237 1 
539 277 561 300 1 
406 249 442 281 1 
430 212 445 230 1 
411 213 424 227 1 
406 227 417 239 1 
356 281 374 299 1 
340 285 361 305 1 
332 297 349 313 1 
319 364 331 376 1 
272 385 284 397 1 
248 390 270 401 1 
533 0 561 13 1 
570 39 589 57 1 
584 50 594 60 1 
557 144 567 154 1 
551 310 566 325 1 
493 261 507 275 1 
496 274 509 288 1 
423 178 433 188 1 
425 195 436 206 1 
370 123 386 138 1 
369 157 382 170 1 
407 0 430 19 1 
353 221 364 233 1 
311 188 326 204 1 
279 344 291 357 1 
309 323 326 340 1 
227 315 239 329 1 
237 317 246 327 1 
93 144 106 157 1 
51 131 63 143 1 
53 290 69 307 1 
108 84 122 99 1 
130 74 154 98 1 
153 22 166 37 1 
172 63 190 82 1 
194 94 210 112 1 
201 38 212 49 1 
276 15 290 29 1 
311 9 324 23 1 
301 34 313 46 1 
318 125 328 136 1 
322 146 336 160 1 
124 45 140 60 1 
246 170 261 185 1 
269 184 282 198 1 
496 52 506 63 1 
484 57 495 68 1 
511 57 521 67 1 
540 31 551 42 1 
524 145 533 155 1 
525 153 534 162 1 
454 269 465 280 1 
435 302 445 312 1 
405 322 416 334 1 
325 246 337 258 1 
314 230 327 243 1 
258 312 275 328 1 
556 345 572 362 1 
584 344 598 359 1 
553 363 565 376 1 
565 378 581 392 1 
556 383 567 395 1 
566 163 581 180 1 
181 238 196 254 1 
