400 230 434 264 1 
114 9 143 38 1 
369 333 401 365 1 
111 8 147 43 1 
40 48 56 64 1 
162 103 180 121 1 
162 64 181 83 1 
46 106 61 121 1 
313 19 339 44 1 
303 9 320 26 1 
289 127 304 142 1 
275 153 286 164 1 
216 184 235 203 1 
119 285 140 302 1 
158 302 179 322 1 
194 256 214 276 1 
198 280 210 292 1 
162 265 178 281 1 
284 323 306 346 1 
262 313 281 332 1 
402 233 437 268 1 
412 278 442 308 1 
403 64 420 82 1 
380 145 398 163 1 
363 180 380 197 1 
344 186 358 200 1 
446 54 460 68 1 
499 285 515 300 1 
507 343 523 361 1 
454 327 472 346 1 
368 332 398 361 1 
18 146 34 162 1 
62 198 77 213 1 
121 182 135 196 1 
125 153 140 168 1 
355 308 370 322 1 
374 292 386 304 1 
341 91 361 110 1 
476 65 491 80 1 
259 334 281 354 1 
109 322 127 341 1 
131 320 148 338 1 
416 37 434 55 1 
