25 46 66 86 1 
227 8 257 38 1 
149 226 200 277 1 
353 200 385 232 1 
411 191 455 235 1 
524 343 553 372 1 
426 323 455 353 1 
21 47 64 90 1 
223 6 261 41 1 
147 228 205 280 1 
151 246 165 260 1 
404 196 461 240 1 
350 203 388 236 1 
236 241 257 264 1 
52 162 76 191 1 
109 111 134 136 1 
134 67 161 94 1 
74 71 94 89 1 
70 58 93 76 1 
105 25 122 41 1 
78 311 108 336 1 
59 317 75 330 1 
14 297 31 317 1 
21 263 37 284 1 
91 215 108 231 1 
159 176 180 198 1 
363 107 382 125 1 
424 287 440 302 1 
521 343 555 376 1 
220 328 242 347 1 
233 342 253 360 1 
449 74 472 94 1 
172 42 186 54 1 
192 34 210 51 1 
155 42 173 56 1 
146 56 163 70 1 
155 84 170 98 1 
273 79 293 97 1 
252 61 267 76 1 
205 96 221 110 1 
16 354 37 373 1 
31 156 44 170 1 
3 66 13 79 1 
12 73 27 84 1 
342 9 356 24 1 
405 1 421 15 1 
517 52 534 68 1 
526 83 543 101 1 
549 118 561 133 1 
552 224 569 245 1 
581 249 596 266 1 
456 298 480 323 1 
387 315 403 331 1 
371 308 385 323 1 
357 295 371 313 1 
306 254 324 274 1 
362 174 380 189 1 
345 33 360 49 1 
139 276 167 298 1 
456 342 467 353 1 
546 260 567 278 1 
466 157 486 173 1 
330 113 345 128 1 
315 78 334 91 1 
303 50 318 66 1 
307 35 323 51 1 
72 152 89 166 1 
346 262 363 277 1 
290 377 309 395 1 
560 165 574 184 1 
133 116 153 133 1 
96 71 113 88 1 
10 178 20 192 1 
73 8 84 19 1 
365 281 380 294 1 
323 143 336 158 1 
367 66 385 80 1 
418 166 432 180 1 
435 150 446 160 1 
516 131 529 141 1 
176 70 189 82 1 
412 322 424 338 1 
123 304 138 319 1 
108 102 122 115 1 
277 137 288 150 1 
276 118 290 132 1 
52 244 68 262 1 
130 195 146 210 1 
