349 64 399 114 1 
314 7 343 37 1 
312 54 337 80 1 
348 64 401 112 1 
312 50 338 78 1 
312 9 340 34 1 
304 5 317 20 1 
284 4 299 16 1 
255 4 268 14 1 
41 81 63 103 1 
25 97 46 117 1 
9 176 20 188 1 
272 295 293 316 1 
213 323 236 343 1 
71 310 104 340 1 
298 167 322 188 1 
150 118 159 126 1 
137 105 145 113 1 
250 59 259 71 1 
175 31 184 39 1 
148 8 154 15 1 
207 126 218 136 1 
508 146 520 162 1 
507 176 515 185 1 
411 171 421 183 1 
419 167 431 177 1 
439 148 447 159 1 
425 135 434 145 1 
291 281 309 297 1 
165 275 177 286 1 
242 188 253 198 1 
242 203 250 213 1 
253 203 267 215 1 
354 212 365 223 1 
558 237 570 251 1 
489 343 503 356 1 
334 316 347 332 1 
363 306 371 314 1 
366 328 376 339 1 
358 149 368 158 1 
163 259 171 269 1 
212 266 222 275 1 
213 276 217 284 1 
234 342 241 351 1 
