476 324 540 389 1 
356 364 461 399 1 
374 263 400 293 1 
335 300 369 336 1 
382 311 399 326 1 
364 344 381 357 1 
283 329 305 347 1 
278 306 295 323 1 
1 118 32 151 1 
519 37 536 53 1 
331 47 348 64 1 
362 23 377 38 1 
371 16 381 28 1 
368 0 381 15 1 
343 0 361 12 1 
385 1 394 13 1 
173 116 193 135 1 
138 152 163 174 1 
33 208 53 229 1 
75 214 89 230 1 
82 183 96 199 1 
174 256 190 271 1 
218 267 250 295 1 
234 254 252 270 1 
212 207 226 224 1 
224 201 238 222 1 
352 184 363 197 1 
446 198 470 218 1 
463 219 477 230 1 
466 179 479 197 1 
534 243 553 264 1 
523 146 538 160 1 
546 142 564 162 1 
466 43 478 55 1 
480 43 492 57 1 
573 292 587 309 1 
538 303 555 319 1 
578 378 593 394 1 
547 389 561 400 1 
411 242 424 258 1 
380 205 393 217 1 
378 190 386 202 1 
419 96 435 113 1 
501 74 553 117 1 
521 219 534 233 1 
582 69 594 84 1 
537 40 550 53 1 
553 62 562 74 1 
282 97 296 113 1 
207 117 222 132 1 
197 98 213 113 1 
30 348 44 363 1 
51 308 66 325 1 
2 334 13 349 1 
3 373 15 387 1 
95 362 111 379 1 
122 364 134 378 1 
145 316 158 329 1 
136 330 150 342 1 
124 323 135 335 1 
107 313 118 326 1 
325 251 339 269 1 
344 274 359 289 1 
132 211 149 222 1 
158 185 172 197 1 
444 122 459 137 1 
450 151 463 165 1 
523 117 534 129 1 
537 129 546 139 1 
25 250 37 263 1 
1 225 11 242 1 
11 202 21 213 1 
4 216 15 225 1 
140 16 150 26 1 
141 56 153 67 1 
322 23 334 38 1 
391 76 407 95 1 
482 65 493 78 1 
176 310 193 326 1 
99 260 113 275 1 
79 310 91 323 1 
18 294 41 320 1 
43 184 63 207 1 
494 224 511 243 1 
290 135 305 150 1 
396 137 407 149 1 
419 179 430 192 1 
325 121 335 137 1 
226 136 240 150 1 
245 231 263 247 1 
160 352 173 367 1 
100 137 111 150 1 
158 31 176 49 1 
350 116 360 127 1 
78 236 89 249 1 
554 226 567 238 1 
