335 344 384 392 1 
485 327 515 357 1 
552 359 579 386 1 
513 99 543 129 1 
106 59 122 74 1 
93 42 114 63 1 
40 22 57 39 1 
30 20 43 34 1 
64 33 84 53 1 
108 160 122 174 1 
121 169 138 186 1 
125 194 137 209 1 
161 72 174 84 1 
291 78 314 100 1 
448 33 470 55 1 
287 19 301 35 1 
310 13 323 26 1 
330 93 346 109 1 
354 62 372 81 1 
403 144 427 168 1 
402 164 420 182 1 
233 174 248 188 1 
287 187 303 203 1 
185 76 199 90 1 
166 262 180 277 1 
150 290 166 306 1 
244 289 257 304 1 
246 341 261 356 1 
303 47 317 61 1 
511 98 546 133 1 
485 324 521 360 1 
452 220 466 234 1 
317 297 334 315 1 
290 297 304 311 1 
377 159 389 173 1 
456 134 476 151 1 
469 224 482 237 1 
503 71 518 86 1 
521 7 541 27 1 
536 263 550 278 1 
539 151 559 172 1 
173 244 184 255 1 
107 132 123 148 1 
220 3 233 17 1 
214 105 226 117 1 
361 33 376 48 1 
370 210 385 225 1 
436 210 450 223 1 
541 332 556 348 1 
551 321 565 333 1 
546 302 557 314 1 
565 286 578 298 1 
