310 324 345 359 1 
367 200 395 229 1 
269 34 299 64 1 
0 91 25 120 1 
262 28 303 68 1 
357 190 399 232 1 
288 234 320 262 1 
174 216 197 240 1 
0 79 29 132 1 
25 129 44 148 1 
43 22 68 44 1 
297 313 353 359 1 
435 228 470 268 1 
125 213 152 234 1 
506 206 525 230 1 
481 241 506 268 1 
481 2 501 26 1 
535 105 552 128 1 
549 182 569 201 1 
404 201 425 224 1 
186 56 205 74 1 
437 334 462 356 1 
234 315 261 338 1 
90 326 115 346 1 
329 156 345 172 1 
42 261 63 278 1 
547 344 576 359 1 
475 345 504 359 1 
345 19 364 34 1 
264 155 277 168 1 
273 128 286 142 1 
301 62 316 76 1 
130 141 144 154 1 
81 173 98 188 1 
479 42 494 58 1 
477 319 491 335 1 
417 279 433 293 1 
354 336 368 353 1 
274 270 286 284 1 
218 272 231 287 1 
242 171 255 186 1 
302 112 322 134 1 
404 109 422 124 1 
449 314 458 323 1 
153 317 168 329 1 
538 309 551 323 1 
404 240 421 256 1 
