133 152 274 292 1 
532 362 561 391 1 
477 304 503 331 1 
362 101 391 131 1 
107 135 254 293 1 
257 226 278 248 1 
270 211 288 242 1 
559 248 582 287 1 
471 298 505 341 1 
5 63 268 356 1 
252 108 289 140 1 
356 98 388 132 1 
336 63 360 79 1 
453 3 473 21 1 
444 30 458 48 1 
543 97 563 121 1 
498 87 575 242 1 
463 342 484 364 1 
290 265 307 277 1 
336 190 364 210 1 
83 33 107 58 1 
306 44 323 58 1 
305 66 320 87 1 
363 19 379 36 1 
327 4 346 18 1 
330 16 350 36 1 
398 23 415 39 1 
410 25 423 45 1 
415 47 436 56 1 
463 70 478 86 1 
504 38 523 55 1 
516 12 529 25 1 
486 6 497 16 1 
518 27 530 37 1 
539 37 552 49 1 
496 64 509 80 1 
505 73 519 85 1 
442 133 459 150 1 
438 230 452 243 1 
501 238 520 255 1 
340 342 360 362 1 
237 293 250 310 1 
245 306 271 316 1 
320 220 341 241 1 
334 137 349 152 1 
367 140 384 152 1 
413 122 432 142 1 
414 158 431 170 1 
507 180 519 199 1 
541 218 558 234 1 
139 20 159 33 1 
27 3 45 10 1 
5 9 20 19 1 
462 33 477 45 1 
379 6 391 19 1 
226 10 243 27 1 
2 34 24 53 1 
73 127 84 139 1 
95 98 109 110 1 
273 180 284 190 1 
