368 305 411 348 1 
217 8 248 38 1 
480 281 510 311 1 
429 284 461 317 1 
316 293 373 350 1 
313 294 373 353 1 
364 303 415 354 1 
428 278 469 323 1 
478 279 513 316 1 
482 277 497 288 1 
219 5 252 41 1 
535 350 563 374 1 
468 178 499 202 1 
406 213 429 232 1 
559 225 581 247 1 
503 60 528 80 1 
180 299 198 319 1 
137 329 153 343 1 
51 103 69 124 1 
0 52 16 68 1 
268 178 286 194 1 
284 185 300 201 1 
213 213 228 230 1 
218 254 236 273 1 
332 258 348 276 1 
540 173 557 191 1 
563 151 582 168 1 
484 374 503 392 1 
364 184 386 204 1 
305 134 324 148 1 
298 141 315 153 1 
225 107 239 119 1 
188 30 219 57 1 
82 172 94 184 1 
228 306 242 320 1 
396 134 410 146 1 
477 208 491 221 1 
587 200 599 216 1 
583 361 600 378 1 
445 358 459 370 1 
438 379 448 390 1 
370 358 385 371 1 
281 0 317 24 1 
439 6 455 19 1 
496 93 510 108 1 
454 96 471 110 1 
523 220 537 233 1 
45 291 58 305 1 
133 350 144 364 1 
15 100 28 114 1 
294 262 307 273 1 
559 322 577 341 1 
307 345 327 363 1 
310 385 321 396 1 
200 340 215 353 1 
229 153 243 168 1 
172 197 188 212 1 
177 70 197 93 1 
572 69 583 80 1 
451 200 463 213 1 
350 267 361 281 1 
104 101 123 119 1 
402 83 416 97 1 
418 102 432 115 1 
368 126 381 139 1 
370 111 382 124 1 
272 267 286 281 1 
253 308 270 326 1 
