96 81 162 147 1 
372 198 409 235 1 
275 115 302 143 1 
567 91 598 122 1 
219 156 251 187 1 
186 178 219 210 1 
369 196 415 237 1 
562 91 598 126 1 
564 159 594 186 1 
533 352 555 374 1 
181 178 219 211 1 
209 158 252 192 1 
272 114 308 148 1 
274 110 289 122 1 
268 18 290 41 1 
309 75 326 91 1 
376 112 400 134 1 
426 202 446 223 1 
429 286 452 310 1 
20 253 41 275 1 
25 271 48 294 1 
75 281 92 295 1 
346 208 362 225 1 
224 272 241 288 1 
203 293 220 307 1 
173 309 191 328 1 
48 384 72 400 1 
296 381 310 396 1 
255 379 271 393 1 
274 277 297 300 1 
294 309 308 322 1 
247 192 265 214 1 
491 65 515 89 1 
351 148 368 167 1 
288 211 301 225 1 
270 210 282 226 1 
151 242 169 261 1 
180 235 195 250 1 
11 186 27 201 1 
53 165 70 182 1 
93 222 109 237 1 
99 310 115 325 1 
25 324 43 338 1 
42 334 58 347 1 
60 307 75 323 1 
292 1 305 18 1 
498 7 508 19 1 
192 222 206 235 1 
534 323 550 337 1 
383 21 399 35 1 
137 192 152 206 1 
92 174 110 189 1 
125 274 145 297 1 
67 144 85 164 1 
140 25 157 38 1 
397 146 415 163 1 
432 152 444 165 1 
151 337 166 351 1 
229 79 243 91 1 
406 349 421 366 1 
425 266 449 286 1 
90 120 104 133 1 
208 2 224 13 1 
111 32 124 44 1 
65 43 79 55 1 
80 336 92 348 1 
19 355 32 371 1 
471 132 483 145 1 
585 214 598 227 1 
411 220 427 234 1 
428 370 445 385 1 
297 352 323 371 1 
386 272 398 286 1 
356 237 371 253 1 
107 127 121 138 1 
546 0 563 15 1 
585 53 600 66 1 
