9 215 112 317 1 
199 271 239 311 1 
290 360 316 387 1 
38 7 47 15 1 
11 7 19 16 1 
27 17 33 25 1 
23 31 30 42 1 
16 21 26 32 1 
40 33 46 42 1 
45 27 53 36 1 
56 31 65 40 1 
52 46 62 56 1 
59 9 67 18 1 
93 26 104 36 1 
90 38 110 57 1 
140 0 157 17 1 
96 81 108 95 1 
100 95 114 105 1 
49 60 61 86 1 
32 59 43 73 1 
0 94 17 115 1 
23 104 33 114 1 
60 84 69 95 1 
41 95 54 108 1 
31 107 58 140 1 
71 102 81 117 1 
125 104 139 119 1 
77 123 106 177 1 
101 139 137 196 1 
109 193 119 212 1 
24 182 150 337 1 
7 299 23 315 1 
24 320 38 334 1 
58 345 70 357 1 
101 337 113 351 1 
138 304 151 319 1 
148 314 164 331 1 
131 287 140 295 1 
142 278 151 288 1 
166 253 180 267 1 
201 272 238 313 1 
189 316 201 327 1 
188 345 199 356 1 
174 332 186 344 1 
259 260 280 283 1 
262 253 272 264 1 
278 318 284 327 1 
286 350 295 359 1 
295 355 305 362 1 
236 341 245 351 1 
212 308 239 356 1 
312 188 323 198 1 
316 196 337 222 1 
323 244 329 252 1 
307 225 321 234 1 
375 274 384 283 1 
359 16 368 27 1 
320 0 331 7 1 
130 2 368 259 1 
476 106 488 116 1 
565 95 574 107 1 
569 185 578 193 1 
409 204 419 213 1 
413 187 421 196 1 
381 198 389 206 1 
348 245 356 253 1 
333 245 339 252 1 
289 273 296 281 1 
578 301 589 312 1 
539 271 554 284 1 
496 356 507 368 1 
24 362 35 373 1 
43 365 54 377 1 
101 368 120 387 1 
529 47 539 58 1 
579 26 591 39 1 
