243 340 288 384 1 
353 316 409 373 1 
207 116 356 266 1 
380 142 411 173 1 
352 121 370 139 1 
379 141 415 176 1 
347 38 371 61 1 
529 169 553 196 1 
107 1 129 20 1 
29 40 43 53 1 
92 122 107 137 1 
195 18 210 33 1 
222 56 242 76 1 
234 67 250 85 1 
275 30 291 48 1 
181 220 203 242 1 
26 238 50 262 1 
356 268 377 288 1 
444 253 470 280 1 
480 251 496 269 1 
499 223 519 243 1 
317 218 335 236 1 
331 149 344 162 1 
377 96 398 117 1 
406 115 423 132 1 
517 16 539 40 1 
411 184 429 203 1 
81 254 100 273 1 
41 313 60 332 1 
166 272 182 288 1 
233 251 250 267 1 
238 211 266 239 1 
384 56 398 71 1 
427 30 444 47 1 
477 144 493 160 1 
254 268 269 283 1 
215 13 238 35 1 
307 261 320 274 1 
345 298 365 319 1 
557 266 572 281 1 
356 167 369 180 1 
488 78 499 91 1 
494 117 509 131 1 
145 300 159 314 1 
186 134 207 155 1 
261 285 275 299 1 
397 228 412 242 1 
409 227 427 246 1 
408 347 421 360 1 
212 319 227 333 1 
370 70 389 88 1 
