534 270 569 304 1 
128 356 161 388 1 
14 287 43 315 1 
3 29 15 41 1 
10 60 17 67 1 
0 83 8 92 1 
0 0 0 0 1 
0 93 8 99 1 
16 117 27 129 1 
1 153 12 164 1 
0 138 5 146 1 
36 193 47 203 1 
13 237 26 253 1 
18 291 32 307 1 
38 313 47 321 1 
49 298 57 307 1 
73 274 84 285 1 
64 115 76 125 1 
88 91 94 98 1 
100 79 113 93 1 
76 10 84 21 1 
86 8 98 20 1 
107 44 114 53 1 
90 58 97 64 1 
112 59 121 69 1 
134 85 142 95 1 
154 112 162 122 1 
81 147 91 157 1 
94 138 102 147 1 
112 149 121 158 1 
115 189 125 199 1 
73 188 80 196 1 
80 181 89 190 1 
65 204 73 214 1 
81 240 88 247 1 
110 245 118 255 1 
118 228 129 241 1 
118 214 126 221 1 
109 210 117 219 1 
148 268 161 280 1 
148 343 156 352 1 
205 108 228 128 1 
168 0 182 13 1 
231 13 248 29 1 
158 52 167 62 1 
235 195 247 206 1 
256 199 265 206 1 
285 192 301 206 1 
312 188 323 199 1 
330 251 341 262 1 
285 281 293 289 1 
300 306 308 315 1 
315 333 324 343 1 
342 348 357 363 1 
421 353 434 365 1 
378 291 388 301 1 
394 257 406 271 1 
415 257 423 268 1 
436 285 446 297 1 
479 312 491 326 1 
293 103 304 114 1 
296 91 305 99 1 
339 89 345 97 1 
341 53 351 64 1 
358 101 372 114 1 
368 0 384 11 1 
399 2 407 11 1 
381 24 390 34 1 
414 48 423 58 1 
427 63 437 75 1 
473 6 489 25 1 
483 1 499 12 1 
534 1 540 11 1 
547 0 559 6 1 
544 8 553 18 1 
569 13 578 22 1 
575 1 582 10 1 
577 31 584 43 1 
567 31 575 41 1 
557 16 565 32 1 
565 40 574 53 1 
548 54 557 67 1 
557 52 569 59 1 
500 61 512 73 1 
430 120 438 130 1 
494 80 508 91 1 
530 67 542 80 1 
532 52 540 61 1 
558 67 565 75 1 
574 71 582 82 1 
547 123 558 134 1 
538 138 544 145 1 
564 146 576 158 1 
540 154 547 163 1 
512 146 524 155 1 
471 167 481 177 1 
557 211 565 218 1 
558 218 566 228 1 
574 201 582 208 1 
576 215 583 224 1 
510 206 518 213 1 
502 244 513 254 1 
532 255 537 262 1 
545 258 554 266 1 
575 286 583 296 1 
532 273 559 300 1 
540 341 549 348 1 
548 347 554 355 1 
567 322 577 330 1 
578 343 586 352 1 
481 217 489 223 1 
408 238 415 245 1 
403 247 408 254 1 
362 254 368 262 1 
409 209 418 217 1 
422 33 429 40 1 
427 43 434 50 1 
421 352 438 369 1 
126 360 150 381 1 
218 394 228 400 1 
236 375 242 383 1 
227 364 234 371 1 
208 354 217 363 1 
211 372 218 381 1 
462 376 470 386 1 
455 386 461 396 1 
437 383 446 392 1 
