550 42 578 70 1 
286 350 324 389 1 
283 118 343 178 1 
276 252 346 322 1 
379 310 412 343 1 
511 324 557 369 1 
481 368 511 398 1 
10 38 67 94 1 
124 1 223 26 1 
5 44 51 84 1 
27 90 47 113 1 
89 280 112 302 1 
113 295 127 311 1 
57 314 82 337 1 
130 246 147 262 1 
74 162 86 177 1 
32 183 44 195 1 
7 215 21 234 1 
226 138 242 154 1 
198 147 213 160 1 
202 162 216 175 1 
210 145 225 167 1 
154 118 166 135 1 
168 155 181 172 1 
399 192 410 204 1 
442 221 460 240 1 
467 211 489 233 1 
377 306 414 344 1 
400 283 413 299 1 
548 262 575 287 1 
548 243 562 258 1 
509 324 557 363 1 
555 322 566 337 1 
481 276 494 290 1 
285 260 339 312 1 
419 250 472 295 1 
285 121 336 169 1 
236 334 260 356 1 
287 349 323 361 1 
530 112 552 132 1 
550 40 578 74 1 
513 0 536 23 1 
380 46 394 62 1 
320 52 342 70 1 
347 68 365 83 1 
397 70 411 83 1 
408 125 419 138 1 
234 229 247 242 1 
245 213 260 224 1 
266 219 288 234 1 
225 279 250 309 1 
174 256 187 267 1 
246 228 267 249 1 
266 199 276 213 1 
307 90 329 106 1 
355 299 367 313 1 
313 279 327 294 1 
320 299 333 313 1 
271 325 283 333 1 
452 78 462 89 1 
477 171 485 180 1 
495 164 505 176 1 
509 165 517 171 1 
528 177 541 186 1 
550 171 555 180 1 
562 168 568 176 1 
281 32 291 45 1 
136 280 149 292 1 
154 292 162 301 1 
164 281 172 292 1 
193 283 205 293 1 
193 273 201 281 1 
178 266 189 277 1 
196 314 202 324 1 
347 216 357 226 1 
337 222 346 232 1 
372 159 379 168 1 
383 163 391 174 1 
474 27 484 37 1 
356 144 371 158 1 
345 113 356 126 1 
437 337 450 353 1 
476 298 489 313 1 
564 213 578 226 1 
106 155 119 172 1 
19 22 32 36 1 
