106 76 150 120 1 
188 95 273 180 1 
457 204 581 328 1 
58 154 201 297 1 
211 21 255 65 1 
147 252 175 279 1 
55 304 272 399 1 
306 273 441 399 1 
430 293 452 316 1 
455 389 476 402 1 
482 294 506 319 1 
478 368 492 381 1 
487 222 508 244 1 
493 184 511 201 1 
582 285 599 306 1 
564 162 579 177 1 
536 78 558 100 1 
554 52 573 72 1 
545 35 558 49 1 
561 9 573 21 1 
550 3 562 15 1 
512 46 524 58 1 
484 25 496 39 1 
477 47 490 60 1 
454 17 469 31 1 
458 37 468 47 1 
448 99 467 118 1 
404 133 425 154 1 
412 108 428 124 1 
400 89 416 106 1 
387 101 399 113 1 
366 116 384 135 1 
365 74 391 104 1 
373 3 400 29 1 
241 0 292 15 1 
235 13 248 28 1 
214 9 231 27 1 
217 20 257 57 1 
216 45 241 71 1 
209 40 224 56 1 
177 1 192 17 1 
165 16 182 31 1 
154 67 176 90 1 
122 54 145 76 1 
105 72 155 123 1 
124 128 137 141 1 
121 141 138 157 1 
180 87 285 191 1 
226 222 243 240 1 
215 250 236 270 1 
191 248 214 270 1 
191 264 213 287 1 
149 252 178 283 1 
138 280 165 306 1 
107 284 129 305 1 
68 290 88 311 1 
64 312 78 328 1 
28 327 46 347 1 
45 296 59 311 1 
37 303 48 315 1 
30 274 50 294 1 
52 242 68 261 1 
1 214 42 262 1 
4 252 18 266 1 
1 224 10 247 1 
62 224 83 246 1 
100 189 117 207 1 
104 166 129 194 1 
95 153 116 174 1 
119 140 136 158 1 
52 108 86 145 1 
125 127 137 140 1 
99 71 158 127 1 
122 52 146 78 1 
151 66 177 93 1 
175 79 189 94 1 
94 30 110 46 1 
43 14 59 30 1 
58 12 74 27 1 
3 1 23 21 1 
0 26 12 49 1 
482 108 523 145 1 
491 157 505 172 1 
470 162 483 176 1 
444 182 504 246 1 
472 239 483 252 1 
449 233 463 246 1 
412 188 423 200 1 
412 197 423 207 1 
413 74 431 92 1 
325 60 337 72 1 
332 69 347 84 1 
324 89 340 105 1 
303 93 321 113 1 
267 108 283 124 1 
253 124 266 136 1 
148 175 177 206 1 
144 235 165 257 1 
163 235 183 255 1 
20 46 38 66 1 
79 83 106 111 1 
79 238 124 285 1 
244 63 266 87 1 
262 62 283 88 1 
302 1 318 12 1 
20 45 39 64 1 
279 253 297 272 1 
266 361 286 381 1 
278 347 289 359 1 
547 328 561 342 1 
565 345 575 357 1 
213 354 226 369 1 
150 216 172 240 1 
206 333 222 350 1 
1 348 19 368 1 
26 346 44 363 1 
5 72 48 119 1 
306 16 333 43 1 
586 66 601 98 1 
580 56 597 74 1 
468 247 509 288 1 
498 245 510 258 1 
501 255 513 268 1 
316 211 332 227 1 
333 224 345 236 1 
175 145 189 160 1 
177 129 194 148 1 
172 130 183 142 1 
435 9 451 26 1 
439 1 454 13 1 
475 94 485 104 1 
517 58 532 74 1 
565 203 579 218 1 
426 64 436 74 1 
341 148 355 163 1 
316 230 332 246 1 
303 321 316 335 1 
55 62 68 76 1 
20 136 34 151 1 
17 208 30 223 1 
25 239 37 251 1 
452 360 466 374 1 
437 363 449 376 1 
180 222 190 233 1 
93 12 105 25 1 
