45 288 81 325 1 
484 149 534 199 1 
345 205 415 274 1 
311 117 397 203 1 
196 136 257 197 1 
528 105 569 146 1 
543 53 586 96 1 
287 225 315 252 1 
333 319 367 354 1 
29 60 52 83 1 
36 22 47 33 1 
44 139 62 157 1 
38 122 50 135 1 
35 190 56 211 1 
53 211 70 228 1 
60 225 77 242 1 
43 229 61 247 1 
16 216 33 233 1 
35 271 50 286 1 
44 285 93 332 1 
66 278 86 297 1 
36 305 54 325 1 
28 367 42 382 1 
38 358 48 369 1 
7 377 19 389 1 
159 363 190 392 1 
122 249 141 270 1 
107 213 128 235 1 
131 200 158 228 1 
97 136 113 153 1 
93 119 106 134 1 
126 73 151 98 1 
107 60 123 75 1 
115 35 130 50 1 
133 20 145 33 1 
144 33 158 49 1 
155 34 170 51 1 
169 39 184 56 1 
169 73 182 86 1 
174 83 186 97 1 
222 54 236 69 1 
221 84 236 99 1 
220 123 235 140 1 
239 131 251 146 1 
190 120 279 206 1 
258 108 285 137 1 
209 187 262 237 1 
283 221 318 253 1 
270 241 282 255 1 
263 254 275 266 1 
252 267 264 280 1 
204 276 220 293 1 
181 269 200 290 1 
197 284 207 297 1 
162 366 188 391 1 
233 332 257 356 1 
273 345 345 404 1 
321 336 335 352 1 
324 313 371 358 1 
360 351 392 384 1 
354 363 368 379 1 
419 386 434 401 1 
453 374 492 408 1 
490 371 520 407 1 
499 302 523 328 1 
458 269 510 323 1 
469 235 491 259 1 
488 145 544 204 1 
490 149 504 165 1 
529 182 542 195 1 
519 120 540 142 1 
557 138 570 152 1 
526 98 584 156 1 
544 53 595 106 1 
582 66 596 81 1 
589 44 599 58 1 
545 19 559 31 1 
546 4 557 17 1 
507 12 539 41 1 
515 33 547 59 1 
477 46 490 61 1 
441 77 459 95 1 
422 7 452 35 1 
393 5 416 27 1 
319 15 343 40 1 
359 75 371 89 1 
304 101 426 215 1 
336 206 432 290 1 
271 143 286 157 1 
289 137 299 149 1 
393 87 413 106 1 
430 130 447 150 1 
393 180 423 209 1 
397 217 416 235 1 
136 8 160 32 1 
156 15 168 28 1 
105 0 142 21 1 
77 9 88 22 1 
53 14 65 25 1 
0 203 16 227 1 
109 198 121 210 1 
203 80 224 103 1 
250 67 274 91 1 
252 88 276 108 1 
243 36 269 61 1 
242 52 262 73 1 
261 8 289 36 1 
288 5 341 63 1 
271 71 282 83 1 
274 78 284 89 1 
291 69 303 83 1 
300 62 316 80 1 
287 57 300 71 1 
216 307 248 341 1 
192 318 205 330 1 
302 259 314 273 1 
316 278 330 293 1 
320 289 333 303 1 
338 281 351 294 1 
365 288 378 302 1 
446 157 459 171 1 
432 115 444 128 1 
502 74 513 87 1 
570 200 597 231 1 
580 253 597 274 1 
522 346 537 362 1 
518 327 531 341 1 
256 153 268 166 1 
156 15 168 29 1 
133 3 164 38 1 
493 108 511 128 1 
482 90 508 115 1 
466 121 501 156 1 
476 149 490 164 1 
463 89 482 108 1 
411 276 423 289 1 
454 44 472 64 1 
485 22 498 36 1 
317 236 329 249 1 
316 311 328 325 1 
248 285 262 301 1 
292 3 303 15 1 
192 1 203 10 1 
199 6 209 19 1 
144 161 157 174 1 
161 163 173 176 1 
105 179 119 193 1 
7 265 18 277 1 
20 45 31 57 1 
8 322 18 332 1 
8 265 17 276 1 
129 230 141 244 1 
351 52 363 63 1 
329 109 342 123 1 
487 59 506 78 1 
561 25 578 44 1 
349 23 361 36 1 
176 62 187 74 1 
184 59 193 69 1 
70 135 86 153 1 
68 119 83 134 1 
69 93 80 104 1 
67 55 78 66 1 
146 211 157 223 1 
179 171 214 207 1 
172 183 182 196 1 
177 294 187 304 1 
